# generation power_min power_avg power_max util_min util_avg util_max
1 37.310177 38.066491 39.165060 0.668912 0.689553 0.706817
10 37.310177 37.963982 38.550742 0.675749 0.691653 0.706817
20 37.104438 37.855991 38.401199 0.678717 0.693727 0.706817
30 37.104438 37.785296 38.234614 0.682160 0.695186 0.706817
40 36.902272 37.705458 38.155919 0.683307 0.696815 0.709971
50 36.902272 37.629394 38.052177 0.685099 0.698578 0.712810
60 36.902272 37.557420 37.950886 0.688190 0.699884 0.712810
70 36.902272 37.486441 37.897463 0.688190 0.701191 0.712810
80 36.902272 37.424594 37.775121 0.690735 0.702435 0.716137
90 36.888284 37.363817 37.720395 0.692733 0.703432 0.716137
100 36.714815 37.295983 37.646670 0.693023 0.704827 0.721672
110 36.714815 37.230168 37.566738 0.696780 0.706057 0.721672
120 36.714815 37.169403 37.510125 0.697396 0.706811 0.721672
130 36.714815 37.107753 37.454960 0.700399 0.707818 0.721672
140 36.684017 37.050239 37.372597 0.700399 0.708567 0.721672
150 36.620583 36.999427 37.308780 0.700636 0.709450 0.721672
160 36.511129 36.939338 37.256836 0.703404 0.710608 0.721672
170 36.511129 36.881684 37.153447 0.703404 0.711737 0.724459
180 36.363331 36.832953 37.113396 0.703404 0.712472 0.725027
190 36.363331 36.783132 37.044372 0.706752 0.713386 0.725027
200 36.251843 36.733954 36.980310 0.706752 0.714145 0.725027
210 36.169620 36.682650 36.920758 0.706752 0.715402 0.728368
220 36.169620 36.641994 36.902272 0.707168 0.716620 0.728368
230 36.169620 36.595895 36.850696 0.707168 0.717911 0.731510
240 36.034215 36.550007 36.795917 0.709344 0.719216 0.731510
250 36.034215 36.508128 36.732108 0.711318 0.720347 0.731510
260 36.034215 36.464739 36.698515 0.712181 0.721311 0.731510
270 36.034215 36.420836 36.661547 0.712465 0.722387 0.731510
280 36.034215 36.381419 36.618020 0.714704 0.723226 0.731510
290 36.034215 36.351293 36.590617 0.715283 0.723799 0.732279
300 36.034215 36.322203 36.493297 0.715538 0.724523 0.732279
310 36.034215 36.291302 36.472957 0.716128 0.725412 0.733401
320 36.034215 36.261527 36.442295 0.716128 0.726284 0.733401
330 35.966685 36.233292 36.407008 0.719527 0.727240 0.736228
340 35.966685 36.210478 36.355766 0.721878 0.727925 0.736228
350 35.966685 36.179499 36.337398 0.722748 0.728815 0.736228
360 35.809450 36.146785 36.300506 0.722748 0.729715 0.738524
370 35.809450 36.121728 36.272649 0.724910 0.730222 0.738524
380 35.766339 36.092502 36.251843 0.724910 0.730980 0.739713
390 35.766339 36.062237 36.206177 0.727257 0.731682 0.739713
400 35.766339 36.037832 36.175759 0.727257 0.732264 0.743078
410 35.766339 36.016402 36.169620 0.727313 0.732967 0.743078
420 35.735774 35.988789 36.131223 0.727968 0.733762 0.743078
430 35.727969 35.967785 36.094986 0.728136 0.734400 0.744267
440 35.727969 35.946561 36.080183 0.729408 0.735045 0.744267
450 35.679796 35.920257 36.062743 0.729408 0.735823 0.744267
460 35.679796 35.897564 36.034215 0.729408 0.736465 0.744267
470 35.636797 35.871997 36.004100 0.730991 0.737146 0.745517
480 35.636797 35.849559 35.970096 0.730991 0.737736 0.745517
490 35.636797 35.825668 35.966685 0.731232 0.738143 0.745517
500 35.636797 35.800892 35.961073 0.731232 0.738622 0.745517
510 35.636797 35.776125 35.953125 0.733828 0.739142 0.745517
520 35.625205 35.753398 35.894013 0.733828 0.739601 0.745517
530 35.572677 35.731861 35.856598 0.735704 0.740223 0.745517
540 35.572677 35.714866 35.809450 0.738090 0.740647 0.745517
550 35.550252 35.700670 35.771080 0.739263 0.740847 0.746078
560 35.486134 35.687012 35.735774 0.739263 0.741053 0.747660
570 35.486134 35.672711 35.735774 0.739263 0.741509 0.747660
580 35.477946 35.658889 35.735774 0.739263 0.741924 0.747660
590 35.477946 35.641964 35.735774 0.739263 0.742401 0.747660
600 35.477946 35.625651 35.727587 0.739263 0.742855 0.747660
610 35.477946 35.609423 35.692664 0.739302 0.743309 0.747660
620 35.477946 35.595833 35.689463 0.739302 0.743739 0.747660
630 35.477946 35.581294 35.663851 0.740866 0.744184 0.747660
640 35.477946 35.565680 35.653202 0.740866 0.744688 0.747660
650 35.477946 35.554086 35.615788 0.742760 0.745056 0.747660
660 35.477946 35.542881 35.615788 0.742760 0.745491 0.747660
670 35.477946 35.532202 35.572677 0.743578 0.745833 0.747660
680 35.477946 35.524563 35.572677 0.743578 0.746129 0.747660
690 35.477946 35.516141 35.572677 0.743578 0.746466 0.747660
700 35.477946 35.507404 35.564489 0.743578 0.746833 0.747660
710 35.477946 35.499565 35.550252 0.746078 0.747116 0.747660
720 35.477946 35.492416 35.550252 0.746078 0.747241 0.747660
730 35.477946 35.485186 35.550252 0.746078 0.747362 0.747660
740 35.477946 35.480730 35.486134 0.747290 0.747416 0.747660
750 35.477946 35.479911 35.486134 0.747290 0.747379 0.747660
760 35.477946 35.479093 35.486134 0.747290 0.747341 0.747660
770 35.477946 35.478274 35.486134 0.747290 0.747304 0.747660
780 35.477946 35.477946 35.477946 0.747290 0.747290 0.747290
790 35.477946 35.477946 35.477946 0.747290 0.747290 0.747290
800 35.477946 35.477946 35.477946 0.747290 0.747290 0.747290
810 35.477946 35.477946 35.477946 0.747290 0.747290 0.747290
820 35.477946 35.477946 35.477946 0.747290 0.747290 0.747290
830 35.477946 35.477946 35.477946 0.747290 0.747290 0.747290
840 35.477946 35.477946 35.477946 0.747290 0.747290 0.747290
850 35.477946 35.477946 35.477946 0.747290 0.747290 0.747290
860 35.477946 35.477946 35.477946 0.747290 0.747290 0.747290
870 35.477946 35.477946 35.477946 0.747290 0.747290 0.747290
880 35.477946 35.477946 35.477946 0.747290 0.747290 0.747290
890 35.477946 35.477946 35.477946 0.747290 0.747290 0.747290
900 35.477946 35.477946 35.477946 0.747290 0.747290 0.747290
910 35.477946 35.477946 35.477946 0.747290 0.747290 0.747290
920 35.477946 35.477946 35.477946 0.747290 0.747290 0.747290
930 35.477946 35.477946 35.477946 0.747290 0.747290 0.747290
940 35.477946 35.477946 35.477946 0.747290 0.747290 0.747290
950 35.477946 35.477946 35.477946 0.747290 0.747290 0.747290
960 35.477946 35.477946 35.477946 0.747290 0.747290 0.747290
970 35.477946 35.477946 35.477946 0.747290 0.747290 0.747290
980 35.477946 35.477946 35.477946 0.747290 0.747290 0.747290
990 35.477946 35.477946 35.477946 0.747290 0.747290 0.747290
1000 35.477946 35.477946 35.477946 0.747290 0.747290 0.747290
1010 35.477946 35.477946 35.477946 0.747290 0.747290 0.747290
1020 35.477946 35.477946 35.477946 0.747290 0.747290 0.747290
1030 35.477946 35.477946 35.477946 0.747290 0.747290 0.747290
1040 35.477946 35.477946 35.477946 0.747290 0.747290 0.747290
1050 35.477946 35.477946 35.477946 0.747290 0.747290 0.747290
1060 35.477946 35.477946 35.477946 0.747290 0.747290 0.747290
1070 35.477946 35.477946 35.477946 0.747290 0.747290 0.747290
1080 35.477946 35.477946 35.477946 0.747290 0.747290 0.747290
1090 35.477946 35.477946 35.477946 0.747290 0.747290 0.747290
1100 35.477946 35.477946 35.477946 0.747290 0.747290 0.747290
1110 35.477946 35.477946 35.477946 0.747290 0.747290 0.747290
1120 35.477946 35.477946 35.477946 0.747290 0.747290 0.747290
1130 35.477946 35.477946 35.477946 0.747290 0.747290 0.747290
1140 35.477946 35.477946 35.477946 0.747290 0.747290 0.747290
1150 35.477946 35.477946 35.477946 0.747290 0.747290 0.747290
1160 35.477946 35.477946 35.477946 0.747290 0.747290 0.747290
1170 35.477946 35.477946 35.477946 0.747290 0.747290 0.747290
1180 35.477946 35.477946 35.477946 0.747290 0.747290 0.747290
1190 35.477946 35.477946 35.477946 0.747290 0.747290 0.747290
1200 35.477946 35.477946 35.477946 0.747290 0.747290 0.747290
1210 35.477946 35.477946 35.477946 0.747290 0.747290 0.747290
1220 35.477946 35.477946 35.477946 0.747290 0.747290 0.747290
1230 35.477946 35.477946 35.477946 0.747290 0.747290 0.747290
1240 35.477946 35.477946 35.477946 0.747290 0.747290 0.747290
1250 35.477946 35.477946 35.477946 0.747290 0.747290 0.747290
1260 35.477946 35.477946 35.477946 0.747290 0.747290 0.747290
1270 35.477946 35.477946 35.477946 0.747290 0.747290 0.747290
1280 35.477946 35.477946 35.477946 0.747290 0.747290 0.747290
1290 35.477946 35.477946 35.477946 0.747290 0.747290 0.747290
1300 35.477946 35.477946 35.477946 0.747290 0.747290 0.747290
1310 35.477946 35.477946 35.477946 0.747290 0.747290 0.747290
1320 35.477946 35.477946 35.477946 0.747290 0.747290 0.747290
1330 35.477946 35.477946 35.477946 0.747290 0.747290 0.747290
1340 35.477946 35.477946 35.477946 0.747290 0.747290 0.747290
1350 35.477946 35.477946 35.477946 0.747290 0.747290 0.747290
1360 35.477946 35.477946 35.477946 0.747290 0.747290 0.747290
1370 35.477946 35.477946 35.477946 0.747290 0.747290 0.747290
1380 35.477946 35.477946 35.477946 0.747290 0.747290 0.747290
1390 35.477946 35.477946 35.477946 0.747290 0.747290 0.747290
1400 35.477946 35.477946 35.477946 0.747290 0.747290 0.747290
1410 35.477946 35.477946 35.477946 0.747290 0.747290 0.747290
1420 35.477946 35.477946 35.477946 0.747290 0.747290 0.747290
1430 35.477946 35.477946 35.477946 0.747290 0.747290 0.747290
1440 35.477946 35.477946 35.477946 0.747290 0.747290 0.747290
1450 35.477946 35.477946 35.477946 0.747290 0.747290 0.747290
1460 35.477946 35.477946 35.477946 0.747290 0.747290 0.747290
1470 35.477946 35.477946 35.477946 0.747290 0.747290 0.747290
1480 35.477946 35.477946 35.477946 0.747290 0.747290 0.747290
1490 35.477946 35.477946 35.477946 0.747290 0.747290 0.747290
1500 35.477946 35.477946 35.477946 0.747290 0.747290 0.747290
1510 35.477946 35.477946 35.477946 0.747290 0.747290 0.747290
1520 35.477946 35.477946 35.477946 0.747290 0.747290 0.747290
1530 35.477946 35.477946 35.477946 0.747290 0.747290 0.747290
1540 35.477946 35.477946 35.477946 0.747290 0.747290 0.747290
1550 35.477946 35.477946 35.477946 0.747290 0.747290 0.747290
1560 35.477946 35.477946 35.477946 0.747290 0.747290 0.747290
1570 35.477946 35.477946 35.477946 0.747290 0.747290 0.747290
1580 35.477946 35.477946 35.477946 0.747290 0.747290 0.747290
1590 35.477946 35.477946 35.477946 0.747290 0.747290 0.747290
1600 35.477946 35.477946 35.477946 0.747290 0.747290 0.747290
1610 35.477946 35.477946 35.477946 0.747290 0.747290 0.747290
1620 35.477946 35.477946 35.477946 0.747290 0.747290 0.747290
1630 35.477946 35.477946 35.477946 0.747290 0.747290 0.747290
1640 35.477946 35.477946 35.477946 0.747290 0.747290 0.747290
1650 35.477946 35.477946 35.477946 0.747290 0.747290 0.747290
1660 35.477946 35.477946 35.477946 0.747290 0.747290 0.747290
1670 35.477946 35.477946 35.477946 0.747290 0.747290 0.747290
1680 35.477946 35.477946 35.477946 0.747290 0.747290 0.747290
1690 35.477946 35.477946 35.477946 0.747290 0.747290 0.747290
1700 35.477946 35.477946 35.477946 0.747290 0.747290 0.747290
1710 35.477946 35.477946 35.477946 0.747290 0.747290 0.747290
1720 35.477946 35.477946 35.477946 0.747290 0.747290 0.747290
1730 35.477946 35.477946 35.477946 0.747290 0.747290 0.747290
1740 35.477946 35.477946 35.477946 0.747290 0.747290 0.747290
1750 35.477946 35.477946 35.477946 0.747290 0.747290 0.747290
1760 35.477946 35.477946 35.477946 0.747290 0.747290 0.747290
1770 35.477946 35.477946 35.477946 0.747290 0.747290 0.747290
1780 35.477946 35.477946 35.477946 0.747290 0.747290 0.747290
1790 35.477946 35.477946 35.477946 0.747290 0.747290 0.747290
1800 35.477946 35.477946 35.477946 0.747290 0.747290 0.747290
1810 35.477946 35.477946 35.477946 0.747290 0.747290 0.747290
1820 35.477946 35.477946 35.477946 0.747290 0.747290 0.747290
1830 35.477946 35.477946 35.477946 0.747290 0.747290 0.747290
1840 35.477946 35.477946 35.477946 0.747290 0.747290 0.747290
1850 35.477946 35.477946 35.477946 0.747290 0.747290 0.747290
1860 35.477946 35.477946 35.477946 0.747290 0.747290 0.747290
1870 35.477946 35.477946 35.477946 0.747290 0.747290 0.747290
1880 35.477946 35.477946 35.477946 0.747290 0.747290 0.747290
1890 35.477946 35.477946 35.477946 0.747290 0.747290 0.747290
1900 35.477946 35.477946 35.477946 0.747290 0.747290 0.747290
1910 35.477946 35.477946 35.477946 0.747290 0.747290 0.747290
1920 35.477946 35.477946 35.477946 0.747290 0.747290 0.747290
1930 35.477946 35.477946 35.477946 0.747290 0.747290 0.747290
1940 35.477946 35.477946 35.477946 0.747290 0.747290 0.747290
1950 35.477946 35.477946 35.477946 0.747290 0.747290 0.747290
1960 35.477946 35.477946 35.477946 0.747290 0.747290 0.747290
1970 35.477946 35.477946 35.477946 0.747290 0.747290 0.747290
1980 35.477946 35.477946 35.477946 0.747290 0.747290 0.747290
1990 35.477946 35.477946 35.477946 0.747290 0.747290 0.747290
2000 35.477946 35.477946 35.477946 0.747290 0.747290 0.747290
2010 35.477946 35.477946 35.477946 0.747290 0.747290 0.747290
2020 35.477946 35.477946 35.477946 0.747290 0.747290 0.747290
2030 35.477946 35.477946 35.477946 0.747290 0.747290 0.747290
2040 35.477946 35.477946 35.477946 0.747290 0.747290 0.747290
2050 35.477946 35.477946 35.477946 0.747290 0.747290 0.747290
2060 35.477946 35.477946 35.477946 0.747290 0.747290 0.747290
2070 35.477946 35.477946 35.477946 0.747290 0.747290 0.747290
2080 35.477946 35.477946 35.477946 0.747290 0.747290 0.747290
2090 35.477946 35.477946 35.477946 0.747290 0.747290 0.747290
2100 35.477946 35.477946 35.477946 0.747290 0.747290 0.747290
2110 35.477946 35.477946 35.477946 0.747290 0.747290 0.747290
2120 35.477946 35.477946 35.477946 0.747290 0.747290 0.747290
2130 35.477946 35.477946 35.477946 0.747290 0.747290 0.747290
2140 35.477946 35.477946 35.477946 0.747290 0.747290 0.747290
2150 35.477946 35.477946 35.477946 0.747290 0.747290 0.747290
2160 35.477946 35.477946 35.477946 0.747290 0.747290 0.747290
2170 35.477946 35.477946 35.477946 0.747290 0.747290 0.747290
2180 35.477946 35.477946 35.477946 0.747290 0.747290 0.747290
2190 35.477946 35.477946 35.477946 0.747290 0.747290 0.747290
2200 35.477946 35.477946 35.477946 0.747290 0.747290 0.747290
2210 35.477946 35.477946 35.477946 0.747290 0.747290 0.747290
2220 35.477946 35.477946 35.477946 0.747290 0.747290 0.747290
2230 35.477946 35.477946 35.477946 0.747290 0.747290 0.747290
2240 35.477946 35.477946 35.477946 0.747290 0.747290 0.747290
2250 35.477946 35.477946 35.477946 0.747290 0.747290 0.747290
2260 35.477946 35.477946 35.477946 0.747290 0.747290 0.747290
2270 35.477946 35.477946 35.477946 0.747290 0.747290 0.747290
2280 35.477946 35.477946 35.477946 0.747290 0.747290 0.747290
2290 35.477946 35.477946 35.477946 0.747290 0.747290 0.747290
2300 35.477946 35.477946 35.477946 0.747290 0.747290 0.747290
2310 35.477946 35.477946 35.477946 0.747290 0.747290 0.747290
2320 35.477946 35.477946 35.477946 0.747290 0.747290 0.747290
2330 35.477946 35.477946 35.477946 0.747290 0.747290 0.747290
2340 35.477946 35.477946 35.477946 0.747290 0.747290 0.747290
2350 35.477946 35.477946 35.477946 0.747290 0.747290 0.747290
2360 35.477946 35.477946 35.477946 0.747290 0.747290 0.747290
2370 35.477946 35.477946 35.477946 0.747290 0.747290 0.747290
2380 35.477946 35.477946 35.477946 0.747290 0.747290 0.747290
2390 35.477946 35.477946 35.477946 0.747290 0.747290 0.747290
2400 35.477946 35.477946 35.477946 0.747290 0.747290 0.747290
2410 35.477946 35.477946 35.477946 0.747290 0.747290 0.747290
2420 35.477946 35.477946 35.477946 0.747290 0.747290 0.747290
2430 35.477946 35.477946 35.477946 0.747290 0.747290 0.747290
2440 35.477946 35.477946 35.477946 0.747290 0.747290 0.747290
2450 35.477946 35.477946 35.477946 0.747290 0.747290 0.747290
2460 35.477946 35.477946 35.477946 0.747290 0.747290 0.747290
2470 35.477946 35.477946 35.477946 0.747290 0.747290 0.747290
2480 35.477946 35.477946 35.477946 0.747290 0.747290 0.747290
2490 35.477946 35.477946 35.477946 0.747290 0.747290 0.747290
2500 35.477946 35.477946 35.477946 0.747290 0.747290 0.747290
2510 35.477946 35.477946 35.477946 0.747290 0.747290 0.747290
2520 35.477946 35.477946 35.477946 0.747290 0.747290 0.747290
2530 35.477946 35.477946 35.477946 0.747290 0.747290 0.747290
2540 35.477946 35.477946 35.477946 0.747290 0.747290 0.747290
2550 35.477946 35.477946 35.477946 0.747290 0.747290 0.747290
2560 35.477946 35.477946 35.477946 0.747290 0.747290 0.747290
2570 35.477946 35.477946 35.477946 0.747290 0.747290 0.747290
2580 35.477946 35.477946 35.477946 0.747290 0.747290 0.747290
2590 35.477946 35.477946 35.477946 0.747290 0.747290 0.747290
2600 35.477946 35.477946 35.477946 0.747290 0.747290 0.747290
2610 35.477946 35.477946 35.477946 0.747290 0.747290 0.747290
2620 35.477946 35.477946 35.477946 0.747290 0.747290 0.747290
2630 35.477946 35.477946 35.477946 0.747290 0.747290 0.747290
2640 35.477946 35.477946 35.477946 0.747290 0.747290 0.747290
2650 35.477946 35.477946 35.477946 0.747290 0.747290 0.747290
2660 35.477946 35.477946 35.477946 0.747290 0.747290 0.747290
2670 35.477946 35.477946 35.477946 0.747290 0.747290 0.747290
2680 35.477946 35.477946 35.477946 0.747290 0.747290 0.747290
2690 35.477946 35.477946 35.477946 0.747290 0.747290 0.747290
2700 35.477946 35.477946 35.477946 0.747290 0.747290 0.747290
2710 35.477946 35.477946 35.477946 0.747290 0.747290 0.747290
2720 35.477946 35.477946 35.477946 0.747290 0.747290 0.747290
2730 35.477946 35.477946 35.477946 0.747290 0.747290 0.747290
2740 35.477946 35.477946 35.477946 0.747290 0.747290 0.747290
2750 35.477946 35.477946 35.477946 0.747290 0.747290 0.747290
2760 35.477946 35.477946 35.477946 0.747290 0.747290 0.747290
2770 35.477946 35.477946 35.477946 0.747290 0.747290 0.747290
2780 35.477946 35.477946 35.477946 0.747290 0.747290 0.747290
2790 35.477946 35.477946 35.477946 0.747290 0.747290 0.747290
2800 35.477946 35.477946 35.477946 0.747290 0.747290 0.747290
2810 35.477946 35.477946 35.477946 0.747290 0.747290 0.747290
2820 35.477946 35.477946 35.477946 0.747290 0.747290 0.747290
2830 35.477946 35.477946 35.477946 0.747290 0.747290 0.747290
2840 35.477946 35.477946 35.477946 0.747290 0.747290 0.747290
2850 35.477946 35.477946 35.477946 0.747290 0.747290 0.747290
2860 35.477946 35.477946 35.477946 0.747290 0.747290 0.747290
2870 35.477946 35.477946 35.477946 0.747290 0.747290 0.747290
2880 35.477946 35.477946 35.477946 0.747290 0.747290 0.747290
2890 35.477946 35.477946 35.477946 0.747290 0.747290 0.747290
2900 35.477946 35.477946 35.477946 0.747290 0.747290 0.747290
2910 35.477946 35.477946 35.477946 0.747290 0.747290 0.747290
2920 35.477946 35.477946 35.477946 0.747290 0.747290 0.747290
2930 35.477946 35.477946 35.477946 0.747290 0.747290 0.747290
2940 35.477946 35.477946 35.477946 0.747290 0.747290 0.747290
2950 35.477946 35.477946 35.477946 0.747290 0.747290 0.747290
2960 35.477946 35.477946 35.477946 0.747290 0.747290 0.747290
2970 35.477946 35.477946 35.477946 0.747290 0.747290 0.747290
2980 35.477946 35.477946 35.477946 0.747290 0.747290 0.747290
2990 35.477946 35.477946 35.477946 0.747290 0.747290 0.747290
3000 35.477946 35.477946 35.477946 0.747290 0.747290 0.747290
3010 35.477946 35.477946 35.477946 0.747290 0.747290 0.747290
3020 35.477946 35.477946 35.477946 0.747290 0.747290 0.747290
3030 35.477946 35.477946 35.477946 0.747290 0.747290 0.747290
3040 35.477946 35.477946 35.477946 0.747290 0.747290 0.747290
3050 35.477946 35.477946 35.477946 0.747290 0.747290 0.747290
3060 35.477946 35.477946 35.477946 0.747290 0.747290 0.747290
3070 35.477946 35.477946 35.477946 0.747290 0.747290 0.747290
3080 35.477946 35.477946 35.477946 0.747290 0.747290 0.747290
3090 35.477946 35.477946 35.477946 0.747290 0.747290 0.747290
3100 35.477946 35.477946 35.477946 0.747290 0.747290 0.747290
3110 35.477946 35.477946 35.477946 0.747290 0.747290 0.747290
3120 35.477946 35.477946 35.477946 0.747290 0.747290 0.747290
3130 35.477946 35.477946 35.477946 0.747290 0.747290 0.747290
3140 35.477946 35.477946 35.477946 0.747290 0.747290 0.747290
3150 35.477946 35.477946 35.477946 0.747290 0.747290 0.747290
3160 35.477946 35.477946 35.477946 0.747290 0.747290 0.747290
3170 35.477946 35.477946 35.477946 0.747290 0.747290 0.747290
3180 35.477946 35.477946 35.477946 0.747290 0.747290 0.747290
3190 35.477946 35.477946 35.477946 0.747290 0.747290 0.747290
3200 35.477946 35.477946 35.477946 0.747290 0.747290 0.747290
3210 35.477946 35.477946 35.477946 0.747290 0.747290 0.747290
3220 35.477946 35.477946 35.477946 0.747290 0.747290 0.747290
3230 35.477946 35.477946 35.477946 0.747290 0.747290 0.747290
3240 35.477946 35.477946 35.477946 0.747290 0.747290 0.747290
3250 35.477946 35.477946 35.477946 0.747290 0.747290 0.747290
3260 35.477946 35.477946 35.477946 0.747290 0.747290 0.747290
3270 35.477946 35.477946 35.477946 0.747290 0.747290 0.747290
3280 35.477946 35.477946 35.477946 0.747290 0.747290 0.747290
3290 35.477946 35.477946 35.477946 0.747290 0.747290 0.747290
3300 35.477946 35.477946 35.477946 0.747290 0.747290 0.747290
3310 35.477946 35.477946 35.477946 0.747290 0.747290 0.747290
3320 35.477946 35.477946 35.477946 0.747290 0.747290 0.747290
3330 35.477946 35.477946 35.477946 0.747290 0.747290 0.747290
3340 35.477946 35.477946 35.477946 0.747290 0.747290 0.747290
3350 35.477946 35.477946 35.477946 0.747290 0.747290 0.747290
3360 35.477946 35.477946 35.477946 0.747290 0.747290 0.747290
3370 35.477946 35.477946 35.477946 0.747290 0.747290 0.747290
3380 35.477946 35.477946 35.477946 0.747290 0.747290 0.747290
3390 35.477946 35.477946 35.477946 0.747290 0.747290 0.747290
3400 35.477946 35.477946 35.477946 0.747290 0.747290 0.747290
3410 35.477946 35.477946 35.477946 0.747290 0.747290 0.747290
3420 35.477946 35.477946 35.477946 0.747290 0.747290 0.747290
3430 35.477946 35.477946 35.477946 0.747290 0.747290 0.747290
3440 35.477946 35.477946 35.477946 0.747290 0.747290 0.747290
3450 35.477946 35.477946 35.477946 0.747290 0.747290 0.747290
3460 35.477946 35.477946 35.477946 0.747290 0.747290 0.747290
3470 35.477946 35.477946 35.477946 0.747290 0.747290 0.747290
3480 35.477946 35.477946 35.477946 0.747290 0.747290 0.747290
3490 35.477946 35.477946 35.477946 0.747290 0.747290 0.747290
3500 35.477946 35.477946 35.477946 0.747290 0.747290 0.747290
3510 35.477946 35.477946 35.477946 0.747290 0.747290 0.747290
3520 35.477946 35.477946 35.477946 0.747290 0.747290 0.747290
3530 35.477946 35.477946 35.477946 0.747290 0.747290 0.747290
3540 35.477946 35.477946 35.477946 0.747290 0.747290 0.747290
3550 35.477946 35.477946 35.477946 0.747290 0.747290 0.747290
3560 35.477946 35.477946 35.477946 0.747290 0.747290 0.747290
3570 35.477946 35.477946 35.477946 0.747290 0.747290 0.747290
3580 35.477946 35.477946 35.477946 0.747290 0.747290 0.747290
3590 35.477946 35.477946 35.477946 0.747290 0.747290 0.747290
3600 35.477946 35.477946 35.477946 0.747290 0.747290 0.747290
3610 35.477946 35.477946 35.477946 0.747290 0.747290 0.747290
3620 35.477946 35.477946 35.477946 0.747290 0.747290 0.747290
3630 35.477946 35.477946 35.477946 0.747290 0.747290 0.747290
3640 35.477946 35.477946 35.477946 0.747290 0.747290 0.747290
3650 35.477946 35.477946 35.477946 0.747290 0.747290 0.747290
3660 35.477946 35.477946 35.477946 0.747290 0.747290 0.747290
3670 35.477946 35.477946 35.477946 0.747290 0.747290 0.747290
3680 35.477946 35.477946 35.477946 0.747290 0.747290 0.747290
3690 35.477946 35.477946 35.477946 0.747290 0.747290 0.747290
3700 35.477946 35.477946 35.477946 0.747290 0.747290 0.747290
3710 35.477946 35.477946 35.477946 0.747290 0.747290 0.747290
3720 35.477946 35.477946 35.477946 0.747290 0.747290 0.747290
3730 35.477946 35.477946 35.477946 0.747290 0.747290 0.747290
3740 35.477946 35.477946 35.477946 0.747290 0.747290 0.747290
3750 35.477946 35.477946 35.477946 0.747290 0.747290 0.747290
3760 35.477946 35.477946 35.477946 0.747290 0.747290 0.747290
3770 35.477946 35.477946 35.477946 0.747290 0.747290 0.747290
3780 35.477946 35.477946 35.477946 0.747290 0.747290 0.747290
3790 35.477946 35.477946 35.477946 0.747290 0.747290 0.747290
3800 35.477946 35.477946 35.477946 0.747290 0.747290 0.747290
3810 35.477946 35.477946 35.477946 0.747290 0.747290 0.747290
3820 35.477946 35.477946 35.477946 0.747290 0.747290 0.747290
3830 35.477946 35.477946 35.477946 0.747290 0.747290 0.747290
3840 35.477946 35.477946 35.477946 0.747290 0.747290 0.747290
3850 35.477946 35.477946 35.477946 0.747290 0.747290 0.747290
3860 35.477946 35.477946 35.477946 0.747290 0.747290 0.747290
3870 35.477946 35.477946 35.477946 0.747290 0.747290 0.747290
3880 35.477946 35.477946 35.477946 0.747290 0.747290 0.747290
3890 35.477946 35.477946 35.477946 0.747290 0.747290 0.747290
3900 35.477946 35.477946 35.477946 0.747290 0.747290 0.747290
3910 35.477946 35.477946 35.477946 0.747290 0.747290 0.747290
3920 35.477946 35.477946 35.477946 0.747290 0.747290 0.747290
3930 35.477946 35.477946 35.477946 0.747290 0.747290 0.747290
3940 35.477946 35.477946 35.477946 0.747290 0.747290 0.747290
3950 35.477946 35.477946 35.477946 0.747290 0.747290 0.747290
3960 35.477946 35.477946 35.477946 0.747290 0.747290 0.747290
3970 35.477946 35.477946 35.477946 0.747290 0.747290 0.747290
3980 35.477946 35.477946 35.477946 0.747290 0.747290 0.747290
3990 35.477946 35.477946 35.477946 0.747290 0.747290 0.747290
4000 35.477946 35.477946 35.477946 0.747290 0.747290 0.747290
4010 35.477946 35.477946 35.477946 0.747290 0.747290 0.747290
4020 35.477946 35.477946 35.477946 0.747290 0.747290 0.747290
4030 35.477946 35.477946 35.477946 0.747290 0.747290 0.747290
4040 35.477946 35.477946 35.477946 0.747290 0.747290 0.747290
4050 35.477946 35.477946 35.477946 0.747290 0.747290 0.747290
4060 35.477946 35.477946 35.477946 0.747290 0.747290 0.747290
4070 35.477946 35.477946 35.477946 0.747290 0.747290 0.747290
4080 35.477946 35.477946 35.477946 0.747290 0.747290 0.747290
4090 35.477946 35.477946 35.477946 0.747290 0.747290 0.747290
4100 35.477946 35.477946 35.477946 0.747290 0.747290 0.747290
4110 35.477946 35.477946 35.477946 0.747290 0.747290 0.747290
4120 35.477946 35.477946 35.477946 0.747290 0.747290 0.747290
4130 35.477946 35.477946 35.477946 0.747290 0.747290 0.747290
4140 35.477946 35.477946 35.477946 0.747290 0.747290 0.747290
4150 35.477946 35.477946 35.477946 0.747290 0.747290 0.747290
4160 35.477946 35.477946 35.477946 0.747290 0.747290 0.747290
4170 35.477946 35.477946 35.477946 0.747290 0.747290 0.747290
4180 35.477946 35.477946 35.477946 0.747290 0.747290 0.747290
4190 35.477946 35.477946 35.477946 0.747290 0.747290 0.747290
4200 35.477946 35.477946 35.477946 0.747290 0.747290 0.747290
4210 35.477946 35.477946 35.477946 0.747290 0.747290 0.747290
4220 35.477946 35.477946 35.477946 0.747290 0.747290 0.747290
4230 35.477946 35.477946 35.477946 0.747290 0.747290 0.747290
4240 35.477946 35.477946 35.477946 0.747290 0.747290 0.747290
4250 35.477946 35.477946 35.477946 0.747290 0.747290 0.747290
4260 35.477946 35.477946 35.477946 0.747290 0.747290 0.747290
4270 35.477946 35.477946 35.477946 0.747290 0.747290 0.747290
4280 35.477946 35.477946 35.477946 0.747290 0.747290 0.747290
4290 35.477946 35.477946 35.477946 0.747290 0.747290 0.747290
4300 35.477946 35.477946 35.477946 0.747290 0.747290 0.747290
4310 35.477946 35.477946 35.477946 0.747290 0.747290 0.747290
4320 35.477946 35.477946 35.477946 0.747290 0.747290 0.747290
4330 35.477946 35.477946 35.477946 0.747290 0.747290 0.747290
4340 35.477946 35.477946 35.477946 0.747290 0.747290 0.747290
4350 35.477946 35.477946 35.477946 0.747290 0.747290 0.747290
4360 35.477946 35.477946 35.477946 0.747290 0.747290 0.747290
4370 35.477946 35.477946 35.477946 0.747290 0.747290 0.747290
4380 35.477946 35.477946 35.477946 0.747290 0.747290 0.747290
4390 35.477946 35.477946 35.477946 0.747290 0.747290 0.747290
4400 35.477946 35.477946 35.477946 0.747290 0.747290 0.747290
4410 35.477946 35.477946 35.477946 0.747290 0.747290 0.747290
4420 35.477946 35.477946 35.477946 0.747290 0.747290 0.747290
4430 35.477946 35.477946 35.477946 0.747290 0.747290 0.747290
4440 35.477946 35.477946 35.477946 0.747290 0.747290 0.747290
4450 35.477946 35.477946 35.477946 0.747290 0.747290 0.747290
4460 35.477946 35.477946 35.477946 0.747290 0.747290 0.747290
4470 35.477946 35.477946 35.477946 0.747290 0.747290 0.747290
4480 35.477946 35.477946 35.477946 0.747290 0.747290 0.747290
4490 35.477946 35.477946 35.477946 0.747290 0.747290 0.747290
4500 35.477946 35.477946 35.477946 0.747290 0.747290 0.747290
4510 35.477946 35.477946 35.477946 0.747290 0.747290 0.747290
4520 35.477946 35.477946 35.477946 0.747290 0.747290 0.747290
4530 35.477946 35.477946 35.477946 0.747290 0.747290 0.747290
4540 35.477946 35.477946 35.477946 0.747290 0.747290 0.747290
4550 35.477946 35.477946 35.477946 0.747290 0.747290 0.747290
4560 35.477946 35.477946 35.477946 0.747290 0.747290 0.747290
4570 35.477946 35.477946 35.477946 0.747290 0.747290 0.747290
4580 35.477946 35.477946 35.477946 0.747290 0.747290 0.747290
4590 35.477946 35.477946 35.477946 0.747290 0.747290 0.747290
4600 35.477946 35.477946 35.477946 0.747290 0.747290 0.747290
4610 35.477946 35.477946 35.477946 0.747290 0.747290 0.747290
4620 35.477946 35.477946 35.477946 0.747290 0.747290 0.747290
4630 35.477946 35.477946 35.477946 0.747290 0.747290 0.747290
4640 35.477946 35.477946 35.477946 0.747290 0.747290 0.747290
4650 35.477946 35.477946 35.477946 0.747290 0.747290 0.747290
4660 35.477946 35.477946 35.477946 0.747290 0.747290 0.747290
4670 35.477946 35.477946 35.477946 0.747290 0.747290 0.747290
4680 35.477946 35.477946 35.477946 0.747290 0.747290 0.747290
4690 35.477946 35.477946 35.477946 0.747290 0.747290 0.747290
4700 35.477946 35.477946 35.477946 0.747290 0.747290 0.747290
4710 35.477946 35.477946 35.477946 0.747290 0.747290 0.747290
4720 35.477946 35.477946 35.477946 0.747290 0.747290 0.747290
4730 35.477946 35.477946 35.477946 0.747290 0.747290 0.747290
4740 35.477946 35.477946 35.477946 0.747290 0.747290 0.747290
4750 35.477946 35.477946 35.477946 0.747290 0.747290 0.747290
4760 35.477946 35.477946 35.477946 0.747290 0.747290 0.747290
4770 35.477946 35.477946 35.477946 0.747290 0.747290 0.747290
4780 35.477946 35.477946 35.477946 0.747290 0.747290 0.747290
4790 35.477946 35.477946 35.477946 0.747290 0.747290 0.747290
4800 35.477946 35.477946 35.477946 0.747290 0.747290 0.747290
4810 35.477946 35.477946 35.477946 0.747290 0.747290 0.747290
4820 35.477946 35.477946 35.477946 0.747290 0.747290 0.747290
4830 35.477946 35.477946 35.477946 0.747290 0.747290 0.747290
4840 35.477946 35.477946 35.477946 0.747290 0.747290 0.747290
4850 35.477946 35.477946 35.477946 0.747290 0.747290 0.747290
4860 35.477946 35.477946 35.477946 0.747290 0.747290 0.747290
4870 35.477946 35.477946 35.477946 0.747290 0.747290 0.747290
4880 35.477946 35.477946 35.477946 0.747290 0.747290 0.747290
4890 35.477946 35.477946 35.477946 0.747290 0.747290 0.747290
4900 35.477946 35.477946 35.477946 0.747290 0.747290 0.747290
4910 35.477946 35.477946 35.477946 0.747290 0.747290 0.747290
4920 35.477946 35.477946 35.477946 0.747290 0.747290 0.747290
4930 35.477946 35.477946 35.477946 0.747290 0.747290 0.747290
4940 35.477946 35.477946 35.477946 0.747290 0.747290 0.747290
4950 35.477946 35.477946 35.477946 0.747290 0.747290 0.747290
4960 35.477946 35.477946 35.477946 0.747290 0.747290 0.747290
4970 35.477946 35.477946 35.477946 0.747290 0.747290 0.747290
4980 35.477946 35.477946 35.477946 0.747290 0.747290 0.747290
4990 35.477946 35.477946 35.477946 0.747290 0.747290 0.747290
5000 35.477946 35.477946 35.477946 0.747290 0.747290 0.747290
5010 35.477946 35.477946 35.477946 0.747290 0.747290 0.747290
5020 35.477946 35.477946 35.477946 0.747290 0.747290 0.747290
5030 35.477946 35.477946 35.477946 0.747290 0.747290 0.747290
5040 35.477946 35.477946 35.477946 0.747290 0.747290 0.747290
5050 35.477946 35.477946 35.477946 0.747290 0.747290 0.747290
5060 35.477946 35.477946 35.477946 0.747290 0.747290 0.747290
5070 35.477946 35.477946 35.477946 0.747290 0.747290 0.747290
5080 35.477946 35.477946 35.477946 0.747290 0.747290 0.747290
5090 35.477946 35.477946 35.477946 0.747290 0.747290 0.747290
5100 35.477946 35.477946 35.477946 0.747290 0.747290 0.747290
5110 35.477946 35.477946 35.477946 0.747290 0.747290 0.747290
5120 35.477946 35.477946 35.477946 0.747290 0.747290 0.747290
5130 35.477946 35.477946 35.477946 0.747290 0.747290 0.747290
5140 35.477946 35.477946 35.477946 0.747290 0.747290 0.747290
5150 35.477946 35.477946 35.477946 0.747290 0.747290 0.747290
5160 35.477946 35.477946 35.477946 0.747290 0.747290 0.747290
5170 35.477946 35.477946 35.477946 0.747290 0.747290 0.747290
5180 35.477946 35.477946 35.477946 0.747290 0.747290 0.747290
5190 35.477946 35.477946 35.477946 0.747290 0.747290 0.747290
5200 35.477946 35.477946 35.477946 0.747290 0.747290 0.747290
5210 35.477946 35.477946 35.477946 0.747290 0.747290 0.747290
5220 35.477946 35.477946 35.477946 0.747290 0.747290 0.747290
5230 35.477946 35.477946 35.477946 0.747290 0.747290 0.747290
5240 35.477946 35.477946 35.477946 0.747290 0.747290 0.747290
5250 35.477946 35.477946 35.477946 0.747290 0.747290 0.747290
5260 35.477946 35.477946 35.477946 0.747290 0.747290 0.747290
5270 35.477946 35.477946 35.477946 0.747290 0.747290 0.747290
5280 35.477946 35.477946 35.477946 0.747290 0.747290 0.747290
5290 35.477946 35.477946 35.477946 0.747290 0.747290 0.747290
5300 35.477946 35.477946 35.477946 0.747290 0.747290 0.747290
5310 35.477946 35.477946 35.477946 0.747290 0.747290 0.747290
5320 35.477946 35.477946 35.477946 0.747290 0.747290 0.747290
5330 35.477946 35.477946 35.477946 0.747290 0.747290 0.747290
5340 35.477946 35.477946 35.477946 0.747290 0.747290 0.747290
5350 35.477946 35.477946 35.477946 0.747290 0.747290 0.747290
5360 35.477946 35.477946 35.477946 0.747290 0.747290 0.747290
5370 35.477946 35.477946 35.477946 0.747290 0.747290 0.747290
5380 35.477946 35.477946 35.477946 0.747290 0.747290 0.747290
5390 35.477946 35.477946 35.477946 0.747290 0.747290 0.747290
5400 35.477946 35.477946 35.477946 0.747290 0.747290 0.747290
5410 35.477946 35.477946 35.477946 0.747290 0.747290 0.747290
5420 35.477946 35.477946 35.477946 0.747290 0.747290 0.747290
5430 35.477946 35.477946 35.477946 0.747290 0.747290 0.747290
5440 35.477946 35.477946 35.477946 0.747290 0.747290 0.747290
5450 35.477946 35.477946 35.477946 0.747290 0.747290 0.747290
5460 35.477946 35.477946 35.477946 0.747290 0.747290 0.747290
5470 35.477946 35.477946 35.477946 0.747290 0.747290 0.747290
5480 35.477946 35.477946 35.477946 0.747290 0.747290 0.747290
5490 35.477946 35.477946 35.477946 0.747290 0.747290 0.747290
5500 35.477946 35.477946 35.477946 0.747290 0.747290 0.747290
5510 35.477946 35.477946 35.477946 0.747290 0.747290 0.747290
5520 35.477946 35.477946 35.477946 0.747290 0.747290 0.747290
5530 35.477946 35.477946 35.477946 0.747290 0.747290 0.747290
5540 35.477946 35.477946 35.477946 0.747290 0.747290 0.747290
5550 35.477946 35.477946 35.477946 0.747290 0.747290 0.747290
5560 35.477946 35.477946 35.477946 0.747290 0.747290 0.747290
5570 35.477946 35.477946 35.477946 0.747290 0.747290 0.747290
5580 35.477946 35.477946 35.477946 0.747290 0.747290 0.747290
5590 35.477946 35.477946 35.477946 0.747290 0.747290 0.747290
5600 35.477946 35.477946 35.477946 0.747290 0.747290 0.747290
5610 35.477946 35.477946 35.477946 0.747290 0.747290 0.747290
5620 35.477946 35.477946 35.477946 0.747290 0.747290 0.747290
5630 35.477946 35.477946 35.477946 0.747290 0.747290 0.747290
5640 35.477946 35.477946 35.477946 0.747290 0.747290 0.747290
5650 35.477946 35.477946 35.477946 0.747290 0.747290 0.747290
5660 35.477946 35.477946 35.477946 0.747290 0.747290 0.747290
5670 35.477946 35.477946 35.477946 0.747290 0.747290 0.747290
5680 35.477946 35.477946 35.477946 0.747290 0.747290 0.747290
5690 35.477946 35.477946 35.477946 0.747290 0.747290 0.747290
5700 35.477946 35.477946 35.477946 0.747290 0.747290 0.747290
5710 35.477946 35.477946 35.477946 0.747290 0.747290 0.747290
5720 35.477946 35.477946 35.477946 0.747290 0.747290 0.747290
5730 35.477946 35.477946 35.477946 0.747290 0.747290 0.747290
5740 35.477946 35.477946 35.477946 0.747290 0.747290 0.747290
5750 35.477946 35.477946 35.477946 0.747290 0.747290 0.747290
5760 35.477946 35.477946 35.477946 0.747290 0.747290 0.747290
5770 35.477946 35.477946 35.477946 0.747290 0.747290 0.747290
5780 35.477946 35.477946 35.477946 0.747290 0.747290 0.747290
5790 35.477946 35.477946 35.477946 0.747290 0.747290 0.747290
5800 35.477946 35.477946 35.477946 0.747290 0.747290 0.747290
5810 35.477946 35.477946 35.477946 0.747290 0.747290 0.747290
5820 35.477946 35.477946 35.477946 0.747290 0.747290 0.747290
5830 35.477946 35.477946 35.477946 0.747290 0.747290 0.747290
5840 35.477946 35.477946 35.477946 0.747290 0.747290 0.747290
5850 35.477946 35.477946 35.477946 0.747290 0.747290 0.747290
5860 35.477946 35.477946 35.477946 0.747290 0.747290 0.747290
5870 35.477946 35.477946 35.477946 0.747290 0.747290 0.747290
5880 35.477946 35.477946 35.477946 0.747290 0.747290 0.747290
5890 35.477946 35.477946 35.477946 0.747290 0.747290 0.747290
5900 35.477946 35.477946 35.477946 0.747290 0.747290 0.747290
5910 35.477946 35.477946 35.477946 0.747290 0.747290 0.747290
5920 35.477946 35.477946 35.477946 0.747290 0.747290 0.747290
5930 35.477946 35.477946 35.477946 0.747290 0.747290 0.747290
5940 35.477946 35.477946 35.477946 0.747290 0.747290 0.747290
5950 35.477946 35.477946 35.477946 0.747290 0.747290 0.747290
5960 35.477946 35.477946 35.477946 0.747290 0.747290 0.747290
5970 35.477946 35.477946 35.477946 0.747290 0.747290 0.747290
5980 35.477946 35.477946 35.477946 0.747290 0.747290 0.747290
5990 35.477946 35.477946 35.477946 0.747290 0.747290 0.747290
6000 35.477946 35.477946 35.477946 0.747290 0.747290 0.747290
6010 35.477946 35.477946 35.477946 0.747290 0.747290 0.747290
6020 35.477946 35.477946 35.477946 0.747290 0.747290 0.747290
6030 35.477946 35.477946 35.477946 0.747290 0.747290 0.747290
6040 35.477946 35.477946 35.477946 0.747290 0.747290 0.747290
6050 35.477946 35.477946 35.477946 0.747290 0.747290 0.747290
6060 35.477946 35.477946 35.477946 0.747290 0.747290 0.747290
6070 35.477946 35.477946 35.477946 0.747290 0.747290 0.747290
6080 35.477946 35.477946 35.477946 0.747290 0.747290 0.747290
6090 35.477946 35.477946 35.477946 0.747290 0.747290 0.747290
6100 35.477946 35.477946 35.477946 0.747290 0.747290 0.747290
6110 35.477946 35.477946 35.477946 0.747290 0.747290 0.747290
6120 35.477946 35.477946 35.477946 0.747290 0.747290 0.747290
6130 35.477946 35.477946 35.477946 0.747290 0.747290 0.747290
6140 35.477946 35.477946 35.477946 0.747290 0.747290 0.747290
6150 35.477946 35.477946 35.477946 0.747290 0.747290 0.747290
6160 35.477946 35.477946 35.477946 0.747290 0.747290 0.747290
6170 35.477946 35.477946 35.477946 0.747290 0.747290 0.747290
6180 35.477946 35.477946 35.477946 0.747290 0.747290 0.747290
6190 35.477946 35.477946 35.477946 0.747290 0.747290 0.747290
6200 35.477946 35.477946 35.477946 0.747290 0.747290 0.747290
6210 35.477946 35.477946 35.477946 0.747290 0.747290 0.747290
6220 35.477946 35.477946 35.477946 0.747290 0.747290 0.747290
6230 35.477946 35.477946 35.477946 0.747290 0.747290 0.747290
6240 35.477946 35.477946 35.477946 0.747290 0.747290 0.747290
6250 35.477946 35.477946 35.477946 0.747290 0.747290 0.747290
6260 35.477946 35.477946 35.477946 0.747290 0.747290 0.747290
6270 35.477946 35.477946 35.477946 0.747290 0.747290 0.747290
6280 35.477946 35.477946 35.477946 0.747290 0.747290 0.747290
6290 35.477946 35.477946 35.477946 0.747290 0.747290 0.747290
6300 35.477946 35.477946 35.477946 0.747290 0.747290 0.747290
6310 35.477946 35.477946 35.477946 0.747290 0.747290 0.747290
6320 35.477946 35.477946 35.477946 0.747290 0.747290 0.747290
6330 35.477946 35.477946 35.477946 0.747290 0.747290 0.747290
6340 35.477946 35.477946 35.477946 0.747290 0.747290 0.747290
6350 35.477946 35.477946 35.477946 0.747290 0.747290 0.747290
6360 35.477946 35.477946 35.477946 0.747290 0.747290 0.747290
6370 35.477946 35.477946 35.477946 0.747290 0.747290 0.747290
6380 35.477946 35.477946 35.477946 0.747290 0.747290 0.747290
6390 35.477946 35.477946 35.477946 0.747290 0.747290 0.747290
6400 35.477946 35.477946 35.477946 0.747290 0.747290 0.747290
6410 35.477946 35.477946 35.477946 0.747290 0.747290 0.747290
6420 35.477946 35.477946 35.477946 0.747290 0.747290 0.747290
6430 35.477946 35.477946 35.477946 0.747290 0.747290 0.747290
6440 35.477946 35.477946 35.477946 0.747290 0.747290 0.747290
6450 35.477946 35.477946 35.477946 0.747290 0.747290 0.747290
6460 35.477946 35.477946 35.477946 0.747290 0.747290 0.747290
6470 35.477946 35.477946 35.477946 0.747290 0.747290 0.747290
6480 35.477946 35.477946 35.477946 0.747290 0.747290 0.747290
6490 35.477946 35.477946 35.477946 0.747290 0.747290 0.747290
6500 35.477946 35.477946 35.477946 0.747290 0.747290 0.747290
6510 35.477946 35.477946 35.477946 0.747290 0.747290 0.747290
6520 35.477946 35.477946 35.477946 0.747290 0.747290 0.747290
6530 35.477946 35.477946 35.477946 0.747290 0.747290 0.747290
6540 35.477946 35.477946 35.477946 0.747290 0.747290 0.747290
6550 35.477946 35.477946 35.477946 0.747290 0.747290 0.747290
6560 35.477946 35.477946 35.477946 0.747290 0.747290 0.747290
6570 35.477946 35.477946 35.477946 0.747290 0.747290 0.747290
6580 35.477946 35.477946 35.477946 0.747290 0.747290 0.747290
6590 35.477946 35.477946 35.477946 0.747290 0.747290 0.747290
6600 35.477946 35.477946 35.477946 0.747290 0.747290 0.747290
6610 35.477946 35.477946 35.477946 0.747290 0.747290 0.747290
6620 35.477946 35.477946 35.477946 0.747290 0.747290 0.747290
6630 35.477946 35.477946 35.477946 0.747290 0.747290 0.747290
6640 35.477946 35.477946 35.477946 0.747290 0.747290 0.747290
6650 35.477946 35.477946 35.477946 0.747290 0.747290 0.747290
6660 35.477946 35.477946 35.477946 0.747290 0.747290 0.747290
6670 35.477946 35.477946 35.477946 0.747290 0.747290 0.747290
6680 35.477946 35.477946 35.477946 0.747290 0.747290 0.747290
6690 35.477946 35.477946 35.477946 0.747290 0.747290 0.747290
6700 35.477946 35.477946 35.477946 0.747290 0.747290 0.747290
6710 35.477946 35.477946 35.477946 0.747290 0.747290 0.747290
6720 35.477946 35.477946 35.477946 0.747290 0.747290 0.747290
6730 35.477946 35.477946 35.477946 0.747290 0.747290 0.747290
6740 35.477946 35.477946 35.477946 0.747290 0.747290 0.747290
6750 35.477946 35.477946 35.477946 0.747290 0.747290 0.747290
6760 35.477946 35.477946 35.477946 0.747290 0.747290 0.747290
6770 35.477946 35.477946 35.477946 0.747290 0.747290 0.747290
6780 35.477946 35.477946 35.477946 0.747290 0.747290 0.747290
6790 35.477946 35.477946 35.477946 0.747290 0.747290 0.747290
6800 35.477946 35.477946 35.477946 0.747290 0.747290 0.747290
6810 35.477946 35.477946 35.477946 0.747290 0.747290 0.747290
6820 35.477946 35.477946 35.477946 0.747290 0.747290 0.747290
6830 35.477946 35.477946 35.477946 0.747290 0.747290 0.747290
6840 35.477946 35.477946 35.477946 0.747290 0.747290 0.747290
6850 35.477946 35.477946 35.477946 0.747290 0.747290 0.747290
6860 35.477946 35.477946 35.477946 0.747290 0.747290 0.747290
6870 35.477946 35.477946 35.477946 0.747290 0.747290 0.747290
6880 35.477946 35.477946 35.477946 0.747290 0.747290 0.747290
6890 35.477946 35.477946 35.477946 0.747290 0.747290 0.747290
6900 35.477946 35.477946 35.477946 0.747290 0.747290 0.747290
6910 35.477946 35.477946 35.477946 0.747290 0.747290 0.747290
6920 35.477946 35.477946 35.477946 0.747290 0.747290 0.747290
6930 35.477946 35.477946 35.477946 0.747290 0.747290 0.747290
6940 35.477946 35.477946 35.477946 0.747290 0.747290 0.747290
6950 35.477946 35.477946 35.477946 0.747290 0.747290 0.747290
6960 35.477946 35.477946 35.477946 0.747290 0.747290 0.747290
6970 35.477946 35.477946 35.477946 0.747290 0.747290 0.747290
6980 35.477946 35.477946 35.477946 0.747290 0.747290 0.747290
6990 35.477946 35.477946 35.477946 0.747290 0.747290 0.747290
7000 35.477946 35.477946 35.477946 0.747290 0.747290 0.747290
7010 35.477946 35.477946 35.477946 0.747290 0.747290 0.747290
7020 35.477946 35.477946 35.477946 0.747290 0.747290 0.747290
7030 35.477946 35.477946 35.477946 0.747290 0.747290 0.747290
7040 35.477946 35.477946 35.477946 0.747290 0.747290 0.747290
7050 35.477946 35.477946 35.477946 0.747290 0.747290 0.747290
7060 35.477946 35.477946 35.477946 0.747290 0.747290 0.747290
7070 35.477946 35.477946 35.477946 0.747290 0.747290 0.747290
7080 35.477946 35.477946 35.477946 0.747290 0.747290 0.747290
7090 35.477946 35.477946 35.477946 0.747290 0.747290 0.747290
7100 35.477946 35.477946 35.477946 0.747290 0.747290 0.747290
7110 35.477946 35.477946 35.477946 0.747290 0.747290 0.747290
7120 35.477946 35.477946 35.477946 0.747290 0.747290 0.747290
7130 35.477946 35.477946 35.477946 0.747290 0.747290 0.747290
7140 35.477946 35.477946 35.477946 0.747290 0.747290 0.747290
7150 35.477946 35.477946 35.477946 0.747290 0.747290 0.747290
7160 35.477946 35.477946 35.477946 0.747290 0.747290 0.747290
7170 35.477946 35.477946 35.477946 0.747290 0.747290 0.747290
7180 35.477946 35.477946 35.477946 0.747290 0.747290 0.747290
7190 35.477946 35.477946 35.477946 0.747290 0.747290 0.747290
7200 35.477946 35.477946 35.477946 0.747290 0.747290 0.747290
7210 35.477946 35.477946 35.477946 0.747290 0.747290 0.747290
7220 35.477946 35.477946 35.477946 0.747290 0.747290 0.747290
7230 35.477946 35.477946 35.477946 0.747290 0.747290 0.747290
7240 35.477946 35.477946 35.477946 0.747290 0.747290 0.747290
7250 35.477946 35.477946 35.477946 0.747290 0.747290 0.747290
7260 35.477946 35.477946 35.477946 0.747290 0.747290 0.747290
7270 35.477946 35.477946 35.477946 0.747290 0.747290 0.747290
7280 35.477946 35.477946 35.477946 0.747290 0.747290 0.747290
7290 35.477946 35.477946 35.477946 0.747290 0.747290 0.747290
7300 35.477946 35.477946 35.477946 0.747290 0.747290 0.747290
7310 35.477946 35.477946 35.477946 0.747290 0.747290 0.747290
7320 35.477946 35.477946 35.477946 0.747290 0.747290 0.747290
7330 35.477946 35.477946 35.477946 0.747290 0.747290 0.747290
7340 35.477946 35.477946 35.477946 0.747290 0.747290 0.747290
7350 35.477946 35.477946 35.477946 0.747290 0.747290 0.747290
7360 35.477946 35.477946 35.477946 0.747290 0.747290 0.747290
7370 35.477946 35.477946 35.477946 0.747290 0.747290 0.747290
7380 35.477946 35.477946 35.477946 0.747290 0.747290 0.747290
7390 35.477946 35.477946 35.477946 0.747290 0.747290 0.747290
7400 35.477946 35.477946 35.477946 0.747290 0.747290 0.747290
7410 35.477946 35.477946 35.477946 0.747290 0.747290 0.747290
7420 35.477946 35.477946 35.477946 0.747290 0.747290 0.747290
7430 35.477946 35.477946 35.477946 0.747290 0.747290 0.747290
7440 35.477946 35.477946 35.477946 0.747290 0.747290 0.747290
7450 35.477946 35.477946 35.477946 0.747290 0.747290 0.747290
7460 35.477946 35.477946 35.477946 0.747290 0.747290 0.747290
7470 35.477946 35.477946 35.477946 0.747290 0.747290 0.747290
7480 35.477946 35.477946 35.477946 0.747290 0.747290 0.747290
7490 35.477946 35.477946 35.477946 0.747290 0.747290 0.747290
7500 35.477946 35.477946 35.477946 0.747290 0.747290 0.747290
7510 35.477946 35.477946 35.477946 0.747290 0.747290 0.747290
7520 35.477946 35.477946 35.477946 0.747290 0.747290 0.747290
7530 35.477946 35.477946 35.477946 0.747290 0.747290 0.747290
7540 35.477946 35.477946 35.477946 0.747290 0.747290 0.747290
7550 35.477946 35.477946 35.477946 0.747290 0.747290 0.747290
7560 35.477946 35.477946 35.477946 0.747290 0.747290 0.747290
7570 35.477946 35.477946 35.477946 0.747290 0.747290 0.747290
7580 35.477946 35.477946 35.477946 0.747290 0.747290 0.747290
7590 35.477946 35.477946 35.477946 0.747290 0.747290 0.747290
7600 35.477946 35.477946 35.477946 0.747290 0.747290 0.747290
7610 35.477946 35.477946 35.477946 0.747290 0.747290 0.747290
7620 35.477946 35.477946 35.477946 0.747290 0.747290 0.747290
7630 35.477946 35.477946 35.477946 0.747290 0.747290 0.747290
7640 35.477946 35.477946 35.477946 0.747290 0.747290 0.747290
7650 35.477946 35.477946 35.477946 0.747290 0.747290 0.747290
7660 35.477946 35.477946 35.477946 0.747290 0.747290 0.747290
7670 35.477946 35.477946 35.477946 0.747290 0.747290 0.747290
7680 35.477946 35.477946 35.477946 0.747290 0.747290 0.747290
7690 35.477946 35.477946 35.477946 0.747290 0.747290 0.747290
7700 35.477946 35.477946 35.477946 0.747290 0.747290 0.747290
7710 35.477946 35.477946 35.477946 0.747290 0.747290 0.747290
7720 35.477946 35.477946 35.477946 0.747290 0.747290 0.747290
7730 35.477946 35.477946 35.477946 0.747290 0.747290 0.747290
7740 35.477946 35.477946 35.477946 0.747290 0.747290 0.747290
7750 35.477946 35.477946 35.477946 0.747290 0.747290 0.747290
7760 35.477946 35.477946 35.477946 0.747290 0.747290 0.747290
7770 35.477946 35.477946 35.477946 0.747290 0.747290 0.747290
7780 35.477946 35.477946 35.477946 0.747290 0.747290 0.747290
7790 35.477946 35.477946 35.477946 0.747290 0.747290 0.747290
7800 35.477946 35.477946 35.477946 0.747290 0.747290 0.747290
7810 35.477946 35.477946 35.477946 0.747290 0.747290 0.747290
7820 35.477946 35.477946 35.477946 0.747290 0.747290 0.747290
7830 35.477946 35.477946 35.477946 0.747290 0.747290 0.747290
7840 35.477946 35.477946 35.477946 0.747290 0.747290 0.747290
7850 35.477946 35.477946 35.477946 0.747290 0.747290 0.747290
7860 35.477946 35.477946 35.477946 0.747290 0.747290 0.747290
7870 35.477946 35.477946 35.477946 0.747290 0.747290 0.747290
7880 35.477946 35.477946 35.477946 0.747290 0.747290 0.747290
7890 35.477946 35.477946 35.477946 0.747290 0.747290 0.747290
7900 35.477946 35.477946 35.477946 0.747290 0.747290 0.747290
7910 35.477946 35.477946 35.477946 0.747290 0.747290 0.747290
7920 35.477946 35.477946 35.477946 0.747290 0.747290 0.747290
7930 35.477946 35.477946 35.477946 0.747290 0.747290 0.747290
7940 35.477946 35.477946 35.477946 0.747290 0.747290 0.747290
7950 35.477946 35.477946 35.477946 0.747290 0.747290 0.747290
7960 35.477946 35.477946 35.477946 0.747290 0.747290 0.747290
7970 35.477946 35.477946 35.477946 0.747290 0.747290 0.747290
7980 35.477946 35.477946 35.477946 0.747290 0.747290 0.747290
7990 35.477946 35.477946 35.477946 0.747290 0.747290 0.747290
8000 35.477946 35.477946 35.477946 0.747290 0.747290 0.747290
8010 35.477946 35.477946 35.477946 0.747290 0.747290 0.747290
8020 35.477946 35.477946 35.477946 0.747290 0.747290 0.747290
8030 35.477946 35.477946 35.477946 0.747290 0.747290 0.747290
8040 35.477946 35.477946 35.477946 0.747290 0.747290 0.747290
8050 35.477946 35.477946 35.477946 0.747290 0.747290 0.747290
8060 35.477946 35.477946 35.477946 0.747290 0.747290 0.747290
8070 35.477946 35.477946 35.477946 0.747290 0.747290 0.747290
8080 35.477946 35.477946 35.477946 0.747290 0.747290 0.747290
8090 35.477946 35.477946 35.477946 0.747290 0.747290 0.747290
8100 35.477946 35.477946 35.477946 0.747290 0.747290 0.747290
8110 35.477946 35.477946 35.477946 0.747290 0.747290 0.747290
8120 35.477946 35.477946 35.477946 0.747290 0.747290 0.747290
8130 35.477946 35.477946 35.477946 0.747290 0.747290 0.747290
8140 35.477946 35.477946 35.477946 0.747290 0.747290 0.747290
8150 35.477946 35.477946 35.477946 0.747290 0.747290 0.747290
8160 35.477946 35.477946 35.477946 0.747290 0.747290 0.747290
8170 35.477946 35.477946 35.477946 0.747290 0.747290 0.747290
8180 35.477946 35.477946 35.477946 0.747290 0.747290 0.747290
8190 35.477946 35.477946 35.477946 0.747290 0.747290 0.747290
8200 35.477946 35.477946 35.477946 0.747290 0.747290 0.747290
8210 35.477946 35.477946 35.477946 0.747290 0.747290 0.747290
8220 35.477946 35.477946 35.477946 0.747290 0.747290 0.747290
8230 35.477946 35.477946 35.477946 0.747290 0.747290 0.747290
8240 35.477946 35.477946 35.477946 0.747290 0.747290 0.747290
8250 35.477946 35.477946 35.477946 0.747290 0.747290 0.747290
8260 35.477946 35.477946 35.477946 0.747290 0.747290 0.747290
8270 35.477946 35.477946 35.477946 0.747290 0.747290 0.747290
8280 35.477946 35.477946 35.477946 0.747290 0.747290 0.747290
8290 35.477946 35.477946 35.477946 0.747290 0.747290 0.747290
8300 35.477946 35.477946 35.477946 0.747290 0.747290 0.747290
8310 35.477946 35.477946 35.477946 0.747290 0.747290 0.747290
8320 35.477946 35.477946 35.477946 0.747290 0.747290 0.747290
8330 35.477946 35.477946 35.477946 0.747290 0.747290 0.747290
8340 35.477946 35.477946 35.477946 0.747290 0.747290 0.747290
8350 35.477946 35.477946 35.477946 0.747290 0.747290 0.747290
8360 35.477946 35.477946 35.477946 0.747290 0.747290 0.747290
8370 35.477946 35.477946 35.477946 0.747290 0.747290 0.747290
8380 35.477946 35.477946 35.477946 0.747290 0.747290 0.747290
8390 35.477946 35.477946 35.477946 0.747290 0.747290 0.747290
8400 35.477946 35.477946 35.477946 0.747290 0.747290 0.747290
8410 35.477946 35.477946 35.477946 0.747290 0.747290 0.747290
8420 35.477946 35.477946 35.477946 0.747290 0.747290 0.747290
8430 35.477946 35.477946 35.477946 0.747290 0.747290 0.747290
8440 35.477946 35.477946 35.477946 0.747290 0.747290 0.747290
8450 35.477946 35.477946 35.477946 0.747290 0.747290 0.747290
8460 35.477946 35.477946 35.477946 0.747290 0.747290 0.747290
8470 35.477946 35.477946 35.477946 0.747290 0.747290 0.747290
8480 35.477946 35.477946 35.477946 0.747290 0.747290 0.747290
8490 35.477946 35.477946 35.477946 0.747290 0.747290 0.747290
8500 35.477946 35.477946 35.477946 0.747290 0.747290 0.747290
8510 35.477946 35.477946 35.477946 0.747290 0.747290 0.747290
8520 35.477946 35.477946 35.477946 0.747290 0.747290 0.747290
8530 35.477946 35.477946 35.477946 0.747290 0.747290 0.747290
8540 35.477946 35.477946 35.477946 0.747290 0.747290 0.747290
8550 35.477946 35.477946 35.477946 0.747290 0.747290 0.747290
8560 35.477946 35.477946 35.477946 0.747290 0.747290 0.747290
8570 35.477946 35.477946 35.477946 0.747290 0.747290 0.747290
8580 35.477946 35.477946 35.477946 0.747290 0.747290 0.747290
8590 35.477946 35.477946 35.477946 0.747290 0.747290 0.747290
8600 35.477946 35.477946 35.477946 0.747290 0.747290 0.747290
8610 35.477946 35.477946 35.477946 0.747290 0.747290 0.747290
8620 35.477946 35.477946 35.477946 0.747290 0.747290 0.747290
8630 35.477946 35.477946 35.477946 0.747290 0.747290 0.747290
8640 35.477946 35.477946 35.477946 0.747290 0.747290 0.747290
8650 35.477946 35.477946 35.477946 0.747290 0.747290 0.747290
8660 35.477946 35.477946 35.477946 0.747290 0.747290 0.747290
8670 35.477946 35.477946 35.477946 0.747290 0.747290 0.747290
8680 35.477946 35.477946 35.477946 0.747290 0.747290 0.747290
8690 35.477946 35.477946 35.477946 0.747290 0.747290 0.747290
8700 35.477946 35.477946 35.477946 0.747290 0.747290 0.747290
8710 35.477946 35.477946 35.477946 0.747290 0.747290 0.747290
8720 35.477946 35.477946 35.477946 0.747290 0.747290 0.747290
8730 35.477946 35.477946 35.477946 0.747290 0.747290 0.747290
8740 35.477946 35.477946 35.477946 0.747290 0.747290 0.747290
8750 35.477946 35.477946 35.477946 0.747290 0.747290 0.747290
8760 35.477946 35.477946 35.477946 0.747290 0.747290 0.747290
8770 35.477946 35.477946 35.477946 0.747290 0.747290 0.747290
8780 35.477946 35.477946 35.477946 0.747290 0.747290 0.747290
8790 35.477946 35.477946 35.477946 0.747290 0.747290 0.747290
8800 35.477946 35.477946 35.477946 0.747290 0.747290 0.747290
8810 35.477946 35.477946 35.477946 0.747290 0.747290 0.747290
8820 35.477946 35.477946 35.477946 0.747290 0.747290 0.747290
8830 35.477946 35.477946 35.477946 0.747290 0.747290 0.747290
8840 35.477946 35.477946 35.477946 0.747290 0.747290 0.747290
8850 35.477946 35.477946 35.477946 0.747290 0.747290 0.747290
8860 35.477946 35.477946 35.477946 0.747290 0.747290 0.747290
8870 35.477946 35.477946 35.477946 0.747290 0.747290 0.747290
8880 35.477946 35.477946 35.477946 0.747290 0.747290 0.747290
8890 35.477946 35.477946 35.477946 0.747290 0.747290 0.747290
8900 35.477946 35.477946 35.477946 0.747290 0.747290 0.747290
8910 35.477946 35.477946 35.477946 0.747290 0.747290 0.747290
8920 35.477946 35.477946 35.477946 0.747290 0.747290 0.747290
8930 35.477946 35.477946 35.477946 0.747290 0.747290 0.747290
8940 35.477946 35.477946 35.477946 0.747290 0.747290 0.747290
8950 35.477946 35.477946 35.477946 0.747290 0.747290 0.747290
8960 35.477946 35.477946 35.477946 0.747290 0.747290 0.747290
8970 35.477946 35.477946 35.477946 0.747290 0.747290 0.747290
8980 35.477946 35.477946 35.477946 0.747290 0.747290 0.747290
8990 35.477946 35.477946 35.477946 0.747290 0.747290 0.747290
9000 35.477946 35.477946 35.477946 0.747290 0.747290 0.747290
9010 35.477946 35.477946 35.477946 0.747290 0.747290 0.747290
9020 35.477946 35.477946 35.477946 0.747290 0.747290 0.747290
9030 35.477946 35.477946 35.477946 0.747290 0.747290 0.747290
9040 35.477946 35.477946 35.477946 0.747290 0.747290 0.747290
9050 35.477946 35.477946 35.477946 0.747290 0.747290 0.747290
9060 35.477946 35.477946 35.477946 0.747290 0.747290 0.747290
9070 35.477946 35.477946 35.477946 0.747290 0.747290 0.747290
9080 35.477946 35.477946 35.477946 0.747290 0.747290 0.747290
9090 35.477946 35.477946 35.477946 0.747290 0.747290 0.747290
9100 35.477946 35.477946 35.477946 0.747290 0.747290 0.747290
9110 35.477946 35.477946 35.477946 0.747290 0.747290 0.747290
9120 35.477946 35.477946 35.477946 0.747290 0.747290 0.747290
9130 35.477946 35.477946 35.477946 0.747290 0.747290 0.747290
9140 35.477946 35.477946 35.477946 0.747290 0.747290 0.747290
9150 35.477946 35.477946 35.477946 0.747290 0.747290 0.747290
9160 35.477946 35.477946 35.477946 0.747290 0.747290 0.747290
9170 35.477946 35.477946 35.477946 0.747290 0.747290 0.747290
9180 35.477946 35.477946 35.477946 0.747290 0.747290 0.747290
9190 35.477946 35.477946 35.477946 0.747290 0.747290 0.747290
9200 35.477946 35.477946 35.477946 0.747290 0.747290 0.747290
9210 35.477946 35.477946 35.477946 0.747290 0.747290 0.747290
9220 35.477946 35.477946 35.477946 0.747290 0.747290 0.747290
9230 35.477946 35.477946 35.477946 0.747290 0.747290 0.747290
9240 35.477946 35.477946 35.477946 0.747290 0.747290 0.747290
9250 35.477946 35.477946 35.477946 0.747290 0.747290 0.747290
9260 35.477946 35.477946 35.477946 0.747290 0.747290 0.747290
9270 35.477946 35.477946 35.477946 0.747290 0.747290 0.747290
9280 35.477946 35.477946 35.477946 0.747290 0.747290 0.747290
9290 35.477946 35.477946 35.477946 0.747290 0.747290 0.747290
9300 35.477946 35.477946 35.477946 0.747290 0.747290 0.747290
9310 35.477946 35.477946 35.477946 0.747290 0.747290 0.747290
9320 35.477946 35.477946 35.477946 0.747290 0.747290 0.747290
9330 35.477946 35.477946 35.477946 0.747290 0.747290 0.747290
9340 35.477946 35.477946 35.477946 0.747290 0.747290 0.747290
9350 35.477946 35.477946 35.477946 0.747290 0.747290 0.747290
9360 35.477946 35.477946 35.477946 0.747290 0.747290 0.747290
9370 35.477946 35.477946 35.477946 0.747290 0.747290 0.747290
9380 35.477946 35.477946 35.477946 0.747290 0.747290 0.747290
9390 35.477946 35.477946 35.477946 0.747290 0.747290 0.747290
9400 35.477946 35.477946 35.477946 0.747290 0.747290 0.747290
9410 35.477946 35.477946 35.477946 0.747290 0.747290 0.747290
9420 35.477946 35.477946 35.477946 0.747290 0.747290 0.747290
9430 35.477946 35.477946 35.477946 0.747290 0.747290 0.747290
9440 35.477946 35.477946 35.477946 0.747290 0.747290 0.747290
9450 35.477946 35.477946 35.477946 0.747290 0.747290 0.747290
9460 35.477946 35.477946 35.477946 0.747290 0.747290 0.747290
9470 35.477946 35.477946 35.477946 0.747290 0.747290 0.747290
9480 35.477946 35.477946 35.477946 0.747290 0.747290 0.747290
9490 35.477946 35.477946 35.477946 0.747290 0.747290 0.747290
9500 35.477946 35.477946 35.477946 0.747290 0.747290 0.747290
9510 35.477946 35.477946 35.477946 0.747290 0.747290 0.747290
9520 35.477946 35.477946 35.477946 0.747290 0.747290 0.747290
9530 35.477946 35.477946 35.477946 0.747290 0.747290 0.747290
9540 35.477946 35.477946 35.477946 0.747290 0.747290 0.747290
9550 35.477946 35.477946 35.477946 0.747290 0.747290 0.747290
9560 35.477946 35.477946 35.477946 0.747290 0.747290 0.747290
9570 35.477946 35.477946 35.477946 0.747290 0.747290 0.747290
9580 35.477946 35.477946 35.477946 0.747290 0.747290 0.747290
9590 35.477946 35.477946 35.477946 0.747290 0.747290 0.747290
9600 35.477946 35.477946 35.477946 0.747290 0.747290 0.747290
9610 35.477946 35.477946 35.477946 0.747290 0.747290 0.747290
9620 35.477946 35.477946 35.477946 0.747290 0.747290 0.747290
9630 35.477946 35.477946 35.477946 0.747290 0.747290 0.747290
9640 35.477946 35.477946 35.477946 0.747290 0.747290 0.747290
9650 35.477946 35.477946 35.477946 0.747290 0.747290 0.747290
9660 35.477946 35.477946 35.477946 0.747290 0.747290 0.747290
9670 35.477946 35.477946 35.477946 0.747290 0.747290 0.747290
9680 35.477946 35.477946 35.477946 0.747290 0.747290 0.747290
9690 35.477946 35.477946 35.477946 0.747290 0.747290 0.747290
9700 35.477946 35.477946 35.477946 0.747290 0.747290 0.747290
9710 35.477946 35.477946 35.477946 0.747290 0.747290 0.747290
9720 35.477946 35.477946 35.477946 0.747290 0.747290 0.747290
9730 35.477946 35.477946 35.477946 0.747290 0.747290 0.747290
9740 35.477946 35.477946 35.477946 0.747290 0.747290 0.747290
9750 35.477946 35.477946 35.477946 0.747290 0.747290 0.747290
9760 35.477946 35.477946 35.477946 0.747290 0.747290 0.747290
9770 35.477946 35.477946 35.477946 0.747290 0.747290 0.747290
9780 35.477946 35.477946 35.477946 0.747290 0.747290 0.747290
9790 35.477946 35.477946 35.477946 0.747290 0.747290 0.747290
9800 35.477946 35.477946 35.477946 0.747290 0.747290 0.747290
9810 35.477946 35.477946 35.477946 0.747290 0.747290 0.747290
9820 35.477946 35.477946 35.477946 0.747290 0.747290 0.747290
9830 35.477946 35.477946 35.477946 0.747290 0.747290 0.747290
9840 35.477946 35.477946 35.477946 0.747290 0.747290 0.747290
9850 35.477946 35.477946 35.477946 0.747290 0.747290 0.747290
9860 35.477946 35.477946 35.477946 0.747290 0.747290 0.747290
9870 35.477946 35.477946 35.477946 0.747290 0.747290 0.747290
9880 35.477946 35.477946 35.477946 0.747290 0.747290 0.747290
9890 35.477946 35.477946 35.477946 0.747290 0.747290 0.747290
9900 35.477946 35.477946 35.477946 0.747290 0.747290 0.747290
9910 35.477946 35.477946 35.477946 0.747290 0.747290 0.747290
9920 35.477946 35.477946 35.477946 0.747290 0.747290 0.747290
9930 35.477946 35.477946 35.477946 0.747290 0.747290 0.747290
9940 35.477946 35.477946 35.477946 0.747290 0.747290 0.747290
9950 35.477946 35.477946 35.477946 0.747290 0.747290 0.747290
9960 35.477946 35.477946 35.477946 0.747290 0.747290 0.747290
9970 35.477946 35.477946 35.477946 0.747290 0.747290 0.747290
9980 35.477946 35.477946 35.477946 0.747290 0.747290 0.747290
9990 35.477946 35.477946 35.477946 0.747290 0.747290 0.747290
10000 35.477946 35.477946 35.477946 0.747290 0.747290 0.747290
