# generation power_min power_avg power_max util_min util_avg util_max
1 34.512512 34.512512 34.512512 1.031270 1.390590 1.499315
10 33.240472 33.240472 33.240472 1.012090 1.363294 1.498632
20 30.546537 14.541634 30.546537 0.994407 1.327877 1.498195
30 20.615440 14.740705 20.615440 0.989020 1.292300 1.498003
40 20.615440 15.483788 20.615440 0.930859 1.262668 1.498003
50 19.539777 14.976029 19.539777 0.930859 1.228510 1.492133
60 19.539777 14.910156 19.539777 0.930859 1.193251 1.468491
70 19.539777 14.964019 19.539777 0.930859 1.160996 1.468491
80 19.539777 14.350326 19.539777 0.877376 1.130704 1.457053
90 19.539777 14.272033 19.539777 0.825030 1.097291 1.357046
100 19.539777 14.296486 19.539777 0.825030 1.066443 1.304979
110 19.539777 13.953197 19.539777 0.808447 1.037105 1.304979
120 18.396742 13.783384 18.396742 0.808447 1.015468 1.304979
130 11.442883 13.627629 17.713037 0.785661 0.993167 1.304979
140 11.048463 13.390026 17.231452 0.785661 0.973878 1.304979
150 11.048463 13.227964 16.549455 0.785661 0.960665 1.140074
160 10.767485 13.018302 15.970436 0.785661 0.945243 1.097773
170 10.767485 12.806516 15.286812 0.758447 0.935096 1.070042
180 10.767485 12.495673 14.504198 0.758447 0.927675 1.070042
190 10.608204 12.171043 14.011324 0.758447 0.915932 1.070042
200 10.134152 11.908529 13.670010 0.739142 0.907959 1.070042
210 10.134152 11.678058 13.009931 0.739142 0.907367 1.070042
220 9.709024 11.466102 12.763066 0.739142 0.903070 1.070042
230 9.709024 11.283946 12.423767 0.739142 0.901145 1.033604
240 9.709024 11.114840 12.144345 0.739142 0.898214 1.022531
250 9.709024 10.947102 11.889700 0.732282 0.892143 1.022531
260 9.709024 10.784226 11.712682 0.680549 0.889805 1.022531
270 9.621863 10.653105 11.560141 0.674965 0.881096 1.022531
280 9.607823 10.512391 11.337582 0.674965 0.870539 1.022531
290 9.184296 10.364507 11.146843 0.658879 0.856917 1.022531
300 9.184296 10.218654 10.970261 0.658879 0.848583 1.022531
310 9.080514 10.124520 10.832981 0.604593 0.835244 1.011193
320 8.987950 10.005623 10.659585 0.604593 0.826706 1.011193
330 8.987950 9.895929 10.505386 0.604593 0.819352 1.011193
340 8.937962 9.759372 10.384031 0.604593 0.804840 1.011193
350 8.746581 9.648384 10.277639 0.604593 0.795304 1.001466
360 8.691720 9.541864 10.102836 0.604593 0.783362 1.001466
370 8.583072 9.427986 10.020142 0.604593 0.777166 1.001466
380 8.504520 9.313131 9.909972 0.604593 0.768789 1.001466
390 8.268760 9.204284 9.836932 0.604593 0.755310 0.974026
400 8.256272 9.087340 9.709024 0.604593 0.737394 0.974026
410 8.256272 8.985426 9.635633 0.604593 0.728287 0.974026
420 7.856862 8.881202 9.465312 0.604593 0.722373 0.974026
430 7.804707 8.788736 9.331067 0.604593 0.712899 0.865502
440 7.804707 8.702224 9.158639 0.551702 0.710121 0.865502
450 7.804707 8.619127 9.035868 0.551702 0.704728 0.863154
460 7.709728 8.544525 8.948533 0.551702 0.703465 0.863154
470 7.704881 8.454185 8.917902 0.551702 0.702766 0.863154
480 7.440110 8.354338 8.840090 0.551702 0.701394 0.863154
490 7.342284 8.248151 8.771399 0.551702 0.695498 0.818573
500 7.342284 8.153891 8.698119 0.551702 0.690857 0.818573
510 7.342284 8.072177 8.583072 0.551702 0.690506 0.818573
520 7.342284 7.973073 8.485899 0.551702 0.687105 0.818573
530 7.336166 7.879920 8.442618 0.551702 0.681810 0.804571
540 7.317762 7.796684 8.331259 0.551702 0.676777 0.804571
550 7.242257 7.713351 8.221107 0.551702 0.675558 0.804571
560 7.126923 7.637095 8.024843 0.551702 0.667830 0.804571
570 7.126923 7.580239 7.962919 0.551702 0.666204 0.804571
580 7.126923 7.524320 7.851304 0.551702 0.659039 0.804571
590 7.126923 7.477703 7.784665 0.564177 0.655648 0.804571
600 7.126923 7.430255 7.694234 0.564177 0.653852 0.804571
610 6.938848 7.380458 7.640664 0.554381 0.645296 0.736463
620 6.938848 7.341575 7.596273 0.554381 0.644086 0.736463
630 6.938848 7.303025 7.539671 0.554381 0.644784 0.724272
640 6.637389 7.259038 7.450806 0.554381 0.641449 0.724272
650 6.637389 7.216134 7.403441 0.539250 0.637991 0.720640
660 6.637389 7.176129 7.357346 0.498582 0.629358 0.720640
670 6.637389 7.136313 7.341568 0.498582 0.629875 0.720640
680 6.637389 7.094914 7.330495 0.498582 0.629345 0.720882
690 6.529905 7.051521 7.303135 0.498582 0.626269 0.720882
700 6.529905 7.002133 7.223796 0.498582 0.620192 0.720882
710 6.489562 6.956273 7.195604 0.498582 0.613630 0.720882
720 6.489562 6.912421 7.186061 0.488261 0.604984 0.720882
730 6.489562 6.865413 7.144758 0.488261 0.599421 0.720882
740 6.426493 6.809982 7.097367 0.488261 0.592287 0.712717
750 6.375997 6.748946 7.075326 0.488261 0.586917 0.681260
760 6.375997 6.694985 6.994920 0.488261 0.581607 0.677829
770 6.327998 6.643673 6.912506 0.488261 0.581408 0.677829
780 6.327998 6.601201 6.883046 0.488261 0.581347 0.649379
790 6.265878 6.549762 6.831934 0.522817 0.584099 0.649379
800 6.168307 6.504807 6.758824 0.522817 0.586460 0.649379
810 6.168307 6.462807 6.714431 0.522817 0.590788 0.667017
820 6.168307 6.423492 6.645117 0.522817 0.597287 0.667623
830 6.168307 6.387680 6.576474 0.541402 0.606049 0.692662
840 6.168307 6.357083 6.538137 0.541402 0.614407 0.692662
850 6.168307 6.330306 6.497526 0.558792 0.620976 0.692662
860 6.168307 6.307213 6.437928 0.558792 0.626578 0.692662
870 6.168307 6.288867 6.412398 0.561546 0.636054 0.692662
880 6.142278 6.270066 6.395537 0.565476 0.640170 0.692662
890 6.086368 6.250550 6.386448 0.565476 0.646100 0.692662
900 6.086368 6.235039 6.305750 0.565476 0.650766 0.692662
910 6.024272 6.221786 6.289749 0.565476 0.654278 0.692662
920 6.024272 6.210055 6.273476 0.565476 0.659386 0.692662
930 6.024272 6.201785 6.259634 0.565476 0.668233 0.693965
940 6.024272 6.193207 6.250144 0.565476 0.669101 0.693965
950 6.024272 6.182584 6.243630 0.565476 0.667688 0.693965
960 6.024272 6.167994 6.235962 0.565476 0.663120 0.693965
970 6.001853 6.152260 6.231457 0.565476 0.661296 0.693965
980 6.001853 6.138403 6.190719 0.565476 0.657967 0.693965
990 5.998687 6.126209 6.189636 0.565476 0.653562 0.693965
1000 5.998687 6.113616 6.189636 0.565476 0.646738 0.693965
1010 5.943495 6.097910 6.189156 0.565476 0.639906 0.693965
1020 5.943495 6.081756 6.188212 0.565476 0.632667 0.693965
1030 5.925754 6.063841 6.172359 0.565476 0.627553 0.690976
1040 5.925754 6.045822 6.158300 0.565476 0.624263 0.690976
1050 5.925754 6.034505 6.112684 0.590883 0.624442 0.690976
1060 5.925754 6.024026 6.086368 0.590883 0.624830 0.690976
1070 5.925754 6.011639 6.086368 0.590883 0.628039 0.690976
1080 5.925754 5.999616 6.042492 0.614323 0.627864 0.671675
1090 5.925754 5.989281 6.041068 0.614608 0.628429 0.672531
1100 5.925754 5.980024 6.041068 0.614608 0.628936 0.672531
1110 5.925754 5.970701 6.024272 0.614323 0.628813 0.672531
1120 5.925754 5.961399 6.024272 0.614323 0.628762 0.672531
1130 5.925754 5.952539 6.015484 0.614323 0.627021 0.672531
1140 5.925754 5.943921 6.015484 0.614323 0.621466 0.672531
1150 5.925754 5.936131 5.998687 0.614323 0.618167 0.671675
1160 5.925754 5.931607 5.943495 0.614323 0.615452 0.616674
1170 5.925754 5.929842 5.943495 0.614323 0.615590 0.616674
1180 5.925754 5.928068 5.943495 0.614323 0.615739 0.616674
1190 5.925754 5.926341 5.942551 0.614928 0.615833 0.616674
1200 5.925754 5.925922 5.926698 0.614928 0.615928 0.616674
1210 5.925754 5.925827 5.926698 0.614928 0.616045 0.616674
1220 5.925754 5.925754 5.925754 0.616104 0.616104 0.616104
1230 5.925754 5.925754 5.925754 0.616104 0.616104 0.616104
1240 5.925754 5.925754 5.925754 0.616104 0.616104 0.616104
1250 5.925754 5.925754 5.925754 0.616104 0.616104 0.616104
1260 5.925754 5.925754 5.925754 0.616104 0.616104 0.616104
1270 5.925754 5.925754 5.925754 0.616104 0.616104 0.616104
1280 5.925754 5.925754 5.925754 0.616104 0.616104 0.616104
1290 5.925754 5.925754 5.925754 0.616104 0.616104 0.616104
1300 5.925754 5.925754 5.925754 0.616104 0.616104 0.616104
1310 5.925754 5.925754 5.925754 0.616104 0.616104 0.616104
1320 5.925754 5.925754 5.925754 0.616104 0.616104 0.616104
1330 5.925754 5.925754 5.925754 0.616104 0.616104 0.616104
1340 5.925754 5.925754 5.925754 0.616104 0.616104 0.616104
1350 5.925754 5.925754 5.925754 0.616104 0.616104 0.616104
1360 5.925754 5.925754 5.925754 0.616104 0.616104 0.616104
1370 5.925754 5.925754 5.925754 0.616104 0.616104 0.616104
1380 5.925754 5.925754 5.925754 0.616104 0.616104 0.616104
1390 5.925754 5.925754 5.925754 0.616104 0.616104 0.616104
1400 5.925754 5.925754 5.925754 0.616104 0.616104 0.616104
1410 5.925754 5.925754 5.925754 0.616104 0.616104 0.616104
1420 5.925754 5.925754 5.925754 0.616104 0.616104 0.616104
1430 5.925754 5.925754 5.925754 0.616104 0.616104 0.616104
1440 5.925754 5.925754 5.925754 0.616104 0.616104 0.616104
1450 5.925754 5.925754 5.925754 0.616104 0.616104 0.616104
1460 5.925754 5.925754 5.925754 0.616104 0.616104 0.616104
1470 5.925754 5.925754 5.925754 0.616104 0.616104 0.616104
1480 5.925754 5.925754 5.925754 0.616104 0.616104 0.616104
1490 5.925754 5.925754 5.925754 0.616104 0.616104 0.616104
1500 5.925754 5.925754 5.925754 0.616104 0.616104 0.616104
1510 5.925754 5.925754 5.925754 0.616104 0.616104 0.616104
1520 5.925754 5.925754 5.925754 0.616104 0.616104 0.616104
1530 5.925754 5.925754 5.925754 0.616104 0.616104 0.616104
1540 5.925754 5.925754 5.925754 0.616104 0.616104 0.616104
1550 5.925754 5.925754 5.925754 0.616104 0.616104 0.616104
1560 5.925754 5.925754 5.925754 0.616104 0.616104 0.616104
1570 5.925754 5.925754 5.925754 0.616104 0.616104 0.616104
1580 5.925754 5.925754 5.925754 0.616104 0.616104 0.616104
1590 5.925754 5.925754 5.925754 0.616104 0.616104 0.616104
1600 5.925754 5.925754 5.925754 0.616104 0.616104 0.616104
1610 5.925754 5.925754 5.925754 0.616104 0.616104 0.616104
1620 5.925754 5.925754 5.925754 0.616104 0.616104 0.616104
1630 5.925754 5.925754 5.925754 0.616104 0.616104 0.616104
1640 5.925754 5.925754 5.925754 0.616104 0.616104 0.616104
1650 5.925754 5.925754 5.925754 0.616104 0.616104 0.616104
1660 5.925754 5.925754 5.925754 0.616104 0.616104 0.616104
1670 5.925754 5.925754 5.925754 0.616104 0.616104 0.616104
1680 5.925754 5.925754 5.925754 0.616104 0.616104 0.616104
1690 5.925754 5.925754 5.925754 0.616104 0.616104 0.616104
1700 5.925754 5.925754 5.925754 0.616104 0.616104 0.616104
1710 5.925754 5.925754 5.925754 0.616104 0.616104 0.616104
1720 5.925754 5.925754 5.925754 0.616104 0.616104 0.616104
1730 5.925754 5.925754 5.925754 0.616104 0.616104 0.616104
1740 5.925754 5.925754 5.925754 0.616104 0.616104 0.616104
1750 5.925754 5.925754 5.925754 0.616104 0.616104 0.616104
1760 5.925754 5.925754 5.925754 0.616104 0.616104 0.616104
1770 5.925754 5.925754 5.925754 0.616104 0.616104 0.616104
1780 5.925754 5.925754 5.925754 0.616104 0.616104 0.616104
1790 5.925754 5.925754 5.925754 0.616104 0.616104 0.616104
1800 5.925754 5.925754 5.925754 0.616104 0.616104 0.616104
1810 5.925754 5.925754 5.925754 0.616104 0.616104 0.616104
1820 5.925754 5.925754 5.925754 0.616104 0.616104 0.616104
1830 5.925754 5.925754 5.925754 0.616104 0.616104 0.616104
1840 5.925754 5.925754 5.925754 0.616104 0.616104 0.616104
1850 5.925754 5.925754 5.925754 0.616104 0.616104 0.616104
1860 5.925754 5.925754 5.925754 0.616104 0.616104 0.616104
1870 5.925754 5.925754 5.925754 0.616104 0.616104 0.616104
1880 5.925754 5.925754 5.925754 0.616104 0.616104 0.616104
1890 5.925754 5.925754 5.925754 0.616104 0.616104 0.616104
1900 5.925754 5.925754 5.925754 0.616104 0.616104 0.616104
1910 5.925754 5.925754 5.925754 0.616104 0.616104 0.616104
1920 5.925754 5.925754 5.925754 0.616104 0.616104 0.616104
1930 5.925754 5.925754 5.925754 0.616104 0.616104 0.616104
1940 5.925754 5.925754 5.925754 0.616104 0.616104 0.616104
1950 5.925754 5.925754 5.925754 0.616104 0.616104 0.616104
1960 5.925754 5.925754 5.925754 0.616104 0.616104 0.616104
1970 5.925754 5.925754 5.925754 0.616104 0.616104 0.616104
1980 5.925754 5.925754 5.925754 0.616104 0.616104 0.616104
1990 5.925754 5.925754 5.925754 0.616104 0.616104 0.616104
2000 5.925754 5.925754 5.925754 0.616104 0.616104 0.616104
2010 5.925754 5.925754 5.925754 0.616104 0.616104 0.616104
2020 5.925754 5.925754 5.925754 0.616104 0.616104 0.616104
2030 5.925754 5.925754 5.925754 0.616104 0.616104 0.616104
2040 5.925754 5.925754 5.925754 0.616104 0.616104 0.616104
2050 5.925754 5.925754 5.925754 0.616104 0.616104 0.616104
2060 5.925754 5.925754 5.925754 0.616104 0.616104 0.616104
2070 5.925754 5.925754 5.925754 0.616104 0.616104 0.616104
2080 5.925754 5.925754 5.925754 0.616104 0.616104 0.616104
2090 5.925754 5.925754 5.925754 0.616104 0.616104 0.616104
2100 5.925754 5.925754 5.925754 0.616104 0.616104 0.616104
2110 5.925754 5.925754 5.925754 0.616104 0.616104 0.616104
2120 5.925754 5.925754 5.925754 0.616104 0.616104 0.616104
2130 5.925754 5.925754 5.925754 0.616104 0.616104 0.616104
2140 5.925754 5.925754 5.925754 0.616104 0.616104 0.616104
2150 5.925754 5.925754 5.925754 0.616104 0.616104 0.616104
2160 5.925754 5.925754 5.925754 0.616104 0.616104 0.616104
2170 5.925754 5.925754 5.925754 0.616104 0.616104 0.616104
2180 5.925754 5.925754 5.925754 0.616104 0.616104 0.616104
2190 5.925754 5.925754 5.925754 0.616104 0.616104 0.616104
2200 5.925754 5.925754 5.925754 0.616104 0.616104 0.616104
2210 5.925754 5.925754 5.925754 0.616104 0.616104 0.616104
2220 5.925754 5.925754 5.925754 0.616104 0.616104 0.616104
2230 5.925754 5.925754 5.925754 0.616104 0.616104 0.616104
2240 5.925754 5.925754 5.925754 0.616104 0.616104 0.616104
2250 5.925754 5.925754 5.925754 0.616104 0.616104 0.616104
2260 5.925754 5.925754 5.925754 0.616104 0.616104 0.616104
2270 5.925754 5.925754 5.925754 0.616104 0.616104 0.616104
2280 5.925754 5.925754 5.925754 0.616104 0.616104 0.616104
2290 5.925754 5.925754 5.925754 0.616104 0.616104 0.616104
2300 5.925754 5.925754 5.925754 0.616104 0.616104 0.616104
2310 5.925754 5.925754 5.925754 0.616104 0.616104 0.616104
2320 5.925754 5.925754 5.925754 0.616104 0.616104 0.616104
2330 5.925754 5.925754 5.925754 0.616104 0.616104 0.616104
2340 5.925754 5.925754 5.925754 0.616104 0.616104 0.616104
2350 5.925754 5.925754 5.925754 0.616104 0.616104 0.616104
2360 5.925754 5.925754 5.925754 0.616104 0.616104 0.616104
2370 5.925754 5.925754 5.925754 0.616104 0.616104 0.616104
2380 5.925754 5.925754 5.925754 0.616104 0.616104 0.616104
2390 5.925754 5.925754 5.925754 0.616104 0.616104 0.616104
2400 5.925754 5.925754 5.925754 0.616104 0.616104 0.616104
2410 5.925754 5.925754 5.925754 0.616104 0.616104 0.616104
2420 5.925754 5.925754 5.925754 0.616104 0.616104 0.616104
2430 5.925754 5.925754 5.925754 0.616104 0.616104 0.616104
2440 5.925754 5.925754 5.925754 0.616104 0.616104 0.616104
2450 5.925754 5.925754 5.925754 0.616104 0.616104 0.616104
2460 5.925754 5.925754 5.925754 0.616104 0.616104 0.616104
2470 5.925754 5.925754 5.925754 0.616104 0.616104 0.616104
2480 5.925754 5.925754 5.925754 0.616104 0.616104 0.616104
2490 5.925754 5.925754 5.925754 0.616104 0.616104 0.616104
2500 5.925754 5.925754 5.925754 0.616104 0.616104 0.616104
2510 5.925754 5.925754 5.925754 0.616104 0.616104 0.616104
2520 5.925754 5.925754 5.925754 0.616104 0.616104 0.616104
2530 5.925754 5.925754 5.925754 0.616104 0.616104 0.616104
2540 5.925754 5.925754 5.925754 0.616104 0.616104 0.616104
2550 5.925754 5.925754 5.925754 0.616104 0.616104 0.616104
2560 5.925754 5.925754 5.925754 0.616104 0.616104 0.616104
2570 5.925754 5.925754 5.925754 0.616104 0.616104 0.616104
2580 5.925754 5.925754 5.925754 0.616104 0.616104 0.616104
2590 5.925754 5.925754 5.925754 0.616104 0.616104 0.616104
2600 5.925754 5.925754 5.925754 0.616104 0.616104 0.616104
2610 5.925754 5.925754 5.925754 0.616104 0.616104 0.616104
2620 5.925754 5.925754 5.925754 0.616104 0.616104 0.616104
2630 5.925754 5.925754 5.925754 0.616104 0.616104 0.616104
2640 5.925754 5.925754 5.925754 0.616104 0.616104 0.616104
2650 5.925754 5.925754 5.925754 0.616104 0.616104 0.616104
2660 5.925754 5.925754 5.925754 0.616104 0.616104 0.616104
2670 5.925754 5.925754 5.925754 0.616104 0.616104 0.616104
2680 5.925754 5.925754 5.925754 0.616104 0.616104 0.616104
2690 5.925754 5.925754 5.925754 0.616104 0.616104 0.616104
2700 5.925754 5.925754 5.925754 0.616104 0.616104 0.616104
2710 5.925754 5.925754 5.925754 0.616104 0.616104 0.616104
2720 5.925754 5.925754 5.925754 0.616104 0.616104 0.616104
2730 5.925754 5.925754 5.925754 0.616104 0.616104 0.616104
2740 5.925754 5.925754 5.925754 0.616104 0.616104 0.616104
2750 5.925754 5.925754 5.925754 0.616104 0.616104 0.616104
2760 5.925754 5.925754 5.925754 0.616104 0.616104 0.616104
2770 5.925754 5.925754 5.925754 0.616104 0.616104 0.616104
2780 5.925754 5.925754 5.925754 0.616104 0.616104 0.616104
2790 5.925754 5.925754 5.925754 0.616104 0.616104 0.616104
2800 5.925754 5.925754 5.925754 0.616104 0.616104 0.616104
2810 5.925754 5.925754 5.925754 0.616104 0.616104 0.616104
2820 5.925754 5.925754 5.925754 0.616104 0.616104 0.616104
2830 5.925754 5.925754 5.925754 0.616104 0.616104 0.616104
2840 5.925754 5.925754 5.925754 0.616104 0.616104 0.616104
2850 5.925754 5.925754 5.925754 0.616104 0.616104 0.616104
2860 5.925754 5.925754 5.925754 0.616104 0.616104 0.616104
2870 5.925754 5.925754 5.925754 0.616104 0.616104 0.616104
2880 5.925754 5.925754 5.925754 0.616104 0.616104 0.616104
2890 5.925754 5.925754 5.925754 0.616104 0.616104 0.616104
2900 5.925754 5.925754 5.925754 0.616104 0.616104 0.616104
2910 5.925754 5.925754 5.925754 0.616104 0.616104 0.616104
2920 5.925754 5.925754 5.925754 0.616104 0.616104 0.616104
2930 5.925754 5.925754 5.925754 0.616104 0.616104 0.616104
2940 5.925754 5.925754 5.925754 0.616104 0.616104 0.616104
2950 5.925754 5.925754 5.925754 0.616104 0.616104 0.616104
2960 5.925754 5.925754 5.925754 0.616104 0.616104 0.616104
2970 5.925754 5.925754 5.925754 0.616104 0.616104 0.616104
2980 5.925754 5.925754 5.925754 0.616104 0.616104 0.616104
2990 5.925754 5.925754 5.925754 0.616104 0.616104 0.616104
3000 5.925754 5.925754 5.925754 0.616104 0.616104 0.616104
3010 5.925754 5.925754 5.925754 0.616104 0.616104 0.616104
3020 5.925754 5.925754 5.925754 0.616104 0.616104 0.616104
3030 5.925754 5.925754 5.925754 0.616104 0.616104 0.616104
3040 5.925754 5.925754 5.925754 0.616104 0.616104 0.616104
3050 5.925754 5.925754 5.925754 0.616104 0.616104 0.616104
3060 5.925754 5.925754 5.925754 0.616104 0.616104 0.616104
3070 5.925754 5.925754 5.925754 0.616104 0.616104 0.616104
3080 5.925754 5.925754 5.925754 0.616104 0.616104 0.616104
3090 5.925754 5.925754 5.925754 0.616104 0.616104 0.616104
3100 5.925754 5.925754 5.925754 0.616104 0.616104 0.616104
3110 5.925754 5.925754 5.925754 0.616104 0.616104 0.616104
3120 5.925754 5.925754 5.925754 0.616104 0.616104 0.616104
3130 5.925754 5.925754 5.925754 0.616104 0.616104 0.616104
3140 5.925754 5.925754 5.925754 0.616104 0.616104 0.616104
3150 5.925754 5.925754 5.925754 0.616104 0.616104 0.616104
3160 5.925754 5.925754 5.925754 0.616104 0.616104 0.616104
3170 5.925754 5.925754 5.925754 0.616104 0.616104 0.616104
3180 5.925754 5.925754 5.925754 0.616104 0.616104 0.616104
3190 5.925754 5.925754 5.925754 0.616104 0.616104 0.616104
3200 5.925754 5.925754 5.925754 0.616104 0.616104 0.616104
3210 5.925754 5.925754 5.925754 0.616104 0.616104 0.616104
3220 5.925754 5.925754 5.925754 0.616104 0.616104 0.616104
3230 5.925754 5.925754 5.925754 0.616104 0.616104 0.616104
3240 5.925754 5.925754 5.925754 0.616104 0.616104 0.616104
3250 5.925754 5.925754 5.925754 0.616104 0.616104 0.616104
3260 5.925754 5.925754 5.925754 0.616104 0.616104 0.616104
3270 5.925754 5.925754 5.925754 0.616104 0.616104 0.616104
3280 5.925754 5.925754 5.925754 0.616104 0.616104 0.616104
3290 5.925754 5.925754 5.925754 0.616104 0.616104 0.616104
3300 5.925754 5.925754 5.925754 0.616104 0.616104 0.616104
3310 5.925754 5.925754 5.925754 0.616104 0.616104 0.616104
3320 5.925754 5.925754 5.925754 0.616104 0.616104 0.616104
3330 5.925754 5.925754 5.925754 0.616104 0.616104 0.616104
3340 5.925754 5.925754 5.925754 0.616104 0.616104 0.616104
3350 5.925754 5.925754 5.925754 0.616104 0.616104 0.616104
3360 5.925754 5.925754 5.925754 0.616104 0.616104 0.616104
3370 5.925754 5.925754 5.925754 0.616104 0.616104 0.616104
3380 5.925754 5.925754 5.925754 0.616104 0.616104 0.616104
3390 5.925754 5.925754 5.925754 0.616104 0.616104 0.616104
3400 5.925754 5.925754 5.925754 0.616104 0.616104 0.616104
3410 5.925754 5.925754 5.925754 0.616104 0.616104 0.616104
3420 5.925754 5.925754 5.925754 0.616104 0.616104 0.616104
3430 5.925754 5.925754 5.925754 0.616104 0.616104 0.616104
3440 5.925754 5.925754 5.925754 0.616104 0.616104 0.616104
3450 5.925754 5.925754 5.925754 0.616104 0.616104 0.616104
3460 5.925754 5.925754 5.925754 0.616104 0.616104 0.616104
3470 5.925754 5.925754 5.925754 0.616104 0.616104 0.616104
3480 5.925754 5.925754 5.925754 0.616104 0.616104 0.616104
3490 5.925754 5.925754 5.925754 0.616104 0.616104 0.616104
3500 5.925754 5.925754 5.925754 0.616104 0.616104 0.616104
3510 5.925754 5.925754 5.925754 0.616104 0.616104 0.616104
3520 5.925754 5.925754 5.925754 0.616104 0.616104 0.616104
3530 5.925754 5.925754 5.925754 0.616104 0.616104 0.616104
3540 5.925754 5.925754 5.925754 0.616104 0.616104 0.616104
3550 5.925754 5.925754 5.925754 0.616104 0.616104 0.616104
3560 5.925754 5.925754 5.925754 0.616104 0.616104 0.616104
3570 5.925754 5.925754 5.925754 0.616104 0.616104 0.616104
3580 5.925754 5.925754 5.925754 0.616104 0.616104 0.616104
3590 5.925754 5.925754 5.925754 0.616104 0.616104 0.616104
3600 5.925754 5.925754 5.925754 0.616104 0.616104 0.616104
3610 5.925754 5.925754 5.925754 0.616104 0.616104 0.616104
3620 5.925754 5.925754 5.925754 0.616104 0.616104 0.616104
3630 5.925754 5.925754 5.925754 0.616104 0.616104 0.616104
3640 5.925754 5.925754 5.925754 0.616104 0.616104 0.616104
3650 5.925754 5.925754 5.925754 0.616104 0.616104 0.616104
3660 5.925754 5.925754 5.925754 0.616104 0.616104 0.616104
3670 5.925754 5.925754 5.925754 0.616104 0.616104 0.616104
3680 5.925754 5.925754 5.925754 0.616104 0.616104 0.616104
3690 5.925754 5.925754 5.925754 0.616104 0.616104 0.616104
3700 5.925754 5.925754 5.925754 0.616104 0.616104 0.616104
3710 5.925754 5.925754 5.925754 0.616104 0.616104 0.616104
3720 5.925754 5.925754 5.925754 0.616104 0.616104 0.616104
3730 5.925754 5.925754 5.925754 0.616104 0.616104 0.616104
3740 5.925754 5.925754 5.925754 0.616104 0.616104 0.616104
3750 5.925754 5.925754 5.925754 0.616104 0.616104 0.616104
3760 5.925754 5.925754 5.925754 0.616104 0.616104 0.616104
3770 5.925754 5.925754 5.925754 0.616104 0.616104 0.616104
3780 5.925754 5.925754 5.925754 0.616104 0.616104 0.616104
3790 5.925754 5.925754 5.925754 0.616104 0.616104 0.616104
3800 5.925754 5.925754 5.925754 0.616104 0.616104 0.616104
3810 5.925754 5.925754 5.925754 0.616104 0.616104 0.616104
3820 5.925754 5.925754 5.925754 0.616104 0.616104 0.616104
3830 5.925754 5.925754 5.925754 0.616104 0.616104 0.616104
3840 5.925754 5.925754 5.925754 0.616104 0.616104 0.616104
3850 5.925754 5.925754 5.925754 0.616104 0.616104 0.616104
3860 5.925754 5.925754 5.925754 0.616104 0.616104 0.616104
3870 5.925754 5.925754 5.925754 0.616104 0.616104 0.616104
3880 5.925754 5.925754 5.925754 0.616104 0.616104 0.616104
3890 5.925754 5.925754 5.925754 0.616104 0.616104 0.616104
3900 5.925754 5.925754 5.925754 0.616104 0.616104 0.616104
3910 5.925754 5.925754 5.925754 0.616104 0.616104 0.616104
3920 5.925754 5.925754 5.925754 0.616104 0.616104 0.616104
3930 5.925754 5.925754 5.925754 0.616104 0.616104 0.616104
3940 5.925754 5.925754 5.925754 0.616104 0.616104 0.616104
3950 5.925754 5.925754 5.925754 0.616104 0.616104 0.616104
3960 5.925754 5.925754 5.925754 0.616104 0.616104 0.616104
3970 5.925754 5.925754 5.925754 0.616104 0.616104 0.616104
3980 5.925754 5.925754 5.925754 0.616104 0.616104 0.616104
3990 5.925754 5.925754 5.925754 0.616104 0.616104 0.616104
4000 5.925754 5.925754 5.925754 0.616104 0.616104 0.616104
4010 5.925754 5.925754 5.925754 0.616104 0.616104 0.616104
4020 5.925754 5.925754 5.925754 0.616104 0.616104 0.616104
4030 5.925754 5.925754 5.925754 0.616104 0.616104 0.616104
4040 5.925754 5.925754 5.925754 0.616104 0.616104 0.616104
4050 5.925754 5.925754 5.925754 0.616104 0.616104 0.616104
4060 5.925754 5.925754 5.925754 0.616104 0.616104 0.616104
4070 5.925754 5.925754 5.925754 0.616104 0.616104 0.616104
4080 5.925754 5.925754 5.925754 0.616104 0.616104 0.616104
4090 5.925754 5.925754 5.925754 0.616104 0.616104 0.616104
4100 5.925754 5.925754 5.925754 0.616104 0.616104 0.616104
4110 5.925754 5.925754 5.925754 0.616104 0.616104 0.616104
4120 5.925754 5.925754 5.925754 0.616104 0.616104 0.616104
4130 5.925754 5.925754 5.925754 0.616104 0.616104 0.616104
4140 5.925754 5.925754 5.925754 0.616104 0.616104 0.616104
4150 5.925754 5.925754 5.925754 0.616104 0.616104 0.616104
4160 5.925754 5.925754 5.925754 0.616104 0.616104 0.616104
4170 5.925754 5.925754 5.925754 0.616104 0.616104 0.616104
4180 5.925754 5.925754 5.925754 0.616104 0.616104 0.616104
4190 5.925754 5.925754 5.925754 0.616104 0.616104 0.616104
4200 5.925754 5.925754 5.925754 0.616104 0.616104 0.616104
4210 5.925754 5.925754 5.925754 0.616104 0.616104 0.616104
4220 5.925754 5.925754 5.925754 0.616104 0.616104 0.616104
4230 5.925754 5.925754 5.925754 0.616104 0.616104 0.616104
4240 5.925754 5.925754 5.925754 0.616104 0.616104 0.616104
4250 5.925754 5.925754 5.925754 0.616104 0.616104 0.616104
4260 5.925754 5.925754 5.925754 0.616104 0.616104 0.616104
4270 5.925754 5.925754 5.925754 0.616104 0.616104 0.616104
4280 5.925754 5.925754 5.925754 0.616104 0.616104 0.616104
4290 5.925754 5.925754 5.925754 0.616104 0.616104 0.616104
4300 5.925754 5.925754 5.925754 0.616104 0.616104 0.616104
4310 5.925754 5.925754 5.925754 0.616104 0.616104 0.616104
4320 5.925754 5.925754 5.925754 0.616104 0.616104 0.616104
4330 5.925754 5.925754 5.925754 0.616104 0.616104 0.616104
4340 5.925754 5.925754 5.925754 0.616104 0.616104 0.616104
4350 5.925754 5.925754 5.925754 0.616104 0.616104 0.616104
4360 5.925754 5.925754 5.925754 0.616104 0.616104 0.616104
4370 5.925754 5.925754 5.925754 0.616104 0.616104 0.616104
4380 5.925754 5.925754 5.925754 0.616104 0.616104 0.616104
4390 5.925754 5.925754 5.925754 0.616104 0.616104 0.616104
4400 5.925754 5.925754 5.925754 0.616104 0.616104 0.616104
4410 5.925754 5.925754 5.925754 0.616104 0.616104 0.616104
4420 5.925754 5.925754 5.925754 0.616104 0.616104 0.616104
4430 5.925754 5.925754 5.925754 0.616104 0.616104 0.616104
4440 5.925754 5.925754 5.925754 0.616104 0.616104 0.616104
4450 5.925754 5.925754 5.925754 0.616104 0.616104 0.616104
4460 5.925754 5.925754 5.925754 0.616104 0.616104 0.616104
4470 5.925754 5.925754 5.925754 0.616104 0.616104 0.616104
4480 5.925754 5.925754 5.925754 0.616104 0.616104 0.616104
4490 5.925754 5.925754 5.925754 0.616104 0.616104 0.616104
4500 5.925754 5.925754 5.925754 0.616104 0.616104 0.616104
4510 5.925754 5.925754 5.925754 0.616104 0.616104 0.616104
4520 5.925754 5.925754 5.925754 0.616104 0.616104 0.616104
4530 5.925754 5.925754 5.925754 0.616104 0.616104 0.616104
4540 5.925754 5.925754 5.925754 0.616104 0.616104 0.616104
4550 5.925754 5.925754 5.925754 0.616104 0.616104 0.616104
4560 5.925754 5.925754 5.925754 0.616104 0.616104 0.616104
4570 5.925754 5.925754 5.925754 0.616104 0.616104 0.616104
4580 5.925754 5.925754 5.925754 0.616104 0.616104 0.616104
4590 5.925754 5.925754 5.925754 0.616104 0.616104 0.616104
4600 5.925754 5.925754 5.925754 0.616104 0.616104 0.616104
4610 5.925754 5.925754 5.925754 0.616104 0.616104 0.616104
4620 5.925754 5.925754 5.925754 0.616104 0.616104 0.616104
4630 5.925754 5.925754 5.925754 0.616104 0.616104 0.616104
4640 5.925754 5.925754 5.925754 0.616104 0.616104 0.616104
4650 5.925754 5.925754 5.925754 0.616104 0.616104 0.616104
4660 5.925754 5.925754 5.925754 0.616104 0.616104 0.616104
4670 5.925754 5.925754 5.925754 0.616104 0.616104 0.616104
4680 5.925754 5.925754 5.925754 0.616104 0.616104 0.616104
4690 5.925754 5.925754 5.925754 0.616104 0.616104 0.616104
4700 5.925754 5.925754 5.925754 0.616104 0.616104 0.616104
4710 5.925754 5.925754 5.925754 0.616104 0.616104 0.616104
4720 5.925754 5.925754 5.925754 0.616104 0.616104 0.616104
4730 5.925754 5.925754 5.925754 0.616104 0.616104 0.616104
4740 5.925754 5.925754 5.925754 0.616104 0.616104 0.616104
4750 5.925754 5.925754 5.925754 0.616104 0.616104 0.616104
4760 5.925754 5.925754 5.925754 0.616104 0.616104 0.616104
4770 5.925754 5.925754 5.925754 0.616104 0.616104 0.616104
4780 5.925754 5.925754 5.925754 0.616104 0.616104 0.616104
4790 5.925754 5.925754 5.925754 0.616104 0.616104 0.616104
4800 5.925754 5.925754 5.925754 0.616104 0.616104 0.616104
4810 5.925754 5.925754 5.925754 0.616104 0.616104 0.616104
4820 5.925754 5.925754 5.925754 0.616104 0.616104 0.616104
4830 5.925754 5.925754 5.925754 0.616104 0.616104 0.616104
4840 5.925754 5.925754 5.925754 0.616104 0.616104 0.616104
4850 5.925754 5.925754 5.925754 0.616104 0.616104 0.616104
4860 5.925754 5.925754 5.925754 0.616104 0.616104 0.616104
4870 5.925754 5.925754 5.925754 0.616104 0.616104 0.616104
4880 5.925754 5.925754 5.925754 0.616104 0.616104 0.616104
4890 5.925754 5.925754 5.925754 0.616104 0.616104 0.616104
4900 5.925754 5.925754 5.925754 0.616104 0.616104 0.616104
4910 5.925754 5.925754 5.925754 0.616104 0.616104 0.616104
4920 5.925754 5.925754 5.925754 0.616104 0.616104 0.616104
4930 5.925754 5.925754 5.925754 0.616104 0.616104 0.616104
4940 5.925754 5.925754 5.925754 0.616104 0.616104 0.616104
4950 5.925754 5.925754 5.925754 0.616104 0.616104 0.616104
4960 5.925754 5.925754 5.925754 0.616104 0.616104 0.616104
4970 5.925754 5.925754 5.925754 0.616104 0.616104 0.616104
4980 5.925754 5.925754 5.925754 0.616104 0.616104 0.616104
4990 5.925754 5.925754 5.925754 0.616104 0.616104 0.616104
5000 5.925754 5.925754 5.925754 0.616104 0.616104 0.616104
5010 5.925754 5.925754 5.925754 0.616104 0.616104 0.616104
5020 5.925754 5.925754 5.925754 0.616104 0.616104 0.616104
5030 5.925754 5.925754 5.925754 0.616104 0.616104 0.616104
5040 5.925754 5.925754 5.925754 0.616104 0.616104 0.616104
5050 5.925754 5.925754 5.925754 0.616104 0.616104 0.616104
5060 5.925754 5.925754 5.925754 0.616104 0.616104 0.616104
5070 5.925754 5.925754 5.925754 0.616104 0.616104 0.616104
5080 5.925754 5.925754 5.925754 0.616104 0.616104 0.616104
5090 5.925754 5.925754 5.925754 0.616104 0.616104 0.616104
5100 5.925754 5.925754 5.925754 0.616104 0.616104 0.616104
5110 5.925754 5.925754 5.925754 0.616104 0.616104 0.616104
5120 5.925754 5.925754 5.925754 0.616104 0.616104 0.616104
5130 5.925754 5.925754 5.925754 0.616104 0.616104 0.616104
5140 5.925754 5.925754 5.925754 0.616104 0.616104 0.616104
5150 5.925754 5.925754 5.925754 0.616104 0.616104 0.616104
5160 5.925754 5.925754 5.925754 0.616104 0.616104 0.616104
5170 5.925754 5.925754 5.925754 0.616104 0.616104 0.616104
5180 5.925754 5.925754 5.925754 0.616104 0.616104 0.616104
5190 5.925754 5.925754 5.925754 0.616104 0.616104 0.616104
5200 5.925754 5.925754 5.925754 0.616104 0.616104 0.616104
5210 5.925754 5.925754 5.925754 0.616104 0.616104 0.616104
5220 5.925754 5.925754 5.925754 0.616104 0.616104 0.616104
5230 5.925754 5.925754 5.925754 0.616104 0.616104 0.616104
5240 5.925754 5.925754 5.925754 0.616104 0.616104 0.616104
5250 5.925754 5.925754 5.925754 0.616104 0.616104 0.616104
5260 5.925754 5.925754 5.925754 0.616104 0.616104 0.616104
5270 5.925754 5.925754 5.925754 0.616104 0.616104 0.616104
5280 5.925754 5.925754 5.925754 0.616104 0.616104 0.616104
5290 5.925754 5.925754 5.925754 0.616104 0.616104 0.616104
5300 5.925754 5.925754 5.925754 0.616104 0.616104 0.616104
5310 5.925754 5.925754 5.925754 0.616104 0.616104 0.616104
5320 5.925754 5.925754 5.925754 0.616104 0.616104 0.616104
5330 5.925754 5.925754 5.925754 0.616104 0.616104 0.616104
5340 5.925754 5.925754 5.925754 0.616104 0.616104 0.616104
5350 5.925754 5.925754 5.925754 0.616104 0.616104 0.616104
5360 5.925754 5.925754 5.925754 0.616104 0.616104 0.616104
5370 5.925754 5.925754 5.925754 0.616104 0.616104 0.616104
5380 5.925754 5.925754 5.925754 0.616104 0.616104 0.616104
5390 5.925754 5.925754 5.925754 0.616104 0.616104 0.616104
5400 5.925754 5.925754 5.925754 0.616104 0.616104 0.616104
5410 5.925754 5.925754 5.925754 0.616104 0.616104 0.616104
5420 5.925754 5.925754 5.925754 0.616104 0.616104 0.616104
5430 5.925754 5.925754 5.925754 0.616104 0.616104 0.616104
5440 5.925754 5.925754 5.925754 0.616104 0.616104 0.616104
5450 5.925754 5.925754 5.925754 0.616104 0.616104 0.616104
5460 5.925754 5.925754 5.925754 0.616104 0.616104 0.616104
5470 5.925754 5.925754 5.925754 0.616104 0.616104 0.616104
5480 5.925754 5.925754 5.925754 0.616104 0.616104 0.616104
5490 5.925754 5.925754 5.925754 0.616104 0.616104 0.616104
5500 5.925754 5.925754 5.925754 0.616104 0.616104 0.616104
5510 5.925754 5.925754 5.925754 0.616104 0.616104 0.616104
5520 5.925754 5.925754 5.925754 0.616104 0.616104 0.616104
5530 5.925754 5.925754 5.925754 0.616104 0.616104 0.616104
5540 5.925754 5.925754 5.925754 0.616104 0.616104 0.616104
5550 5.925754 5.925754 5.925754 0.616104 0.616104 0.616104
5560 5.925754 5.925754 5.925754 0.616104 0.616104 0.616104
5570 5.925754 5.925754 5.925754 0.616104 0.616104 0.616104
5580 5.925754 5.925754 5.925754 0.616104 0.616104 0.616104
5590 5.925754 5.925754 5.925754 0.616104 0.616104 0.616104
5600 5.925754 5.925754 5.925754 0.616104 0.616104 0.616104
5610 5.925754 5.925754 5.925754 0.616104 0.616104 0.616104
5620 5.925754 5.925754 5.925754 0.616104 0.616104 0.616104
5630 5.925754 5.925754 5.925754 0.616104 0.616104 0.616104
5640 5.925754 5.925754 5.925754 0.616104 0.616104 0.616104
5650 5.925754 5.925754 5.925754 0.616104 0.616104 0.616104
5660 5.925754 5.925754 5.925754 0.616104 0.616104 0.616104
5670 5.925754 5.925754 5.925754 0.616104 0.616104 0.616104
5680 5.925754 5.925754 5.925754 0.616104 0.616104 0.616104
5690 5.925754 5.925754 5.925754 0.616104 0.616104 0.616104
5700 5.925754 5.925754 5.925754 0.616104 0.616104 0.616104
5710 5.925754 5.925754 5.925754 0.616104 0.616104 0.616104
5720 5.925754 5.925754 5.925754 0.616104 0.616104 0.616104
5730 5.925754 5.925754 5.925754 0.616104 0.616104 0.616104
5740 5.925754 5.925754 5.925754 0.616104 0.616104 0.616104
5750 5.925754 5.925754 5.925754 0.616104 0.616104 0.616104
5760 5.925754 5.925754 5.925754 0.616104 0.616104 0.616104
5770 5.925754 5.925754 5.925754 0.616104 0.616104 0.616104
5780 5.925754 5.925754 5.925754 0.616104 0.616104 0.616104
5790 5.925754 5.925754 5.925754 0.616104 0.616104 0.616104
5800 5.925754 5.925754 5.925754 0.616104 0.616104 0.616104
5810 5.925754 5.925754 5.925754 0.616104 0.616104 0.616104
5820 5.925754 5.925754 5.925754 0.616104 0.616104 0.616104
5830 5.925754 5.925754 5.925754 0.616104 0.616104 0.616104
5840 5.925754 5.925754 5.925754 0.616104 0.616104 0.616104
5850 5.925754 5.925754 5.925754 0.616104 0.616104 0.616104
5860 5.925754 5.925754 5.925754 0.616104 0.616104 0.616104
5870 5.925754 5.925754 5.925754 0.616104 0.616104 0.616104
5880 5.925754 5.925754 5.925754 0.616104 0.616104 0.616104
5890 5.925754 5.925754 5.925754 0.616104 0.616104 0.616104
5900 5.925754 5.925754 5.925754 0.616104 0.616104 0.616104
5910 5.925754 5.925754 5.925754 0.616104 0.616104 0.616104
5920 5.925754 5.925754 5.925754 0.616104 0.616104 0.616104
5930 5.925754 5.925754 5.925754 0.616104 0.616104 0.616104
5940 5.925754 5.925754 5.925754 0.616104 0.616104 0.616104
5950 5.925754 5.925754 5.925754 0.616104 0.616104 0.616104
5960 5.925754 5.925754 5.925754 0.616104 0.616104 0.616104
5970 5.925754 5.925754 5.925754 0.616104 0.616104 0.616104
5980 5.925754 5.925754 5.925754 0.616104 0.616104 0.616104
5990 5.925754 5.925754 5.925754 0.616104 0.616104 0.616104
6000 5.925754 5.925754 5.925754 0.616104 0.616104 0.616104
6010 5.925754 5.925754 5.925754 0.616104 0.616104 0.616104
6020 5.925754 5.925754 5.925754 0.616104 0.616104 0.616104
6030 5.925754 5.925754 5.925754 0.616104 0.616104 0.616104
6040 5.925754 5.925754 5.925754 0.616104 0.616104 0.616104
6050 5.925754 5.925754 5.925754 0.616104 0.616104 0.616104
6060 5.925754 5.925754 5.925754 0.616104 0.616104 0.616104
6070 5.925754 5.925754 5.925754 0.616104 0.616104 0.616104
6080 5.925754 5.925754 5.925754 0.616104 0.616104 0.616104
6090 5.925754 5.925754 5.925754 0.616104 0.616104 0.616104
6100 5.925754 5.925754 5.925754 0.616104 0.616104 0.616104
6110 5.925754 5.925754 5.925754 0.616104 0.616104 0.616104
6120 5.925754 5.925754 5.925754 0.616104 0.616104 0.616104
6130 5.925754 5.925754 5.925754 0.616104 0.616104 0.616104
6140 5.925754 5.925754 5.925754 0.616104 0.616104 0.616104
6150 5.925754 5.925754 5.925754 0.616104 0.616104 0.616104
6160 5.925754 5.925754 5.925754 0.616104 0.616104 0.616104
6170 5.925754 5.925754 5.925754 0.616104 0.616104 0.616104
6180 5.925754 5.925754 5.925754 0.616104 0.616104 0.616104
6190 5.925754 5.925754 5.925754 0.616104 0.616104 0.616104
6200 5.925754 5.925754 5.925754 0.616104 0.616104 0.616104
6210 5.925754 5.925754 5.925754 0.616104 0.616104 0.616104
6220 5.925754 5.925754 5.925754 0.616104 0.616104 0.616104
6230 5.925754 5.925754 5.925754 0.616104 0.616104 0.616104
6240 5.925754 5.925754 5.925754 0.616104 0.616104 0.616104
6250 5.925754 5.925754 5.925754 0.616104 0.616104 0.616104
6260 5.925754 5.925754 5.925754 0.616104 0.616104 0.616104
6270 5.925754 5.925754 5.925754 0.616104 0.616104 0.616104
6280 5.925754 5.925754 5.925754 0.616104 0.616104 0.616104
6290 5.925754 5.925754 5.925754 0.616104 0.616104 0.616104
6300 5.925754 5.925754 5.925754 0.616104 0.616104 0.616104
6310 5.925754 5.925754 5.925754 0.616104 0.616104 0.616104
6320 5.925754 5.925754 5.925754 0.616104 0.616104 0.616104
6330 5.925754 5.925754 5.925754 0.616104 0.616104 0.616104
6340 5.925754 5.925754 5.925754 0.616104 0.616104 0.616104
6350 5.925754 5.925754 5.925754 0.616104 0.616104 0.616104
6360 5.925754 5.925754 5.925754 0.616104 0.616104 0.616104
6370 5.925754 5.925754 5.925754 0.616104 0.616104 0.616104
6380 5.925754 5.925754 5.925754 0.616104 0.616104 0.616104
6390 5.925754 5.925754 5.925754 0.616104 0.616104 0.616104
6400 5.925754 5.925754 5.925754 0.616104 0.616104 0.616104
6410 5.925754 5.925754 5.925754 0.616104 0.616104 0.616104
6420 5.925754 5.925754 5.925754 0.616104 0.616104 0.616104
6430 5.925754 5.925754 5.925754 0.616104 0.616104 0.616104
6440 5.925754 5.925754 5.925754 0.616104 0.616104 0.616104
6450 5.925754 5.925754 5.925754 0.616104 0.616104 0.616104
6460 5.925754 5.925754 5.925754 0.616104 0.616104 0.616104
6470 5.925754 5.925754 5.925754 0.616104 0.616104 0.616104
6480 5.925754 5.925754 5.925754 0.616104 0.616104 0.616104
6490 5.925754 5.925754 5.925754 0.616104 0.616104 0.616104
6500 5.925754 5.925754 5.925754 0.616104 0.616104 0.616104
6510 5.925754 5.925754 5.925754 0.616104 0.616104 0.616104
6520 5.925754 5.925754 5.925754 0.616104 0.616104 0.616104
6530 5.925754 5.925754 5.925754 0.616104 0.616104 0.616104
6540 5.925754 5.925754 5.925754 0.616104 0.616104 0.616104
6550 5.925754 5.925754 5.925754 0.616104 0.616104 0.616104
6560 5.925754 5.925754 5.925754 0.616104 0.616104 0.616104
6570 5.925754 5.925754 5.925754 0.616104 0.616104 0.616104
6580 5.925754 5.925754 5.925754 0.616104 0.616104 0.616104
6590 5.925754 5.925754 5.925754 0.616104 0.616104 0.616104
6600 5.925754 5.925754 5.925754 0.616104 0.616104 0.616104
6610 5.925754 5.925754 5.925754 0.616104 0.616104 0.616104
6620 5.925754 5.925754 5.925754 0.616104 0.616104 0.616104
6630 5.925754 5.925754 5.925754 0.616104 0.616104 0.616104
6640 5.925754 5.925754 5.925754 0.616104 0.616104 0.616104
6650 5.925754 5.925754 5.925754 0.616104 0.616104 0.616104
6660 5.925754 5.925754 5.925754 0.616104 0.616104 0.616104
6670 5.925754 5.925754 5.925754 0.616104 0.616104 0.616104
6680 5.925754 5.925754 5.925754 0.616104 0.616104 0.616104
6690 5.925754 5.925754 5.925754 0.616104 0.616104 0.616104
6700 5.925754 5.925754 5.925754 0.616104 0.616104 0.616104
6710 5.925754 5.925754 5.925754 0.616104 0.616104 0.616104
6720 5.925754 5.925754 5.925754 0.616104 0.616104 0.616104
6730 5.925754 5.925754 5.925754 0.616104 0.616104 0.616104
6740 5.925754 5.925754 5.925754 0.616104 0.616104 0.616104
6750 5.925754 5.925754 5.925754 0.616104 0.616104 0.616104
6760 5.925754 5.925754 5.925754 0.616104 0.616104 0.616104
6770 5.925754 5.925754 5.925754 0.616104 0.616104 0.616104
6780 5.925754 5.925754 5.925754 0.616104 0.616104 0.616104
6790 5.925754 5.925754 5.925754 0.616104 0.616104 0.616104
6800 5.925754 5.925754 5.925754 0.616104 0.616104 0.616104
6810 5.925754 5.925754 5.925754 0.616104 0.616104 0.616104
6820 5.925754 5.925754 5.925754 0.616104 0.616104 0.616104
6830 5.925754 5.925754 5.925754 0.616104 0.616104 0.616104
6840 5.925754 5.925754 5.925754 0.616104 0.616104 0.616104
6850 5.925754 5.925754 5.925754 0.616104 0.616104 0.616104
6860 5.925754 5.925754 5.925754 0.616104 0.616104 0.616104
6870 5.925754 5.925754 5.925754 0.616104 0.616104 0.616104
6880 5.925754 5.925754 5.925754 0.616104 0.616104 0.616104
6890 5.925754 5.925754 5.925754 0.616104 0.616104 0.616104
6900 5.925754 5.925754 5.925754 0.616104 0.616104 0.616104
6910 5.925754 5.925754 5.925754 0.616104 0.616104 0.616104
6920 5.925754 5.925754 5.925754 0.616104 0.616104 0.616104
6930 5.925754 5.925754 5.925754 0.616104 0.616104 0.616104
6940 5.925754 5.925754 5.925754 0.616104 0.616104 0.616104
6950 5.925754 5.925754 5.925754 0.616104 0.616104 0.616104
6960 5.925754 5.925754 5.925754 0.616104 0.616104 0.616104
6970 5.925754 5.925754 5.925754 0.616104 0.616104 0.616104
6980 5.925754 5.925754 5.925754 0.616104 0.616104 0.616104
6990 5.925754 5.925754 5.925754 0.616104 0.616104 0.616104
7000 5.925754 5.925754 5.925754 0.616104 0.616104 0.616104
7010 5.925754 5.925754 5.925754 0.616104 0.616104 0.616104
7020 5.925754 5.925754 5.925754 0.616104 0.616104 0.616104
7030 5.925754 5.925754 5.925754 0.616104 0.616104 0.616104
7040 5.925754 5.925754 5.925754 0.616104 0.616104 0.616104
7050 5.925754 5.925754 5.925754 0.616104 0.616104 0.616104
7060 5.925754 5.925754 5.925754 0.616104 0.616104 0.616104
7070 5.925754 5.925754 5.925754 0.616104 0.616104 0.616104
7080 5.925754 5.925754 5.925754 0.616104 0.616104 0.616104
7090 5.925754 5.925754 5.925754 0.616104 0.616104 0.616104
7100 5.925754 5.925754 5.925754 0.616104 0.616104 0.616104
7110 5.925754 5.925754 5.925754 0.616104 0.616104 0.616104
7120 5.925754 5.925754 5.925754 0.616104 0.616104 0.616104
7130 5.925754 5.925754 5.925754 0.616104 0.616104 0.616104
7140 5.925754 5.925754 5.925754 0.616104 0.616104 0.616104
7150 5.925754 5.925754 5.925754 0.616104 0.616104 0.616104
7160 5.925754 5.925754 5.925754 0.616104 0.616104 0.616104
7170 5.925754 5.925754 5.925754 0.616104 0.616104 0.616104
7180 5.925754 5.925754 5.925754 0.616104 0.616104 0.616104
7190 5.925754 5.925754 5.925754 0.616104 0.616104 0.616104
7200 5.925754 5.925754 5.925754 0.616104 0.616104 0.616104
7210 5.925754 5.925754 5.925754 0.616104 0.616104 0.616104
7220 5.925754 5.925754 5.925754 0.616104 0.616104 0.616104
7230 5.925754 5.925754 5.925754 0.616104 0.616104 0.616104
7240 5.925754 5.925754 5.925754 0.616104 0.616104 0.616104
7250 5.925754 5.925754 5.925754 0.616104 0.616104 0.616104
7260 5.925754 5.925754 5.925754 0.616104 0.616104 0.616104
7270 5.925754 5.925754 5.925754 0.616104 0.616104 0.616104
7280 5.925754 5.925754 5.925754 0.616104 0.616104 0.616104
7290 5.925754 5.925754 5.925754 0.616104 0.616104 0.616104
7300 5.925754 5.925754 5.925754 0.616104 0.616104 0.616104
7310 5.925754 5.925754 5.925754 0.616104 0.616104 0.616104
7320 5.925754 5.925754 5.925754 0.616104 0.616104 0.616104
7330 5.925754 5.925754 5.925754 0.616104 0.616104 0.616104
7340 5.925754 5.925754 5.925754 0.616104 0.616104 0.616104
7350 5.925754 5.925754 5.925754 0.616104 0.616104 0.616104
7360 5.925754 5.925754 5.925754 0.616104 0.616104 0.616104
7370 5.925754 5.925754 5.925754 0.616104 0.616104 0.616104
7380 5.925754 5.925754 5.925754 0.616104 0.616104 0.616104
7390 5.925754 5.925754 5.925754 0.616104 0.616104 0.616104
7400 5.925754 5.925754 5.925754 0.616104 0.616104 0.616104
7410 5.925754 5.925754 5.925754 0.616104 0.616104 0.616104
7420 5.925754 5.925754 5.925754 0.616104 0.616104 0.616104
7430 5.925754 5.925754 5.925754 0.616104 0.616104 0.616104
7440 5.925754 5.925754 5.925754 0.616104 0.616104 0.616104
7450 5.925754 5.925754 5.925754 0.616104 0.616104 0.616104
7460 5.925754 5.925754 5.925754 0.616104 0.616104 0.616104
7470 5.925754 5.925754 5.925754 0.616104 0.616104 0.616104
7480 5.925754 5.925754 5.925754 0.616104 0.616104 0.616104
7490 5.925754 5.925754 5.925754 0.616104 0.616104 0.616104
7500 5.925754 5.925754 5.925754 0.616104 0.616104 0.616104
7510 5.925754 5.925754 5.925754 0.616104 0.616104 0.616104
7520 5.925754 5.925754 5.925754 0.616104 0.616104 0.616104
7530 5.925754 5.925754 5.925754 0.616104 0.616104 0.616104
7540 5.925754 5.925754 5.925754 0.616104 0.616104 0.616104
7550 5.925754 5.925754 5.925754 0.616104 0.616104 0.616104
7560 5.925754 5.925754 5.925754 0.616104 0.616104 0.616104
7570 5.925754 5.925754 5.925754 0.616104 0.616104 0.616104
7580 5.925754 5.925754 5.925754 0.616104 0.616104 0.616104
7590 5.925754 5.925754 5.925754 0.616104 0.616104 0.616104
7600 5.925754 5.925754 5.925754 0.616104 0.616104 0.616104
7610 5.925754 5.925754 5.925754 0.616104 0.616104 0.616104
7620 5.925754 5.925754 5.925754 0.616104 0.616104 0.616104
7630 5.925754 5.925754 5.925754 0.616104 0.616104 0.616104
7640 5.925754 5.925754 5.925754 0.616104 0.616104 0.616104
7650 5.925754 5.925754 5.925754 0.616104 0.616104 0.616104
7660 5.925754 5.925754 5.925754 0.616104 0.616104 0.616104
7670 5.925754 5.925754 5.925754 0.616104 0.616104 0.616104
7680 5.925754 5.925754 5.925754 0.616104 0.616104 0.616104
7690 5.925754 5.925754 5.925754 0.616104 0.616104 0.616104
7700 5.925754 5.925754 5.925754 0.616104 0.616104 0.616104
7710 5.925754 5.925754 5.925754 0.616104 0.616104 0.616104
7720 5.925754 5.925754 5.925754 0.616104 0.616104 0.616104
7730 5.925754 5.925754 5.925754 0.616104 0.616104 0.616104
7740 5.925754 5.925754 5.925754 0.616104 0.616104 0.616104
7750 5.925754 5.925754 5.925754 0.616104 0.616104 0.616104
7760 5.925754 5.925754 5.925754 0.616104 0.616104 0.616104
7770 5.925754 5.925754 5.925754 0.616104 0.616104 0.616104
7780 5.925754 5.925754 5.925754 0.616104 0.616104 0.616104
7790 5.925754 5.925754 5.925754 0.616104 0.616104 0.616104
7800 5.925754 5.925754 5.925754 0.616104 0.616104 0.616104
7810 5.925754 5.925754 5.925754 0.616104 0.616104 0.616104
7820 5.925754 5.925754 5.925754 0.616104 0.616104 0.616104
7830 5.925754 5.925754 5.925754 0.616104 0.616104 0.616104
7840 5.925754 5.925754 5.925754 0.616104 0.616104 0.616104
7850 5.925754 5.925754 5.925754 0.616104 0.616104 0.616104
7860 5.925754 5.925754 5.925754 0.616104 0.616104 0.616104
7870 5.925754 5.925754 5.925754 0.616104 0.616104 0.616104
7880 5.925754 5.925754 5.925754 0.616104 0.616104 0.616104
7890 5.925754 5.925754 5.925754 0.616104 0.616104 0.616104
7900 5.925754 5.925754 5.925754 0.616104 0.616104 0.616104
7910 5.925754 5.925754 5.925754 0.616104 0.616104 0.616104
7920 5.925754 5.925754 5.925754 0.616104 0.616104 0.616104
7930 5.925754 5.925754 5.925754 0.616104 0.616104 0.616104
7940 5.925754 5.925754 5.925754 0.616104 0.616104 0.616104
7950 5.925754 5.925754 5.925754 0.616104 0.616104 0.616104
7960 5.925754 5.925754 5.925754 0.616104 0.616104 0.616104
7970 5.925754 5.925754 5.925754 0.616104 0.616104 0.616104
7980 5.925754 5.925754 5.925754 0.616104 0.616104 0.616104
7990 5.925754 5.925754 5.925754 0.616104 0.616104 0.616104
8000 5.925754 5.925754 5.925754 0.616104 0.616104 0.616104
8010 5.925754 5.925754 5.925754 0.616104 0.616104 0.616104
8020 5.925754 5.925754 5.925754 0.616104 0.616104 0.616104
8030 5.925754 5.925754 5.925754 0.616104 0.616104 0.616104
8040 5.925754 5.925754 5.925754 0.616104 0.616104 0.616104
8050 5.925754 5.925754 5.925754 0.616104 0.616104 0.616104
8060 5.925754 5.925754 5.925754 0.616104 0.616104 0.616104
8070 5.925754 5.925754 5.925754 0.616104 0.616104 0.616104
8080 5.925754 5.925754 5.925754 0.616104 0.616104 0.616104
8090 5.925754 5.925754 5.925754 0.616104 0.616104 0.616104
8100 5.925754 5.925754 5.925754 0.616104 0.616104 0.616104
8110 5.925754 5.925754 5.925754 0.616104 0.616104 0.616104
8120 5.925754 5.925754 5.925754 0.616104 0.616104 0.616104
8130 5.925754 5.925754 5.925754 0.616104 0.616104 0.616104
8140 5.925754 5.925754 5.925754 0.616104 0.616104 0.616104
8150 5.925754 5.925754 5.925754 0.616104 0.616104 0.616104
8160 5.925754 5.925754 5.925754 0.616104 0.616104 0.616104
8170 5.925754 5.925754 5.925754 0.616104 0.616104 0.616104
8180 5.925754 5.925754 5.925754 0.616104 0.616104 0.616104
8190 5.925754 5.925754 5.925754 0.616104 0.616104 0.616104
8200 5.925754 5.925754 5.925754 0.616104 0.616104 0.616104
8210 5.925754 5.925754 5.925754 0.616104 0.616104 0.616104
8220 5.925754 5.925754 5.925754 0.616104 0.616104 0.616104
8230 5.925754 5.925754 5.925754 0.616104 0.616104 0.616104
8240 5.925754 5.925754 5.925754 0.616104 0.616104 0.616104
8250 5.925754 5.925754 5.925754 0.616104 0.616104 0.616104
8260 5.925754 5.925754 5.925754 0.616104 0.616104 0.616104
8270 5.925754 5.925754 5.925754 0.616104 0.616104 0.616104
8280 5.925754 5.925754 5.925754 0.616104 0.616104 0.616104
8290 5.925754 5.925754 5.925754 0.616104 0.616104 0.616104
8300 5.925754 5.925754 5.925754 0.616104 0.616104 0.616104
8310 5.925754 5.925754 5.925754 0.616104 0.616104 0.616104
8320 5.925754 5.925754 5.925754 0.616104 0.616104 0.616104
8330 5.925754 5.925754 5.925754 0.616104 0.616104 0.616104
8340 5.925754 5.925754 5.925754 0.616104 0.616104 0.616104
8350 5.925754 5.925754 5.925754 0.616104 0.616104 0.616104
8360 5.925754 5.925754 5.925754 0.616104 0.616104 0.616104
8370 5.925754 5.925754 5.925754 0.616104 0.616104 0.616104
8380 5.925754 5.925754 5.925754 0.616104 0.616104 0.616104
8390 5.925754 5.925754 5.925754 0.616104 0.616104 0.616104
8400 5.925754 5.925754 5.925754 0.616104 0.616104 0.616104
8410 5.925754 5.925754 5.925754 0.616104 0.616104 0.616104
8420 5.925754 5.925754 5.925754 0.616104 0.616104 0.616104
8430 5.925754 5.925754 5.925754 0.616104 0.616104 0.616104
8440 5.925754 5.925754 5.925754 0.616104 0.616104 0.616104
8450 5.925754 5.925754 5.925754 0.616104 0.616104 0.616104
8460 5.925754 5.925754 5.925754 0.616104 0.616104 0.616104
8470 5.925754 5.925754 5.925754 0.616104 0.616104 0.616104
8480 5.925754 5.925754 5.925754 0.616104 0.616104 0.616104
8490 5.925754 5.925754 5.925754 0.616104 0.616104 0.616104
8500 5.925754 5.925754 5.925754 0.616104 0.616104 0.616104
8510 5.925754 5.925754 5.925754 0.616104 0.616104 0.616104
8520 5.925754 5.925754 5.925754 0.616104 0.616104 0.616104
8530 5.925754 5.925754 5.925754 0.616104 0.616104 0.616104
8540 5.925754 5.925754 5.925754 0.616104 0.616104 0.616104
8550 5.925754 5.925754 5.925754 0.616104 0.616104 0.616104
8560 5.925754 5.925754 5.925754 0.616104 0.616104 0.616104
8570 5.925754 5.925754 5.925754 0.616104 0.616104 0.616104
8580 5.925754 5.925754 5.925754 0.616104 0.616104 0.616104
8590 5.925754 5.925754 5.925754 0.616104 0.616104 0.616104
8600 5.925754 5.925754 5.925754 0.616104 0.616104 0.616104
8610 5.925754 5.925754 5.925754 0.616104 0.616104 0.616104
8620 5.925754 5.925754 5.925754 0.616104 0.616104 0.616104
8630 5.925754 5.925754 5.925754 0.616104 0.616104 0.616104
8640 5.925754 5.925754 5.925754 0.616104 0.616104 0.616104
8650 5.925754 5.925754 5.925754 0.616104 0.616104 0.616104
8660 5.925754 5.925754 5.925754 0.616104 0.616104 0.616104
8670 5.925754 5.925754 5.925754 0.616104 0.616104 0.616104
8680 5.925754 5.925754 5.925754 0.616104 0.616104 0.616104
8690 5.925754 5.925754 5.925754 0.616104 0.616104 0.616104
8700 5.925754 5.925754 5.925754 0.616104 0.616104 0.616104
8710 5.925754 5.925754 5.925754 0.616104 0.616104 0.616104
8720 5.925754 5.925754 5.925754 0.616104 0.616104 0.616104
8730 5.925754 5.925754 5.925754 0.616104 0.616104 0.616104
8740 5.925754 5.925754 5.925754 0.616104 0.616104 0.616104
8750 5.925754 5.925754 5.925754 0.616104 0.616104 0.616104
8760 5.925754 5.925754 5.925754 0.616104 0.616104 0.616104
8770 5.925754 5.925754 5.925754 0.616104 0.616104 0.616104
8780 5.925754 5.925754 5.925754 0.616104 0.616104 0.616104
8790 5.925754 5.925754 5.925754 0.616104 0.616104 0.616104
8800 5.925754 5.925754 5.925754 0.616104 0.616104 0.616104
8810 5.925754 5.925754 5.925754 0.616104 0.616104 0.616104
8820 5.925754 5.925754 5.925754 0.616104 0.616104 0.616104
8830 5.925754 5.925754 5.925754 0.616104 0.616104 0.616104
8840 5.925754 5.925754 5.925754 0.616104 0.616104 0.616104
8850 5.925754 5.925754 5.925754 0.616104 0.616104 0.616104
8860 5.925754 5.925754 5.925754 0.616104 0.616104 0.616104
8870 5.925754 5.925754 5.925754 0.616104 0.616104 0.616104
8880 5.925754 5.925754 5.925754 0.616104 0.616104 0.616104
8890 5.925754 5.925754 5.925754 0.616104 0.616104 0.616104
8900 5.925754 5.925754 5.925754 0.616104 0.616104 0.616104
8910 5.925754 5.925754 5.925754 0.616104 0.616104 0.616104
8920 5.925754 5.925754 5.925754 0.616104 0.616104 0.616104
8930 5.925754 5.925754 5.925754 0.616104 0.616104 0.616104
8940 5.925754 5.925754 5.925754 0.616104 0.616104 0.616104
8950 5.925754 5.925754 5.925754 0.616104 0.616104 0.616104
8960 5.925754 5.925754 5.925754 0.616104 0.616104 0.616104
8970 5.925754 5.925754 5.925754 0.616104 0.616104 0.616104
8980 5.925754 5.925754 5.925754 0.616104 0.616104 0.616104
8990 5.925754 5.925754 5.925754 0.616104 0.616104 0.616104
9000 5.925754 5.925754 5.925754 0.616104 0.616104 0.616104
9010 5.925754 5.925754 5.925754 0.616104 0.616104 0.616104
9020 5.925754 5.925754 5.925754 0.616104 0.616104 0.616104
9030 5.925754 5.925754 5.925754 0.616104 0.616104 0.616104
9040 5.925754 5.925754 5.925754 0.616104 0.616104 0.616104
9050 5.925754 5.925754 5.925754 0.616104 0.616104 0.616104
9060 5.925754 5.925754 5.925754 0.616104 0.616104 0.616104
9070 5.925754 5.925754 5.925754 0.616104 0.616104 0.616104
9080 5.925754 5.925754 5.925754 0.616104 0.616104 0.616104
9090 5.925754 5.925754 5.925754 0.616104 0.616104 0.616104
9100 5.925754 5.925754 5.925754 0.616104 0.616104 0.616104
9110 5.925754 5.925754 5.925754 0.616104 0.616104 0.616104
9120 5.925754 5.925754 5.925754 0.616104 0.616104 0.616104
9130 5.925754 5.925754 5.925754 0.616104 0.616104 0.616104
9140 5.925754 5.925754 5.925754 0.616104 0.616104 0.616104
9150 5.925754 5.925754 5.925754 0.616104 0.616104 0.616104
9160 5.925754 5.925754 5.925754 0.616104 0.616104 0.616104
9170 5.925754 5.925754 5.925754 0.616104 0.616104 0.616104
9180 5.925754 5.925754 5.925754 0.616104 0.616104 0.616104
9190 5.925754 5.925754 5.925754 0.616104 0.616104 0.616104
9200 5.925754 5.925754 5.925754 0.616104 0.616104 0.616104
9210 5.925754 5.925754 5.925754 0.616104 0.616104 0.616104
9220 5.925754 5.925754 5.925754 0.616104 0.616104 0.616104
9230 5.925754 5.925754 5.925754 0.616104 0.616104 0.616104
9240 5.925754 5.925754 5.925754 0.616104 0.616104 0.616104
9250 5.925754 5.925754 5.925754 0.616104 0.616104 0.616104
9260 5.925754 5.925754 5.925754 0.616104 0.616104 0.616104
9270 5.925754 5.925754 5.925754 0.616104 0.616104 0.616104
9280 5.925754 5.925754 5.925754 0.616104 0.616104 0.616104
9290 5.925754 5.925754 5.925754 0.616104 0.616104 0.616104
9300 5.925754 5.925754 5.925754 0.616104 0.616104 0.616104
9310 5.925754 5.925754 5.925754 0.616104 0.616104 0.616104
9320 5.925754 5.925754 5.925754 0.616104 0.616104 0.616104
9330 5.925754 5.925754 5.925754 0.616104 0.616104 0.616104
9340 5.925754 5.925754 5.925754 0.616104 0.616104 0.616104
9350 5.925754 5.925754 5.925754 0.616104 0.616104 0.616104
9360 5.925754 5.925754 5.925754 0.616104 0.616104 0.616104
9370 5.925754 5.925754 5.925754 0.616104 0.616104 0.616104
9380 5.925754 5.925754 5.925754 0.616104 0.616104 0.616104
9390 5.925754 5.925754 5.925754 0.616104 0.616104 0.616104
9400 5.925754 5.925754 5.925754 0.616104 0.616104 0.616104
9410 5.925754 5.925754 5.925754 0.616104 0.616104 0.616104
9420 5.925754 5.925754 5.925754 0.616104 0.616104 0.616104
9430 5.925754 5.925754 5.925754 0.616104 0.616104 0.616104
9440 5.925754 5.925754 5.925754 0.616104 0.616104 0.616104
9450 5.925754 5.925754 5.925754 0.616104 0.616104 0.616104
9460 5.925754 5.925754 5.925754 0.616104 0.616104 0.616104
9470 5.925754 5.925754 5.925754 0.616104 0.616104 0.616104
9480 5.925754 5.925754 5.925754 0.616104 0.616104 0.616104
9490 5.925754 5.925754 5.925754 0.616104 0.616104 0.616104
9500 5.925754 5.925754 5.925754 0.616104 0.616104 0.616104
9510 5.925754 5.925754 5.925754 0.616104 0.616104 0.616104
9520 5.925754 5.925754 5.925754 0.616104 0.616104 0.616104
9530 5.925754 5.925754 5.925754 0.616104 0.616104 0.616104
9540 5.925754 5.925754 5.925754 0.616104 0.616104 0.616104
9550 5.925754 5.925754 5.925754 0.616104 0.616104 0.616104
9560 5.925754 5.925754 5.925754 0.616104 0.616104 0.616104
9570 5.925754 5.925754 5.925754 0.616104 0.616104 0.616104
9580 5.925754 5.925754 5.925754 0.616104 0.616104 0.616104
9590 5.925754 5.925754 5.925754 0.616104 0.616104 0.616104
9600 5.925754 5.925754 5.925754 0.616104 0.616104 0.616104
9610 5.925754 5.925754 5.925754 0.616104 0.616104 0.616104
9620 5.925754 5.925754 5.925754 0.616104 0.616104 0.616104
9630 5.925754 5.925754 5.925754 0.616104 0.616104 0.616104
9640 5.925754 5.925754 5.925754 0.616104 0.616104 0.616104
9650 5.925754 5.925754 5.925754 0.616104 0.616104 0.616104
9660 5.925754 5.925754 5.925754 0.616104 0.616104 0.616104
9670 5.925754 5.925754 5.925754 0.616104 0.616104 0.616104
9680 5.925754 5.925754 5.925754 0.616104 0.616104 0.616104
9690 5.925754 5.925754 5.925754 0.616104 0.616104 0.616104
9700 5.925754 5.925754 5.925754 0.616104 0.616104 0.616104
9710 5.925754 5.925754 5.925754 0.616104 0.616104 0.616104
9720 5.925754 5.925754 5.925754 0.616104 0.616104 0.616104
9730 5.925754 5.925754 5.925754 0.616104 0.616104 0.616104
9740 5.925754 5.925754 5.925754 0.616104 0.616104 0.616104
9750 5.925754 5.925754 5.925754 0.616104 0.616104 0.616104
9760 5.925754 5.925754 5.925754 0.616104 0.616104 0.616104
9770 5.925754 5.925754 5.925754 0.616104 0.616104 0.616104
9780 5.925754 5.925754 5.925754 0.616104 0.616104 0.616104
9790 5.925754 5.925754 5.925754 0.616104 0.616104 0.616104
9800 5.925754 5.925754 5.925754 0.616104 0.616104 0.616104
9810 5.925754 5.925754 5.925754 0.616104 0.616104 0.616104
9820 5.925754 5.925754 5.925754 0.616104 0.616104 0.616104
9830 5.925754 5.925754 5.925754 0.616104 0.616104 0.616104
9840 5.925754 5.925754 5.925754 0.616104 0.616104 0.616104
9850 5.925754 5.925754 5.925754 0.616104 0.616104 0.616104
9860 5.925754 5.925754 5.925754 0.616104 0.616104 0.616104
9870 5.925754 5.925754 5.925754 0.616104 0.616104 0.616104
9880 5.925754 5.925754 5.925754 0.616104 0.616104 0.616104
9890 5.925754 5.925754 5.925754 0.616104 0.616104 0.616104
9900 5.925754 5.925754 5.925754 0.616104 0.616104 0.616104
9910 5.925754 5.925754 5.925754 0.616104 0.616104 0.616104
9920 5.925754 5.925754 5.925754 0.616104 0.616104 0.616104
9930 5.925754 5.925754 5.925754 0.616104 0.616104 0.616104
9940 5.925754 5.925754 5.925754 0.616104 0.616104 0.616104
9950 5.925754 5.925754 5.925754 0.616104 0.616104 0.616104
9960 5.925754 5.925754 5.925754 0.616104 0.616104 0.616104
9970 5.925754 5.925754 5.925754 0.616104 0.616104 0.616104
9980 5.925754 5.925754 5.925754 0.616104 0.616104 0.616104
9990 5.925754 5.925754 5.925754 0.616104 0.616104 0.616104
10000 5.967970 5.967970 5.967970 0.633565 0.633565 0.633565
