# generation power_min power_avg power_max util_min util_avg util_max
1 20.749547 23.994943 28.417085 0.294389 0.374538 0.474248
10 20.749547 23.564188 26.448656 0.294389 0.365201 0.439000
20 20.356518 23.166653 25.064813 0.294389 0.357978 0.418033
30 19.394272 22.849449 24.681804 0.286914 0.351776 0.413576
40 19.394272 22.557346 24.202888 0.286914 0.345786 0.393890
50 19.394272 22.248602 23.922005 0.268497 0.339958 0.391071
60 18.298883 21.850992 23.578616 0.256400 0.332925 0.382349
70 18.298883 21.499847 23.252593 0.256400 0.325541 0.380110
80 17.231896 21.148067 23.034289 0.238227 0.317239 0.372241
90 17.231896 20.814129 22.699425 0.235161 0.309572 0.365337
100 17.231896 20.477575 22.404336 0.235161 0.301747 0.363050
110 17.231896 20.129203 22.072384 0.235161 0.294804 0.363050
120 16.627613 19.768747 21.742320 0.231957 0.288546 0.363050
130 16.627613 19.395391 21.204888 0.222184 0.280473 0.340197
140 16.627613 19.068762 20.973623 0.222184 0.273238 0.332398
150 15.776331 18.733184 20.400881 0.194620 0.266228 0.317377
160 15.776331 18.419016 20.064479 0.194620 0.260912 0.317377
170 15.212836 18.115394 19.845066 0.184893 0.255194 0.303706
180 15.090290 17.799346 19.485528 0.184893 0.249536 0.303706
190 15.090290 17.527001 19.144936 0.184026 0.243739 0.298552
200 15.006658 17.228747 18.801784 0.184026 0.236674 0.274777
210 14.585570 16.917211 18.529201 0.181030 0.231369 0.272643
220 14.396467 16.612603 18.098012 0.178269 0.225726 0.272643
230 13.655141 16.267115 17.891092 0.168758 0.219043 0.264921
240 13.655141 15.962056 17.681768 0.168758 0.213805 0.260686
250 13.655141 15.658103 17.395073 0.168758 0.208131 0.251750
260 13.564390 15.377025 17.119710 0.164507 0.203049 0.251750
270 13.467552 15.116550 16.881268 0.158053 0.198191 0.251750
280 13.459899 14.882860 16.328142 0.158053 0.193157 0.235115
290 13.212676 14.668054 15.882142 0.158053 0.188876 0.235115
300 12.952988 14.460548 15.405183 0.154563 0.185355 0.218621
310 12.823189 14.285047 15.276385 0.148802 0.182879 0.218621
320 12.411191 14.087284 15.115851 0.147487 0.179054 0.206193
330 12.411191 13.931934 14.912089 0.147487 0.176690 0.199652
340 12.411191 13.771151 14.585570 0.147487 0.174007 0.198125
350 12.411191 13.634364 14.464155 0.147487 0.171790 0.197178
360 12.411191 13.493853 14.361989 0.145271 0.169661 0.193921
370 12.411191 13.362073 14.185595 0.144903 0.167333 0.193921
380 12.154517 13.195981 14.032178 0.144903 0.164281 0.186540
390 11.939238 13.040908 13.915607 0.143475 0.161623 0.186540
400 11.538089 12.884699 13.702243 0.134229 0.159112 0.182266
410 11.538089 12.731703 13.537236 0.134118 0.156237 0.179075
420 11.339362 12.570173 13.320662 0.134118 0.154345 0.179075
430 11.180514 12.427664 13.190980 0.133341 0.152151 0.179075
440 11.180514 12.295311 12.965023 0.127490 0.150409 0.179075
450 10.699163 12.161308 12.839220 0.126019 0.149156 0.179075
460 10.699163 12.023660 12.733192 0.126019 0.147410 0.177512
470 10.699163 11.874675 12.621715 0.120954 0.145756 0.170066
480 10.500560 11.702009 12.476508 0.120954 0.144327 0.170066
490 10.500560 11.544910 12.369627 0.120954 0.143158 0.170066
500 10.500560 11.405711 12.164662 0.120954 0.141806 0.170066
510 10.336299 11.266101 12.025611 0.120954 0.140562 0.170066
520 10.325449 11.125083 11.931838 0.120954 0.138917 0.162463
530 10.325449 10.995549 11.792019 0.120954 0.137196 0.162463
540 10.101789 10.881944 11.560808 0.120954 0.136801 0.155615
550 10.101789 10.777631 11.485277 0.120954 0.135232 0.155615
560 10.040028 10.680747 11.263892 0.120954 0.134691 0.147396
570 10.040028 10.606442 11.067897 0.120954 0.134282 0.140604
580 10.040028 10.554607 10.889921 0.120956 0.133846 0.140604
590 10.040028 10.501672 10.800078 0.120956 0.133536 0.140604
600 10.040028 10.451339 10.748519 0.120956 0.132957 0.140604
610 10.002214 10.405711 10.674085 0.120956 0.132974 0.140604
620 10.002214 10.366980 10.522168 0.120956 0.132713 0.140604
630 10.002214 10.335784 10.500560 0.120956 0.132805 0.140604
640 10.002214 10.308242 10.500560 0.120956 0.132017 0.140604
650 10.002214 10.275439 10.487041 0.120956 0.131163 0.134349
660 10.002214 10.247012 10.460407 0.120956 0.131176 0.134349
670 10.002214 10.215940 10.431162 0.120956 0.131309 0.134349
680 10.002214 10.193740 10.325449 0.124687 0.131068 0.134349
690 10.002214 10.174526 10.263688 0.124687 0.130470 0.134349
700 10.002214 10.154956 10.263688 0.124687 0.129806 0.134349
710 10.002214 10.135645 10.263688 0.124687 0.129096 0.134349
720 10.002214 10.110892 10.263688 0.124687 0.128239 0.134349
730 10.002214 10.086636 10.263688 0.124687 0.127429 0.134349
740 9.985678 10.061883 10.263688 0.124687 0.126572 0.134349
750 9.985678 10.037215 10.247152 0.124687 0.125987 0.132786
760 9.939186 10.019837 10.101789 0.124687 0.126000 0.126250
770 9.939186 10.013859 10.040028 0.124687 0.125968 0.126250
780 9.939186 10.009794 10.040028 0.124687 0.125906 0.126250
790 9.939186 10.005848 10.040028 0.124687 0.125890 0.126250
800 9.939186 10.001736 10.023492 0.124687 0.125859 0.126250
810 9.901372 9.996764 10.023492 0.124687 0.125937 0.126250
820 9.901372 9.995134 10.002214 0.124687 0.125890 0.126250
830 9.901372 9.993976 10.002214 0.124687 0.125781 0.126250
840 9.901372 9.992488 10.002214 0.124687 0.125640 0.126250
850 9.901372 9.990157 10.002214 0.124687 0.125515 0.126250
860 9.901372 9.986982 10.002214 0.124687 0.125406 0.126250
870 9.901372 9.983178 10.002214 0.124687 0.125296 0.126250
880 9.901372 9.979838 10.002214 0.124687 0.125171 0.126250
890 9.901372 9.974812 10.002214 0.124687 0.125078 0.126250
900 9.901372 9.970795 9.985678 0.124687 0.124984 0.126250
910 9.901372 9.965271 9.985678 0.124687 0.125093 0.126250
920 9.901372 9.960213 9.985678 0.124687 0.125187 0.126250
930 9.901372 9.955998 9.985678 0.124687 0.125265 0.126250
940 9.901372 9.950096 9.985678 0.124687 0.125375 0.126250
950 9.901372 9.941665 9.985678 0.124687 0.125531 0.126250
960 9.901372 9.933235 9.985678 0.124687 0.125687 0.126250
970 9.901372 9.924804 9.985678 0.124687 0.125843 0.126250
980 9.901372 9.916373 9.985678 0.124687 0.126000 0.126250
990 9.901372 9.907943 9.985678 0.124687 0.126156 0.126250
1000 9.901372 9.901372 9.901372 0.126250 0.126250 0.126250
1010 9.901372 9.901372 9.901372 0.126250 0.126250 0.126250
1020 9.901372 9.901372 9.901372 0.126250 0.126250 0.126250
1030 9.901372 9.901372 9.901372 0.126250 0.126250 0.126250
1040 9.901372 9.901372 9.901372 0.126250 0.126250 0.126250
1050 9.901372 9.901372 9.901372 0.126250 0.126250 0.126250
1060 9.901372 9.901372 9.901372 0.126250 0.126250 0.126250
1070 9.901372 9.901372 9.901372 0.126250 0.126250 0.126250
1080 9.901372 9.901372 9.901372 0.126250 0.126250 0.126250
1090 9.901372 9.901372 9.901372 0.126250 0.126250 0.126250
1100 9.901372 9.901372 9.901372 0.126250 0.126250 0.126250
1110 9.901372 9.901372 9.901372 0.126250 0.126250 0.126250
1120 9.901372 9.901372 9.901372 0.126250 0.126250 0.126250
1130 9.901372 9.901372 9.901372 0.126250 0.126250 0.126250
1140 9.901372 9.901372 9.901372 0.126250 0.126250 0.126250
1150 9.901372 9.901372 9.901372 0.126250 0.126250 0.126250
1160 9.901372 9.901372 9.901372 0.126250 0.126250 0.126250
1170 9.901372 9.901372 9.901372 0.126250 0.126250 0.126250
1180 9.901372 9.901372 9.901372 0.126250 0.126250 0.126250
1190 9.901372 9.901372 9.901372 0.126250 0.126250 0.126250
1200 9.901372 9.901372 9.901372 0.126250 0.126250 0.126250
1210 9.901372 9.901372 9.901372 0.126250 0.126250 0.126250
1220 9.901372 9.901372 9.901372 0.126250 0.126250 0.126250
1230 9.901372 9.901372 9.901372 0.126250 0.126250 0.126250
1240 9.901372 9.901372 9.901372 0.126250 0.126250 0.126250
1250 9.901372 9.901372 9.901372 0.126250 0.126250 0.126250
1260 9.901372 9.901372 9.901372 0.126250 0.126250 0.126250
1270 9.901372 9.901372 9.901372 0.126250 0.126250 0.126250
1280 9.901372 9.901372 9.901372 0.126250 0.126250 0.126250
1290 9.901372 9.901372 9.901372 0.126250 0.126250 0.126250
1300 9.901372 9.901372 9.901372 0.126250 0.126250 0.126250
1310 9.901372 9.901372 9.901372 0.126250 0.126250 0.126250
1320 9.901372 9.901372 9.901372 0.126250 0.126250 0.126250
1330 9.901372 9.901372 9.901372 0.126250 0.126250 0.126250
1340 9.901372 9.901372 9.901372 0.126250 0.126250 0.126250
1350 9.901372 9.901372 9.901372 0.126250 0.126250 0.126250
1360 9.901372 9.901372 9.901372 0.126250 0.126250 0.126250
1370 9.901372 9.901372 9.901372 0.126250 0.126250 0.126250
1380 9.901372 9.901372 9.901372 0.126250 0.126250 0.126250
1390 9.901372 9.901372 9.901372 0.126250 0.126250 0.126250
1400 9.901372 9.901372 9.901372 0.126250 0.126250 0.126250
1410 9.901372 9.901372 9.901372 0.126250 0.126250 0.126250
1420 9.901372 9.901372 9.901372 0.126250 0.126250 0.126250
1430 9.901372 9.901372 9.901372 0.126250 0.126250 0.126250
1440 9.901372 9.901372 9.901372 0.126250 0.126250 0.126250
1450 9.901372 9.901372 9.901372 0.126250 0.126250 0.126250
1460 9.901372 9.901372 9.901372 0.126250 0.126250 0.126250
1470 9.901372 9.901372 9.901372 0.126250 0.126250 0.126250
1480 9.901372 9.901372 9.901372 0.126250 0.126250 0.126250
1490 9.901372 9.901372 9.901372 0.126250 0.126250 0.126250
1500 9.901372 9.901372 9.901372 0.126250 0.126250 0.126250
1510 9.901372 9.901372 9.901372 0.126250 0.126250 0.126250
1520 9.901372 9.901372 9.901372 0.126250 0.126250 0.126250
1530 9.901372 9.901372 9.901372 0.126250 0.126250 0.126250
1540 9.901372 9.901372 9.901372 0.126250 0.126250 0.126250
1550 9.901372 9.901372 9.901372 0.126250 0.126250 0.126250
1560 9.901372 9.901372 9.901372 0.126250 0.126250 0.126250
1570 9.901372 9.901372 9.901372 0.126250 0.126250 0.126250
1580 9.901372 9.901372 9.901372 0.126250 0.126250 0.126250
1590 9.901372 9.901372 9.901372 0.126250 0.126250 0.126250
1600 9.901372 9.901372 9.901372 0.126250 0.126250 0.126250
1610 9.901372 9.901372 9.901372 0.126250 0.126250 0.126250
1620 9.901372 9.901372 9.901372 0.126250 0.126250 0.126250
1630 9.901372 9.901372 9.901372 0.126250 0.126250 0.126250
1640 9.901372 9.901372 9.901372 0.126250 0.126250 0.126250
1650 9.901372 9.901372 9.901372 0.126250 0.126250 0.126250
1660 9.901372 9.901372 9.901372 0.126250 0.126250 0.126250
1670 9.901372 9.901372 9.901372 0.126250 0.126250 0.126250
1680 9.901372 9.901372 9.901372 0.126250 0.126250 0.126250
1690 9.901372 9.901372 9.901372 0.126250 0.126250 0.126250
1700 9.901372 9.901372 9.901372 0.126250 0.126250 0.126250
1710 9.901372 9.901372 9.901372 0.126250 0.126250 0.126250
1720 9.901372 9.901372 9.901372 0.126250 0.126250 0.126250
1730 9.901372 9.901372 9.901372 0.126250 0.126250 0.126250
1740 9.901372 9.901372 9.901372 0.126250 0.126250 0.126250
1750 9.901372 9.901372 9.901372 0.126250 0.126250 0.126250
1760 9.901372 9.901372 9.901372 0.126250 0.126250 0.126250
1770 9.901372 9.901372 9.901372 0.126250 0.126250 0.126250
1780 9.901372 9.901372 9.901372 0.126250 0.126250 0.126250
1790 9.901372 9.901372 9.901372 0.126250 0.126250 0.126250
1800 9.901372 9.901372 9.901372 0.126250 0.126250 0.126250
1810 9.901372 9.901372 9.901372 0.126250 0.126250 0.126250
1820 9.901372 9.901372 9.901372 0.126250 0.126250 0.126250
1830 9.901372 9.901372 9.901372 0.126250 0.126250 0.126250
1840 9.901372 9.901372 9.901372 0.126250 0.126250 0.126250
1850 9.901372 9.901372 9.901372 0.126250 0.126250 0.126250
1860 9.901372 9.901372 9.901372 0.126250 0.126250 0.126250
1870 9.901372 9.901372 9.901372 0.126250 0.126250 0.126250
1880 9.901372 9.901372 9.901372 0.126250 0.126250 0.126250
1890 9.901372 9.901372 9.901372 0.126250 0.126250 0.126250
1900 9.901372 9.901372 9.901372 0.126250 0.126250 0.126250
1910 9.901372 9.901372 9.901372 0.126250 0.126250 0.126250
1920 9.901372 9.901372 9.901372 0.126250 0.126250 0.126250
1930 9.901372 9.901372 9.901372 0.126250 0.126250 0.126250
1940 9.901372 9.901372 9.901372 0.126250 0.126250 0.126250
1950 9.901372 9.901372 9.901372 0.126250 0.126250 0.126250
1960 9.901372 9.901372 9.901372 0.126250 0.126250 0.126250
1970 9.901372 9.901372 9.901372 0.126250 0.126250 0.126250
1980 9.901372 9.901372 9.901372 0.126250 0.126250 0.126250
1990 9.901372 9.901372 9.901372 0.126250 0.126250 0.126250
2000 9.901372 9.901372 9.901372 0.126250 0.126250 0.126250
2010 9.901372 9.901372 9.901372 0.126250 0.126250 0.126250
2020 9.901372 9.901372 9.901372 0.126250 0.126250 0.126250
2030 9.901372 9.901372 9.901372 0.126250 0.126250 0.126250
2040 9.901372 9.901372 9.901372 0.126250 0.126250 0.126250
2050 9.901372 9.901372 9.901372 0.126250 0.126250 0.126250
2060 9.901372 9.901372 9.901372 0.126250 0.126250 0.126250
2070 9.901372 9.901372 9.901372 0.126250 0.126250 0.126250
2080 9.901372 9.901372 9.901372 0.126250 0.126250 0.126250
2090 9.901372 9.901372 9.901372 0.126250 0.126250 0.126250
2100 9.901372 9.901372 9.901372 0.126250 0.126250 0.126250
2110 9.901372 9.901372 9.901372 0.126250 0.126250 0.126250
2120 9.901372 9.901372 9.901372 0.126250 0.126250 0.126250
2130 9.901372 9.901372 9.901372 0.126250 0.126250 0.126250
2140 9.901372 9.901372 9.901372 0.126250 0.126250 0.126250
2150 9.901372 9.901372 9.901372 0.126250 0.126250 0.126250
2160 9.901372 9.901372 9.901372 0.126250 0.126250 0.126250
2170 9.901372 9.901372 9.901372 0.126250 0.126250 0.126250
2180 9.901372 9.901372 9.901372 0.126250 0.126250 0.126250
2190 9.901372 9.901372 9.901372 0.126250 0.126250 0.126250
2200 9.901372 9.901372 9.901372 0.126250 0.126250 0.126250
2210 9.901372 9.901372 9.901372 0.126250 0.126250 0.126250
2220 9.901372 9.901372 9.901372 0.126250 0.126250 0.126250
2230 9.901372 9.901372 9.901372 0.126250 0.126250 0.126250
2240 9.901372 9.901372 9.901372 0.126250 0.126250 0.126250
2250 9.901372 9.901372 9.901372 0.126250 0.126250 0.126250
2260 9.901372 9.901372 9.901372 0.126250 0.126250 0.126250
2270 9.901372 9.901372 9.901372 0.126250 0.126250 0.126250
2280 9.901372 9.901372 9.901372 0.126250 0.126250 0.126250
2290 9.901372 9.901372 9.901372 0.126250 0.126250 0.126250
2300 9.901372 9.901372 9.901372 0.126250 0.126250 0.126250
2310 9.901372 9.901372 9.901372 0.126250 0.126250 0.126250
2320 9.901372 9.901372 9.901372 0.126250 0.126250 0.126250
2330 9.901372 9.901372 9.901372 0.126250 0.126250 0.126250
2340 9.901372 9.901372 9.901372 0.126250 0.126250 0.126250
2350 9.901372 9.901372 9.901372 0.126250 0.126250 0.126250
2360 9.901372 9.901372 9.901372 0.126250 0.126250 0.126250
2370 9.901372 9.901372 9.901372 0.126250 0.126250 0.126250
2380 9.901372 9.901372 9.901372 0.126250 0.126250 0.126250
2390 9.901372 9.901372 9.901372 0.126250 0.126250 0.126250
2400 9.901372 9.901372 9.901372 0.126250 0.126250 0.126250
2410 9.901372 9.901372 9.901372 0.126250 0.126250 0.126250
2420 9.901372 9.901372 9.901372 0.126250 0.126250 0.126250
2430 9.901372 9.901372 9.901372 0.126250 0.126250 0.126250
2440 9.901372 9.901372 9.901372 0.126250 0.126250 0.126250
2450 9.901372 9.901372 9.901372 0.126250 0.126250 0.126250
2460 9.901372 9.901372 9.901372 0.126250 0.126250 0.126250
2470 9.901372 9.901372 9.901372 0.126250 0.126250 0.126250
2480 9.901372 9.901372 9.901372 0.126250 0.126250 0.126250
2490 9.901372 9.901372 9.901372 0.126250 0.126250 0.126250
2500 9.901372 9.901372 9.901372 0.126250 0.126250 0.126250
2510 9.901372 9.901372 9.901372 0.126250 0.126250 0.126250
2520 9.901372 9.901372 9.901372 0.126250 0.126250 0.126250
2530 9.901372 9.901372 9.901372 0.126250 0.126250 0.126250
2540 9.901372 9.901372 9.901372 0.126250 0.126250 0.126250
2550 9.901372 9.901372 9.901372 0.126250 0.126250 0.126250
2560 9.901372 9.901372 9.901372 0.126250 0.126250 0.126250
2570 9.901372 9.901372 9.901372 0.126250 0.126250 0.126250
2580 9.901372 9.901372 9.901372 0.126250 0.126250 0.126250
2590 9.901372 9.901372 9.901372 0.126250 0.126250 0.126250
2600 9.901372 9.901372 9.901372 0.126250 0.126250 0.126250
2610 9.901372 9.901372 9.901372 0.126250 0.126250 0.126250
2620 9.901372 9.901372 9.901372 0.126250 0.126250 0.126250
2630 9.901372 9.901372 9.901372 0.126250 0.126250 0.126250
2640 9.901372 9.901372 9.901372 0.126250 0.126250 0.126250
2650 9.901372 9.901372 9.901372 0.126250 0.126250 0.126250
2660 9.901372 9.901372 9.901372 0.126250 0.126250 0.126250
2670 9.901372 9.901372 9.901372 0.126250 0.126250 0.126250
2680 9.901372 9.901372 9.901372 0.126250 0.126250 0.126250
2690 9.901372 9.901372 9.901372 0.126250 0.126250 0.126250
2700 9.901372 9.901372 9.901372 0.126250 0.126250 0.126250
2710 9.901372 9.901372 9.901372 0.126250 0.126250 0.126250
2720 9.901372 9.901372 9.901372 0.126250 0.126250 0.126250
2730 9.901372 9.901372 9.901372 0.126250 0.126250 0.126250
2740 9.901372 9.901372 9.901372 0.126250 0.126250 0.126250
2750 9.901372 9.901372 9.901372 0.126250 0.126250 0.126250
2760 9.901372 9.901372 9.901372 0.126250 0.126250 0.126250
2770 9.901372 9.901372 9.901372 0.126250 0.126250 0.126250
2780 9.901372 9.901372 9.901372 0.126250 0.126250 0.126250
2790 9.901372 9.901372 9.901372 0.126250 0.126250 0.126250
2800 9.901372 9.901372 9.901372 0.126250 0.126250 0.126250
2810 9.901372 9.901372 9.901372 0.126250 0.126250 0.126250
2820 9.901372 9.901372 9.901372 0.126250 0.126250 0.126250
2830 9.901372 9.901372 9.901372 0.126250 0.126250 0.126250
2840 9.901372 9.901372 9.901372 0.126250 0.126250 0.126250
2850 9.901372 9.901372 9.901372 0.126250 0.126250 0.126250
2860 9.901372 9.901372 9.901372 0.126250 0.126250 0.126250
2870 9.901372 9.901372 9.901372 0.126250 0.126250 0.126250
2880 9.901372 9.901372 9.901372 0.126250 0.126250 0.126250
2890 9.901372 9.901372 9.901372 0.126250 0.126250 0.126250
2900 9.901372 9.901372 9.901372 0.126250 0.126250 0.126250
2910 9.901372 9.901372 9.901372 0.126250 0.126250 0.126250
2920 9.901372 9.901372 9.901372 0.126250 0.126250 0.126250
2930 9.901372 9.901372 9.901372 0.126250 0.126250 0.126250
2940 9.901372 9.901372 9.901372 0.126250 0.126250 0.126250
2950 9.901372 9.901372 9.901372 0.126250 0.126250 0.126250
2960 9.901372 9.901372 9.901372 0.126250 0.126250 0.126250
2970 9.901372 9.901372 9.901372 0.126250 0.126250 0.126250
2980 9.901372 9.901372 9.901372 0.126250 0.126250 0.126250
2990 9.901372 9.901372 9.901372 0.126250 0.126250 0.126250
3000 9.901372 9.901372 9.901372 0.126250 0.126250 0.126250
3010 9.901372 9.901372 9.901372 0.126250 0.126250 0.126250
3020 9.901372 9.901372 9.901372 0.126250 0.126250 0.126250
3030 9.901372 9.901372 9.901372 0.126250 0.126250 0.126250
3040 9.901372 9.901372 9.901372 0.126250 0.126250 0.126250
3050 9.901372 9.901372 9.901372 0.126250 0.126250 0.126250
3060 9.901372 9.901372 9.901372 0.126250 0.126250 0.126250
3070 9.901372 9.901372 9.901372 0.126250 0.126250 0.126250
3080 9.901372 9.901372 9.901372 0.126250 0.126250 0.126250
3090 9.901372 9.901372 9.901372 0.126250 0.126250 0.126250
3100 9.901372 9.901372 9.901372 0.126250 0.126250 0.126250
3110 9.901372 9.901372 9.901372 0.126250 0.126250 0.126250
3120 9.901372 9.901372 9.901372 0.126250 0.126250 0.126250
3130 9.901372 9.901372 9.901372 0.126250 0.126250 0.126250
3140 9.901372 9.901372 9.901372 0.126250 0.126250 0.126250
3150 9.901372 9.901372 9.901372 0.126250 0.126250 0.126250
3160 9.901372 9.901372 9.901372 0.126250 0.126250 0.126250
3170 9.901372 9.901372 9.901372 0.126250 0.126250 0.126250
3180 9.901372 9.901372 9.901372 0.126250 0.126250 0.126250
3190 9.901372 9.901372 9.901372 0.126250 0.126250 0.126250
3200 9.901372 9.901372 9.901372 0.126250 0.126250 0.126250
3210 9.901372 9.901372 9.901372 0.126250 0.126250 0.126250
3220 9.901372 9.901372 9.901372 0.126250 0.126250 0.126250
3230 9.901372 9.901372 9.901372 0.126250 0.126250 0.126250
3240 9.901372 9.901372 9.901372 0.126250 0.126250 0.126250
3250 9.901372 9.901372 9.901372 0.126250 0.126250 0.126250
3260 9.901372 9.901372 9.901372 0.126250 0.126250 0.126250
3270 9.901372 9.901372 9.901372 0.126250 0.126250 0.126250
3280 9.901372 9.901372 9.901372 0.126250 0.126250 0.126250
3290 9.901372 9.901372 9.901372 0.126250 0.126250 0.126250
3300 9.901372 9.901372 9.901372 0.126250 0.126250 0.126250
3310 9.901372 9.901372 9.901372 0.126250 0.126250 0.126250
3320 9.901372 9.901372 9.901372 0.126250 0.126250 0.126250
3330 9.901372 9.901372 9.901372 0.126250 0.126250 0.126250
3340 9.901372 9.901372 9.901372 0.126250 0.126250 0.126250
3350 9.901372 9.901372 9.901372 0.126250 0.126250 0.126250
3360 9.901372 9.901372 9.901372 0.126250 0.126250 0.126250
3370 9.901372 9.901372 9.901372 0.126250 0.126250 0.126250
3380 9.901372 9.901372 9.901372 0.126250 0.126250 0.126250
3390 9.901372 9.901372 9.901372 0.126250 0.126250 0.126250
3400 9.901372 9.901372 9.901372 0.126250 0.126250 0.126250
3410 9.901372 9.901372 9.901372 0.126250 0.126250 0.126250
3420 9.901372 9.901372 9.901372 0.126250 0.126250 0.126250
3430 9.901372 9.901372 9.901372 0.126250 0.126250 0.126250
3440 9.901372 9.901372 9.901372 0.126250 0.126250 0.126250
3450 9.901372 9.901372 9.901372 0.126250 0.126250 0.126250
3460 9.901372 9.901372 9.901372 0.126250 0.126250 0.126250
3470 9.901372 9.901372 9.901372 0.126250 0.126250 0.126250
3480 9.901372 9.901372 9.901372 0.126250 0.126250 0.126250
3490 9.901372 9.901372 9.901372 0.126250 0.126250 0.126250
3500 9.901372 9.901372 9.901372 0.126250 0.126250 0.126250
3510 9.901372 9.901372 9.901372 0.126250 0.126250 0.126250
3520 9.901372 9.901372 9.901372 0.126250 0.126250 0.126250
3530 9.901372 9.901372 9.901372 0.126250 0.126250 0.126250
3540 9.901372 9.901372 9.901372 0.126250 0.126250 0.126250
3550 9.901372 9.901372 9.901372 0.126250 0.126250 0.126250
3560 9.901372 9.901372 9.901372 0.126250 0.126250 0.126250
3570 9.901372 9.901372 9.901372 0.126250 0.126250 0.126250
3580 9.901372 9.901372 9.901372 0.126250 0.126250 0.126250
3590 9.901372 9.901372 9.901372 0.126250 0.126250 0.126250
3600 9.901372 9.901372 9.901372 0.126250 0.126250 0.126250
3610 9.901372 9.901372 9.901372 0.126250 0.126250 0.126250
3620 9.901372 9.901372 9.901372 0.126250 0.126250 0.126250
3630 9.901372 9.901372 9.901372 0.126250 0.126250 0.126250
3640 9.901372 9.901372 9.901372 0.126250 0.126250 0.126250
3650 9.901372 9.901372 9.901372 0.126250 0.126250 0.126250
3660 9.901372 9.901372 9.901372 0.126250 0.126250 0.126250
3670 9.901372 9.901372 9.901372 0.126250 0.126250 0.126250
3680 9.901372 9.901372 9.901372 0.126250 0.126250 0.126250
3690 9.901372 9.901372 9.901372 0.126250 0.126250 0.126250
3700 9.901372 9.901372 9.901372 0.126250 0.126250 0.126250
3710 9.901372 9.901372 9.901372 0.126250 0.126250 0.126250
3720 9.901372 9.901372 9.901372 0.126250 0.126250 0.126250
3730 9.901372 9.901372 9.901372 0.126250 0.126250 0.126250
3740 9.901372 9.901372 9.901372 0.126250 0.126250 0.126250
3750 9.901372 9.901372 9.901372 0.126250 0.126250 0.126250
3760 9.901372 9.901372 9.901372 0.126250 0.126250 0.126250
3770 9.901372 9.901372 9.901372 0.126250 0.126250 0.126250
3780 9.901372 9.901372 9.901372 0.126250 0.126250 0.126250
3790 9.901372 9.901372 9.901372 0.126250 0.126250 0.126250
3800 9.901372 9.901372 9.901372 0.126250 0.126250 0.126250
3810 9.901372 9.901372 9.901372 0.126250 0.126250 0.126250
3820 9.901372 9.901372 9.901372 0.126250 0.126250 0.126250
3830 9.901372 9.901372 9.901372 0.126250 0.126250 0.126250
3840 9.901372 9.901372 9.901372 0.126250 0.126250 0.126250
3850 9.901372 9.901372 9.901372 0.126250 0.126250 0.126250
3860 9.901372 9.901372 9.901372 0.126250 0.126250 0.126250
3870 9.901372 9.901372 9.901372 0.126250 0.126250 0.126250
3880 9.901372 9.901372 9.901372 0.126250 0.126250 0.126250
3890 9.901372 9.901372 9.901372 0.126250 0.126250 0.126250
3900 9.901372 9.901372 9.901372 0.126250 0.126250 0.126250
3910 9.901372 9.901372 9.901372 0.126250 0.126250 0.126250
3920 9.901372 9.901372 9.901372 0.126250 0.126250 0.126250
3930 9.901372 9.901372 9.901372 0.126250 0.126250 0.126250
3940 9.901372 9.901372 9.901372 0.126250 0.126250 0.126250
3950 9.901372 9.901372 9.901372 0.126250 0.126250 0.126250
3960 9.901372 9.901372 9.901372 0.126250 0.126250 0.126250
3970 9.901372 9.901372 9.901372 0.126250 0.126250 0.126250
3980 9.901372 9.901372 9.901372 0.126250 0.126250 0.126250
3990 9.901372 9.901372 9.901372 0.126250 0.126250 0.126250
4000 9.901372 9.901372 9.901372 0.126250 0.126250 0.126250
4010 9.901372 9.901372 9.901372 0.126250 0.126250 0.126250
4020 9.901372 9.901372 9.901372 0.126250 0.126250 0.126250
4030 9.901372 9.901372 9.901372 0.126250 0.126250 0.126250
4040 9.901372 9.901372 9.901372 0.126250 0.126250 0.126250
4050 9.901372 9.901372 9.901372 0.126250 0.126250 0.126250
4060 9.901372 9.901372 9.901372 0.126250 0.126250 0.126250
4070 9.901372 9.901372 9.901372 0.126250 0.126250 0.126250
4080 9.901372 9.901372 9.901372 0.126250 0.126250 0.126250
4090 9.901372 9.901372 9.901372 0.126250 0.126250 0.126250
4100 9.901372 9.901372 9.901372 0.126250 0.126250 0.126250
4110 9.901372 9.901372 9.901372 0.126250 0.126250 0.126250
4120 9.901372 9.901372 9.901372 0.126250 0.126250 0.126250
4130 9.901372 9.901372 9.901372 0.126250 0.126250 0.126250
4140 9.901372 9.901372 9.901372 0.126250 0.126250 0.126250
4150 9.901372 9.901372 9.901372 0.126250 0.126250 0.126250
4160 9.901372 9.901372 9.901372 0.126250 0.126250 0.126250
4170 9.901372 9.901372 9.901372 0.126250 0.126250 0.126250
4180 9.901372 9.901372 9.901372 0.126250 0.126250 0.126250
4190 9.901372 9.901372 9.901372 0.126250 0.126250 0.126250
4200 9.901372 9.901372 9.901372 0.126250 0.126250 0.126250
4210 9.901372 9.901372 9.901372 0.126250 0.126250 0.126250
4220 9.901372 9.901372 9.901372 0.126250 0.126250 0.126250
4230 9.901372 9.901372 9.901372 0.126250 0.126250 0.126250
4240 9.901372 9.901372 9.901372 0.126250 0.126250 0.126250
4250 9.901372 9.901372 9.901372 0.126250 0.126250 0.126250
4260 9.901372 9.901372 9.901372 0.126250 0.126250 0.126250
4270 9.901372 9.901372 9.901372 0.126250 0.126250 0.126250
4280 9.901372 9.901372 9.901372 0.126250 0.126250 0.126250
4290 9.901372 9.901372 9.901372 0.126250 0.126250 0.126250
4300 9.901372 9.901372 9.901372 0.126250 0.126250 0.126250
4310 9.901372 9.901372 9.901372 0.126250 0.126250 0.126250
4320 9.901372 9.901372 9.901372 0.126250 0.126250 0.126250
4330 9.901372 9.901372 9.901372 0.126250 0.126250 0.126250
4340 9.901372 9.901372 9.901372 0.126250 0.126250 0.126250
4350 9.901372 9.901372 9.901372 0.126250 0.126250 0.126250
4360 9.901372 9.901372 9.901372 0.126250 0.126250 0.126250
4370 9.901372 9.901372 9.901372 0.126250 0.126250 0.126250
4380 9.901372 9.901372 9.901372 0.126250 0.126250 0.126250
4390 9.901372 9.901372 9.901372 0.126250 0.126250 0.126250
4400 9.901372 9.901372 9.901372 0.126250 0.126250 0.126250
4410 9.901372 9.901372 9.901372 0.126250 0.126250 0.126250
4420 9.901372 9.901372 9.901372 0.126250 0.126250 0.126250
4430 9.901372 9.901372 9.901372 0.126250 0.126250 0.126250
4440 9.901372 9.901372 9.901372 0.126250 0.126250 0.126250
4450 9.901372 9.901372 9.901372 0.126250 0.126250 0.126250
4460 9.901372 9.901372 9.901372 0.126250 0.126250 0.126250
4470 9.901372 9.901372 9.901372 0.126250 0.126250 0.126250
4480 9.901372 9.901372 9.901372 0.126250 0.126250 0.126250
4490 9.901372 9.901372 9.901372 0.126250 0.126250 0.126250
4500 9.901372 9.901372 9.901372 0.126250 0.126250 0.126250
4510 9.901372 9.901372 9.901372 0.126250 0.126250 0.126250
4520 9.901372 9.901372 9.901372 0.126250 0.126250 0.126250
4530 9.901372 9.901372 9.901372 0.126250 0.126250 0.126250
4540 9.901372 9.901372 9.901372 0.126250 0.126250 0.126250
4550 9.901372 9.901372 9.901372 0.126250 0.126250 0.126250
4560 9.901372 9.901372 9.901372 0.126250 0.126250 0.126250
4570 9.901372 9.901372 9.901372 0.126250 0.126250 0.126250
4580 9.901372 9.901372 9.901372 0.126250 0.126250 0.126250
4590 9.901372 9.901372 9.901372 0.126250 0.126250 0.126250
4600 9.901372 9.901372 9.901372 0.126250 0.126250 0.126250
4610 9.901372 9.901372 9.901372 0.126250 0.126250 0.126250
4620 9.901372 9.901372 9.901372 0.126250 0.126250 0.126250
4630 9.901372 9.901372 9.901372 0.126250 0.126250 0.126250
4640 9.901372 9.901372 9.901372 0.126250 0.126250 0.126250
4650 9.901372 9.901372 9.901372 0.126250 0.126250 0.126250
4660 9.901372 9.901372 9.901372 0.126250 0.126250 0.126250
4670 9.901372 9.901372 9.901372 0.126250 0.126250 0.126250
4680 9.901372 9.901372 9.901372 0.126250 0.126250 0.126250
4690 9.901372 9.901372 9.901372 0.126250 0.126250 0.126250
4700 9.901372 9.901372 9.901372 0.126250 0.126250 0.126250
4710 9.901372 9.901372 9.901372 0.126250 0.126250 0.126250
4720 9.901372 9.901372 9.901372 0.126250 0.126250 0.126250
4730 9.901372 9.901372 9.901372 0.126250 0.126250 0.126250
4740 9.901372 9.901372 9.901372 0.126250 0.126250 0.126250
4750 9.901372 9.901372 9.901372 0.126250 0.126250 0.126250
4760 9.901372 9.901372 9.901372 0.126250 0.126250 0.126250
4770 9.901372 9.901372 9.901372 0.126250 0.126250 0.126250
4780 9.901372 9.901372 9.901372 0.126250 0.126250 0.126250
4790 9.901372 9.901372 9.901372 0.126250 0.126250 0.126250
4800 9.901372 9.901372 9.901372 0.126250 0.126250 0.126250
4810 9.901372 9.901372 9.901372 0.126250 0.126250 0.126250
4820 9.901372 9.901372 9.901372 0.126250 0.126250 0.126250
4830 9.901372 9.901372 9.901372 0.126250 0.126250 0.126250
4840 9.901372 9.901372 9.901372 0.126250 0.126250 0.126250
4850 9.901372 9.901372 9.901372 0.126250 0.126250 0.126250
4860 9.901372 9.901372 9.901372 0.126250 0.126250 0.126250
4870 9.901372 9.901372 9.901372 0.126250 0.126250 0.126250
4880 9.901372 9.901372 9.901372 0.126250 0.126250 0.126250
4890 9.901372 9.901372 9.901372 0.126250 0.126250 0.126250
4900 9.901372 9.901372 9.901372 0.126250 0.126250 0.126250
4910 9.901372 9.901372 9.901372 0.126250 0.126250 0.126250
4920 9.901372 9.901372 9.901372 0.126250 0.126250 0.126250
4930 9.901372 9.901372 9.901372 0.126250 0.126250 0.126250
4940 9.901372 9.901372 9.901372 0.126250 0.126250 0.126250
4950 9.901372 9.901372 9.901372 0.126250 0.126250 0.126250
4960 9.901372 9.901372 9.901372 0.126250 0.126250 0.126250
4970 9.901372 9.901372 9.901372 0.126250 0.126250 0.126250
4980 9.901372 9.901372 9.901372 0.126250 0.126250 0.126250
4990 9.901372 9.901372 9.901372 0.126250 0.126250 0.126250
5000 9.901372 9.901372 9.901372 0.126250 0.126250 0.126250
5010 9.901372 9.901372 9.901372 0.126250 0.126250 0.126250
5020 9.901372 9.901372 9.901372 0.126250 0.126250 0.126250
5030 9.901372 9.901372 9.901372 0.126250 0.126250 0.126250
5040 9.901372 9.901372 9.901372 0.126250 0.126250 0.126250
5050 9.901372 9.901372 9.901372 0.126250 0.126250 0.126250
5060 9.901372 9.901372 9.901372 0.126250 0.126250 0.126250
5070 9.901372 9.901372 9.901372 0.126250 0.126250 0.126250
5080 9.901372 9.901372 9.901372 0.126250 0.126250 0.126250
5090 9.901372 9.901372 9.901372 0.126250 0.126250 0.126250
5100 9.901372 9.901372 9.901372 0.126250 0.126250 0.126250
5110 9.901372 9.901372 9.901372 0.126250 0.126250 0.126250
5120 9.901372 9.901372 9.901372 0.126250 0.126250 0.126250
5130 9.901372 9.901372 9.901372 0.126250 0.126250 0.126250
5140 9.901372 9.901372 9.901372 0.126250 0.126250 0.126250
5150 9.901372 9.901372 9.901372 0.126250 0.126250 0.126250
5160 9.901372 9.901372 9.901372 0.126250 0.126250 0.126250
5170 9.901372 9.901372 9.901372 0.126250 0.126250 0.126250
5180 9.901372 9.901372 9.901372 0.126250 0.126250 0.126250
5190 9.901372 9.901372 9.901372 0.126250 0.126250 0.126250
5200 9.901372 9.901372 9.901372 0.126250 0.126250 0.126250
5210 9.901372 9.901372 9.901372 0.126250 0.126250 0.126250
5220 9.901372 9.901372 9.901372 0.126250 0.126250 0.126250
5230 9.901372 9.901372 9.901372 0.126250 0.126250 0.126250
5240 9.901372 9.901372 9.901372 0.126250 0.126250 0.126250
5250 9.901372 9.901372 9.901372 0.126250 0.126250 0.126250
5260 9.901372 9.901372 9.901372 0.126250 0.126250 0.126250
5270 9.901372 9.901372 9.901372 0.126250 0.126250 0.126250
5280 9.901372 9.901372 9.901372 0.126250 0.126250 0.126250
5290 9.901372 9.901372 9.901372 0.126250 0.126250 0.126250
5300 9.901372 9.901372 9.901372 0.126250 0.126250 0.126250
5310 9.901372 9.901372 9.901372 0.126250 0.126250 0.126250
5320 9.901372 9.901372 9.901372 0.126250 0.126250 0.126250
5330 9.901372 9.901372 9.901372 0.126250 0.126250 0.126250
5340 9.901372 9.901372 9.901372 0.126250 0.126250 0.126250
5350 9.901372 9.901372 9.901372 0.126250 0.126250 0.126250
5360 9.901372 9.901372 9.901372 0.126250 0.126250 0.126250
5370 9.901372 9.901372 9.901372 0.126250 0.126250 0.126250
5380 9.901372 9.901372 9.901372 0.126250 0.126250 0.126250
5390 9.901372 9.901372 9.901372 0.126250 0.126250 0.126250
5400 9.901372 9.901372 9.901372 0.126250 0.126250 0.126250
5410 9.901372 9.901372 9.901372 0.126250 0.126250 0.126250
5420 9.901372 9.901372 9.901372 0.126250 0.126250 0.126250
5430 9.901372 9.901372 9.901372 0.126250 0.126250 0.126250
5440 9.901372 9.901372 9.901372 0.126250 0.126250 0.126250
5450 9.901372 9.901372 9.901372 0.126250 0.126250 0.126250
5460 9.901372 9.901372 9.901372 0.126250 0.126250 0.126250
5470 9.901372 9.901372 9.901372 0.126250 0.126250 0.126250
5480 9.901372 9.901372 9.901372 0.126250 0.126250 0.126250
5490 9.901372 9.901372 9.901372 0.126250 0.126250 0.126250
5500 9.901372 9.901372 9.901372 0.126250 0.126250 0.126250
5510 9.901372 9.901372 9.901372 0.126250 0.126250 0.126250
5520 9.901372 9.901372 9.901372 0.126250 0.126250 0.126250
5530 9.901372 9.901372 9.901372 0.126250 0.126250 0.126250
5540 9.901372 9.901372 9.901372 0.126250 0.126250 0.126250
5550 9.901372 9.901372 9.901372 0.126250 0.126250 0.126250
5560 9.901372 9.901372 9.901372 0.126250 0.126250 0.126250
5570 9.901372 9.901372 9.901372 0.126250 0.126250 0.126250
5580 9.901372 9.901372 9.901372 0.126250 0.126250 0.126250
5590 9.901372 9.901372 9.901372 0.126250 0.126250 0.126250
5600 9.901372 9.901372 9.901372 0.126250 0.126250 0.126250
5610 9.901372 9.901372 9.901372 0.126250 0.126250 0.126250
5620 9.901372 9.901372 9.901372 0.126250 0.126250 0.126250
5630 9.901372 9.901372 9.901372 0.126250 0.126250 0.126250
5640 9.901372 9.901372 9.901372 0.126250 0.126250 0.126250
5650 9.901372 9.901372 9.901372 0.126250 0.126250 0.126250
5660 9.901372 9.901372 9.901372 0.126250 0.126250 0.126250
5670 9.901372 9.901372 9.901372 0.126250 0.126250 0.126250
5680 9.901372 9.901372 9.901372 0.126250 0.126250 0.126250
5690 9.901372 9.901372 9.901372 0.126250 0.126250 0.126250
5700 9.901372 9.901372 9.901372 0.126250 0.126250 0.126250
5710 9.901372 9.901372 9.901372 0.126250 0.126250 0.126250
5720 9.901372 9.901372 9.901372 0.126250 0.126250 0.126250
5730 9.901372 9.901372 9.901372 0.126250 0.126250 0.126250
5740 9.901372 9.901372 9.901372 0.126250 0.126250 0.126250
5750 9.901372 9.901372 9.901372 0.126250 0.126250 0.126250
5760 9.901372 9.901372 9.901372 0.126250 0.126250 0.126250
5770 9.901372 9.901372 9.901372 0.126250 0.126250 0.126250
5780 9.901372 9.901372 9.901372 0.126250 0.126250 0.126250
5790 9.901372 9.901372 9.901372 0.126250 0.126250 0.126250
5800 9.901372 9.901372 9.901372 0.126250 0.126250 0.126250
5810 9.901372 9.901372 9.901372 0.126250 0.126250 0.126250
5820 9.901372 9.901372 9.901372 0.126250 0.126250 0.126250
5830 9.901372 9.901372 9.901372 0.126250 0.126250 0.126250
5840 9.901372 9.901372 9.901372 0.126250 0.126250 0.126250
5850 9.901372 9.901372 9.901372 0.126250 0.126250 0.126250
5860 9.901372 9.901372 9.901372 0.126250 0.126250 0.126250
5870 9.901372 9.901372 9.901372 0.126250 0.126250 0.126250
5880 9.901372 9.901372 9.901372 0.126250 0.126250 0.126250
5890 9.901372 9.901372 9.901372 0.126250 0.126250 0.126250
5900 9.901372 9.901372 9.901372 0.126250 0.126250 0.126250
5910 9.901372 9.901372 9.901372 0.126250 0.126250 0.126250
5920 9.901372 9.901372 9.901372 0.126250 0.126250 0.126250
5930 9.901372 9.901372 9.901372 0.126250 0.126250 0.126250
5940 9.901372 9.901372 9.901372 0.126250 0.126250 0.126250
5950 9.901372 9.901372 9.901372 0.126250 0.126250 0.126250
5960 9.901372 9.901372 9.901372 0.126250 0.126250 0.126250
5970 9.901372 9.901372 9.901372 0.126250 0.126250 0.126250
5980 9.901372 9.901372 9.901372 0.126250 0.126250 0.126250
5990 9.901372 9.901372 9.901372 0.126250 0.126250 0.126250
6000 9.901372 9.901372 9.901372 0.126250 0.126250 0.126250
6010 9.901372 9.901372 9.901372 0.126250 0.126250 0.126250
6020 9.901372 9.901372 9.901372 0.126250 0.126250 0.126250
6030 9.901372 9.901372 9.901372 0.126250 0.126250 0.126250
6040 9.901372 9.901372 9.901372 0.126250 0.126250 0.126250
6050 9.901372 9.901372 9.901372 0.126250 0.126250 0.126250
6060 9.901372 9.901372 9.901372 0.126250 0.126250 0.126250
6070 9.901372 9.901372 9.901372 0.126250 0.126250 0.126250
6080 9.901372 9.901372 9.901372 0.126250 0.126250 0.126250
6090 9.901372 9.901372 9.901372 0.126250 0.126250 0.126250
6100 9.901372 9.901372 9.901372 0.126250 0.126250 0.126250
6110 9.901372 9.901372 9.901372 0.126250 0.126250 0.126250
6120 9.901372 9.901372 9.901372 0.126250 0.126250 0.126250
6130 9.901372 9.901372 9.901372 0.126250 0.126250 0.126250
6140 9.901372 9.901372 9.901372 0.126250 0.126250 0.126250
6150 9.901372 9.901372 9.901372 0.126250 0.126250 0.126250
6160 9.901372 9.901372 9.901372 0.126250 0.126250 0.126250
6170 9.901372 9.901372 9.901372 0.126250 0.126250 0.126250
6180 9.901372 9.901372 9.901372 0.126250 0.126250 0.126250
6190 9.901372 9.901372 9.901372 0.126250 0.126250 0.126250
6200 9.901372 9.901372 9.901372 0.126250 0.126250 0.126250
6210 9.901372 9.901372 9.901372 0.126250 0.126250 0.126250
6220 9.901372 9.901372 9.901372 0.126250 0.126250 0.126250
6230 9.901372 9.901372 9.901372 0.126250 0.126250 0.126250
6240 9.901372 9.901372 9.901372 0.126250 0.126250 0.126250
6250 9.901372 9.901372 9.901372 0.126250 0.126250 0.126250
6260 9.901372 9.901372 9.901372 0.126250 0.126250 0.126250
6270 9.901372 9.901372 9.901372 0.126250 0.126250 0.126250
6280 9.901372 9.901372 9.901372 0.126250 0.126250 0.126250
6290 9.901372 9.901372 9.901372 0.126250 0.126250 0.126250
6300 9.901372 9.901372 9.901372 0.126250 0.126250 0.126250
6310 9.901372 9.901372 9.901372 0.126250 0.126250 0.126250
6320 9.901372 9.901372 9.901372 0.126250 0.126250 0.126250
6330 9.901372 9.901372 9.901372 0.126250 0.126250 0.126250
6340 9.901372 9.901372 9.901372 0.126250 0.126250 0.126250
6350 9.901372 9.901372 9.901372 0.126250 0.126250 0.126250
6360 9.901372 9.901372 9.901372 0.126250 0.126250 0.126250
6370 9.901372 9.901372 9.901372 0.126250 0.126250 0.126250
6380 9.901372 9.901372 9.901372 0.126250 0.126250 0.126250
6390 9.901372 9.901372 9.901372 0.126250 0.126250 0.126250
6400 9.901372 9.901372 9.901372 0.126250 0.126250 0.126250
6410 9.901372 9.901372 9.901372 0.126250 0.126250 0.126250
6420 9.901372 9.901372 9.901372 0.126250 0.126250 0.126250
6430 9.901372 9.901372 9.901372 0.126250 0.126250 0.126250
6440 9.901372 9.901372 9.901372 0.126250 0.126250 0.126250
6450 9.901372 9.901372 9.901372 0.126250 0.126250 0.126250
6460 9.901372 9.901372 9.901372 0.126250 0.126250 0.126250
6470 9.901372 9.901372 9.901372 0.126250 0.126250 0.126250
6480 9.901372 9.901372 9.901372 0.126250 0.126250 0.126250
6490 9.901372 9.901372 9.901372 0.126250 0.126250 0.126250
6500 9.901372 9.901372 9.901372 0.126250 0.126250 0.126250
6510 9.901372 9.901372 9.901372 0.126250 0.126250 0.126250
6520 9.901372 9.901372 9.901372 0.126250 0.126250 0.126250
6530 9.901372 9.901372 9.901372 0.126250 0.126250 0.126250
6540 9.901372 9.901372 9.901372 0.126250 0.126250 0.126250
6550 9.901372 9.901372 9.901372 0.126250 0.126250 0.126250
6560 9.901372 9.901372 9.901372 0.126250 0.126250 0.126250
6570 9.901372 9.901372 9.901372 0.126250 0.126250 0.126250
6580 9.901372 9.901372 9.901372 0.126250 0.126250 0.126250
6590 9.901372 9.901372 9.901372 0.126250 0.126250 0.126250
6600 9.901372 9.901372 9.901372 0.126250 0.126250 0.126250
6610 9.901372 9.901372 9.901372 0.126250 0.126250 0.126250
6620 9.901372 9.901372 9.901372 0.126250 0.126250 0.126250
6630 9.901372 9.901372 9.901372 0.126250 0.126250 0.126250
6640 9.901372 9.901372 9.901372 0.126250 0.126250 0.126250
6650 9.901372 9.901372 9.901372 0.126250 0.126250 0.126250
6660 9.901372 9.901372 9.901372 0.126250 0.126250 0.126250
6670 9.901372 9.901372 9.901372 0.126250 0.126250 0.126250
6680 9.901372 9.901372 9.901372 0.126250 0.126250 0.126250
6690 9.901372 9.901372 9.901372 0.126250 0.126250 0.126250
6700 9.901372 9.901372 9.901372 0.126250 0.126250 0.126250
6710 9.901372 9.901372 9.901372 0.126250 0.126250 0.126250
6720 9.901372 9.901372 9.901372 0.126250 0.126250 0.126250
6730 9.901372 9.901372 9.901372 0.126250 0.126250 0.126250
6740 9.901372 9.901372 9.901372 0.126250 0.126250 0.126250
6750 9.901372 9.901372 9.901372 0.126250 0.126250 0.126250
6760 9.901372 9.901372 9.901372 0.126250 0.126250 0.126250
6770 9.901372 9.901372 9.901372 0.126250 0.126250 0.126250
6780 9.901372 9.901372 9.901372 0.126250 0.126250 0.126250
6790 9.901372 9.901372 9.901372 0.126250 0.126250 0.126250
6800 9.901372 9.901372 9.901372 0.126250 0.126250 0.126250
6810 9.901372 9.901372 9.901372 0.126250 0.126250 0.126250
6820 9.901372 9.901372 9.901372 0.126250 0.126250 0.126250
6830 9.901372 9.901372 9.901372 0.126250 0.126250 0.126250
6840 9.901372 9.901372 9.901372 0.126250 0.126250 0.126250
6850 9.901372 9.901372 9.901372 0.126250 0.126250 0.126250
6860 9.901372 9.901372 9.901372 0.126250 0.126250 0.126250
6870 9.901372 9.901372 9.901372 0.126250 0.126250 0.126250
6880 9.901372 9.901372 9.901372 0.126250 0.126250 0.126250
6890 9.901372 9.901372 9.901372 0.126250 0.126250 0.126250
6900 9.901372 9.901372 9.901372 0.126250 0.126250 0.126250
6910 9.901372 9.901372 9.901372 0.126250 0.126250 0.126250
6920 9.901372 9.901372 9.901372 0.126250 0.126250 0.126250
6930 9.901372 9.901372 9.901372 0.126250 0.126250 0.126250
6940 9.901372 9.901372 9.901372 0.126250 0.126250 0.126250
6950 9.901372 9.901372 9.901372 0.126250 0.126250 0.126250
6960 9.901372 9.901372 9.901372 0.126250 0.126250 0.126250
6970 9.901372 9.901372 9.901372 0.126250 0.126250 0.126250
6980 9.901372 9.901372 9.901372 0.126250 0.126250 0.126250
6990 9.901372 9.901372 9.901372 0.126250 0.126250 0.126250
7000 9.901372 9.901372 9.901372 0.126250 0.126250 0.126250
7010 9.901372 9.901372 9.901372 0.126250 0.126250 0.126250
7020 9.901372 9.901372 9.901372 0.126250 0.126250 0.126250
7030 9.901372 9.901372 9.901372 0.126250 0.126250 0.126250
7040 9.901372 9.901372 9.901372 0.126250 0.126250 0.126250
7050 9.901372 9.901372 9.901372 0.126250 0.126250 0.126250
7060 9.901372 9.901372 9.901372 0.126250 0.126250 0.126250
7070 9.901372 9.901372 9.901372 0.126250 0.126250 0.126250
7080 9.901372 9.901372 9.901372 0.126250 0.126250 0.126250
7090 9.901372 9.901372 9.901372 0.126250 0.126250 0.126250
7100 9.901372 9.901372 9.901372 0.126250 0.126250 0.126250
7110 9.901372 9.901372 9.901372 0.126250 0.126250 0.126250
7120 9.901372 9.901372 9.901372 0.126250 0.126250 0.126250
7130 9.901372 9.901372 9.901372 0.126250 0.126250 0.126250
7140 9.901372 9.901372 9.901372 0.126250 0.126250 0.126250
7150 9.901372 9.901372 9.901372 0.126250 0.126250 0.126250
7160 9.901372 9.901372 9.901372 0.126250 0.126250 0.126250
7170 9.901372 9.901372 9.901372 0.126250 0.126250 0.126250
7180 9.901372 9.901372 9.901372 0.126250 0.126250 0.126250
7190 9.901372 9.901372 9.901372 0.126250 0.126250 0.126250
7200 9.901372 9.901372 9.901372 0.126250 0.126250 0.126250
7210 9.901372 9.901372 9.901372 0.126250 0.126250 0.126250
7220 9.901372 9.901372 9.901372 0.126250 0.126250 0.126250
7230 9.901372 9.901372 9.901372 0.126250 0.126250 0.126250
7240 9.901372 9.901372 9.901372 0.126250 0.126250 0.126250
7250 9.901372 9.901372 9.901372 0.126250 0.126250 0.126250
7260 9.901372 9.901372 9.901372 0.126250 0.126250 0.126250
7270 9.901372 9.901372 9.901372 0.126250 0.126250 0.126250
7280 9.901372 9.901372 9.901372 0.126250 0.126250 0.126250
7290 9.901372 9.901372 9.901372 0.126250 0.126250 0.126250
7300 9.901372 9.901372 9.901372 0.126250 0.126250 0.126250
7310 9.901372 9.901372 9.901372 0.126250 0.126250 0.126250
7320 9.901372 9.901372 9.901372 0.126250 0.126250 0.126250
7330 9.901372 9.901372 9.901372 0.126250 0.126250 0.126250
7340 9.901372 9.901372 9.901372 0.126250 0.126250 0.126250
7350 9.901372 9.901372 9.901372 0.126250 0.126250 0.126250
7360 9.901372 9.901372 9.901372 0.126250 0.126250 0.126250
7370 9.901372 9.901372 9.901372 0.126250 0.126250 0.126250
7380 9.901372 9.901372 9.901372 0.126250 0.126250 0.126250
7390 9.901372 9.901372 9.901372 0.126250 0.126250 0.126250
7400 9.901372 9.901372 9.901372 0.126250 0.126250 0.126250
7410 9.901372 9.901372 9.901372 0.126250 0.126250 0.126250
7420 9.901372 9.901372 9.901372 0.126250 0.126250 0.126250
7430 9.901372 9.901372 9.901372 0.126250 0.126250 0.126250
7440 9.901372 9.901372 9.901372 0.126250 0.126250 0.126250
7450 9.901372 9.901372 9.901372 0.126250 0.126250 0.126250
7460 9.901372 9.901372 9.901372 0.126250 0.126250 0.126250
7470 9.901372 9.901372 9.901372 0.126250 0.126250 0.126250
7480 9.901372 9.901372 9.901372 0.126250 0.126250 0.126250
7490 9.901372 9.901372 9.901372 0.126250 0.126250 0.126250
7500 9.901372 9.901372 9.901372 0.126250 0.126250 0.126250
7510 9.901372 9.901372 9.901372 0.126250 0.126250 0.126250
7520 9.901372 9.901372 9.901372 0.126250 0.126250 0.126250
7530 9.901372 9.901372 9.901372 0.126250 0.126250 0.126250
7540 9.901372 9.901372 9.901372 0.126250 0.126250 0.126250
7550 9.901372 9.901372 9.901372 0.126250 0.126250 0.126250
7560 9.901372 9.901372 9.901372 0.126250 0.126250 0.126250
7570 9.901372 9.901372 9.901372 0.126250 0.126250 0.126250
7580 9.901372 9.901372 9.901372 0.126250 0.126250 0.126250
7590 9.901372 9.901372 9.901372 0.126250 0.126250 0.126250
7600 9.901372 9.901372 9.901372 0.126250 0.126250 0.126250
7610 9.901372 9.901372 9.901372 0.126250 0.126250 0.126250
7620 9.901372 9.901372 9.901372 0.126250 0.126250 0.126250
7630 9.901372 9.901372 9.901372 0.126250 0.126250 0.126250
7640 9.901372 9.901372 9.901372 0.126250 0.126250 0.126250
7650 9.901372 9.901372 9.901372 0.126250 0.126250 0.126250
7660 9.901372 9.901372 9.901372 0.126250 0.126250 0.126250
7670 9.901372 9.901372 9.901372 0.126250 0.126250 0.126250
7680 9.901372 9.901372 9.901372 0.126250 0.126250 0.126250
7690 9.901372 9.901372 9.901372 0.126250 0.126250 0.126250
7700 9.901372 9.901372 9.901372 0.126250 0.126250 0.126250
7710 9.901372 9.901372 9.901372 0.126250 0.126250 0.126250
7720 9.901372 9.901372 9.901372 0.126250 0.126250 0.126250
7730 9.901372 9.901372 9.901372 0.126250 0.126250 0.126250
7740 9.901372 9.901372 9.901372 0.126250 0.126250 0.126250
7750 9.901372 9.901372 9.901372 0.126250 0.126250 0.126250
7760 9.901372 9.901372 9.901372 0.126250 0.126250 0.126250
7770 9.901372 9.901372 9.901372 0.126250 0.126250 0.126250
7780 9.901372 9.901372 9.901372 0.126250 0.126250 0.126250
7790 9.901372 9.901372 9.901372 0.126250 0.126250 0.126250
7800 9.901372 9.901372 9.901372 0.126250 0.126250 0.126250
7810 9.901372 9.901372 9.901372 0.126250 0.126250 0.126250
7820 9.901372 9.901372 9.901372 0.126250 0.126250 0.126250
7830 9.901372 9.901372 9.901372 0.126250 0.126250 0.126250
7840 9.901372 9.901372 9.901372 0.126250 0.126250 0.126250
7850 9.901372 9.901372 9.901372 0.126250 0.126250 0.126250
7860 9.901372 9.901372 9.901372 0.126250 0.126250 0.126250
7870 9.901372 9.901372 9.901372 0.126250 0.126250 0.126250
7880 9.901372 9.901372 9.901372 0.126250 0.126250 0.126250
7890 9.901372 9.901372 9.901372 0.126250 0.126250 0.126250
7900 9.901372 9.901372 9.901372 0.126250 0.126250 0.126250
7910 9.901372 9.901372 9.901372 0.126250 0.126250 0.126250
7920 9.901372 9.901372 9.901372 0.126250 0.126250 0.126250
7930 9.901372 9.901372 9.901372 0.126250 0.126250 0.126250
7940 9.901372 9.901372 9.901372 0.126250 0.126250 0.126250
7950 9.901372 9.901372 9.901372 0.126250 0.126250 0.126250
7960 9.901372 9.901372 9.901372 0.126250 0.126250 0.126250
7970 9.901372 9.901372 9.901372 0.126250 0.126250 0.126250
7980 9.901372 9.901372 9.901372 0.126250 0.126250 0.126250
7990 9.901372 9.901372 9.901372 0.126250 0.126250 0.126250
8000 9.901372 9.901372 9.901372 0.126250 0.126250 0.126250
8010 9.901372 9.901372 9.901372 0.126250 0.126250 0.126250
8020 9.901372 9.901372 9.901372 0.126250 0.126250 0.126250
8030 9.901372 9.901372 9.901372 0.126250 0.126250 0.126250
8040 9.901372 9.901372 9.901372 0.126250 0.126250 0.126250
8050 9.901372 9.901372 9.901372 0.126250 0.126250 0.126250
8060 9.901372 9.901372 9.901372 0.126250 0.126250 0.126250
8070 9.901372 9.901372 9.901372 0.126250 0.126250 0.126250
8080 9.901372 9.901372 9.901372 0.126250 0.126250 0.126250
8090 9.901372 9.901372 9.901372 0.126250 0.126250 0.126250
8100 9.901372 9.901372 9.901372 0.126250 0.126250 0.126250
8110 9.901372 9.901372 9.901372 0.126250 0.126250 0.126250
8120 9.901372 9.901372 9.901372 0.126250 0.126250 0.126250
8130 9.901372 9.901372 9.901372 0.126250 0.126250 0.126250
8140 9.901372 9.901372 9.901372 0.126250 0.126250 0.126250
8150 9.901372 9.901372 9.901372 0.126250 0.126250 0.126250
8160 9.901372 9.901372 9.901372 0.126250 0.126250 0.126250
8170 9.901372 9.901372 9.901372 0.126250 0.126250 0.126250
8180 9.901372 9.901372 9.901372 0.126250 0.126250 0.126250
8190 9.901372 9.901372 9.901372 0.126250 0.126250 0.126250
8200 9.901372 9.901372 9.901372 0.126250 0.126250 0.126250
8210 9.901372 9.901372 9.901372 0.126250 0.126250 0.126250
8220 9.901372 9.901372 9.901372 0.126250 0.126250 0.126250
8230 9.901372 9.901372 9.901372 0.126250 0.126250 0.126250
8240 9.901372 9.901372 9.901372 0.126250 0.126250 0.126250
8250 9.901372 9.901372 9.901372 0.126250 0.126250 0.126250
8260 9.901372 9.901372 9.901372 0.126250 0.126250 0.126250
8270 9.901372 9.901372 9.901372 0.126250 0.126250 0.126250
8280 9.901372 9.901372 9.901372 0.126250 0.126250 0.126250
8290 9.901372 9.901372 9.901372 0.126250 0.126250 0.126250
8300 9.901372 9.901372 9.901372 0.126250 0.126250 0.126250
8310 9.901372 9.901372 9.901372 0.126250 0.126250 0.126250
8320 9.901372 9.901372 9.901372 0.126250 0.126250 0.126250
8330 9.901372 9.901372 9.901372 0.126250 0.126250 0.126250
8340 9.901372 9.901372 9.901372 0.126250 0.126250 0.126250
8350 9.901372 9.901372 9.901372 0.126250 0.126250 0.126250
8360 9.901372 9.901372 9.901372 0.126250 0.126250 0.126250
8370 9.901372 9.901372 9.901372 0.126250 0.126250 0.126250
8380 9.901372 9.901372 9.901372 0.126250 0.126250 0.126250
8390 9.901372 9.901372 9.901372 0.126250 0.126250 0.126250
8400 9.901372 9.901372 9.901372 0.126250 0.126250 0.126250
8410 9.901372 9.901372 9.901372 0.126250 0.126250 0.126250
8420 9.901372 9.901372 9.901372 0.126250 0.126250 0.126250
8430 9.901372 9.901372 9.901372 0.126250 0.126250 0.126250
8440 9.901372 9.901372 9.901372 0.126250 0.126250 0.126250
8450 9.901372 9.901372 9.901372 0.126250 0.126250 0.126250
8460 9.901372 9.901372 9.901372 0.126250 0.126250 0.126250
8470 9.901372 9.901372 9.901372 0.126250 0.126250 0.126250
8480 9.901372 9.901372 9.901372 0.126250 0.126250 0.126250
8490 9.901372 9.901372 9.901372 0.126250 0.126250 0.126250
8500 9.901372 9.901372 9.901372 0.126250 0.126250 0.126250
8510 9.901372 9.901372 9.901372 0.126250 0.126250 0.126250
8520 9.901372 9.901372 9.901372 0.126250 0.126250 0.126250
8530 9.901372 9.901372 9.901372 0.126250 0.126250 0.126250
8540 9.901372 9.901372 9.901372 0.126250 0.126250 0.126250
8550 9.901372 9.901372 9.901372 0.126250 0.126250 0.126250
8560 9.901372 9.901372 9.901372 0.126250 0.126250 0.126250
8570 9.901372 9.901372 9.901372 0.126250 0.126250 0.126250
8580 9.901372 9.901372 9.901372 0.126250 0.126250 0.126250
8590 9.901372 9.901372 9.901372 0.126250 0.126250 0.126250
8600 9.901372 9.901372 9.901372 0.126250 0.126250 0.126250
8610 9.901372 9.901372 9.901372 0.126250 0.126250 0.126250
8620 9.901372 9.901372 9.901372 0.126250 0.126250 0.126250
8630 9.901372 9.901372 9.901372 0.126250 0.126250 0.126250
8640 9.901372 9.901372 9.901372 0.126250 0.126250 0.126250
8650 9.901372 9.901372 9.901372 0.126250 0.126250 0.126250
8660 9.901372 9.901372 9.901372 0.126250 0.126250 0.126250
8670 9.901372 9.901372 9.901372 0.126250 0.126250 0.126250
8680 9.901372 9.901372 9.901372 0.126250 0.126250 0.126250
8690 9.901372 9.901372 9.901372 0.126250 0.126250 0.126250
8700 9.901372 9.901372 9.901372 0.126250 0.126250 0.126250
8710 9.901372 9.901372 9.901372 0.126250 0.126250 0.126250
8720 9.901372 9.901372 9.901372 0.126250 0.126250 0.126250
8730 9.901372 9.901372 9.901372 0.126250 0.126250 0.126250
8740 9.901372 9.901372 9.901372 0.126250 0.126250 0.126250
8750 9.901372 9.901372 9.901372 0.126250 0.126250 0.126250
8760 9.901372 9.901372 9.901372 0.126250 0.126250 0.126250
8770 9.901372 9.901372 9.901372 0.126250 0.126250 0.126250
8780 9.901372 9.901372 9.901372 0.126250 0.126250 0.126250
8790 9.901372 9.901372 9.901372 0.126250 0.126250 0.126250
8800 9.901372 9.901372 9.901372 0.126250 0.126250 0.126250
8810 9.901372 9.901372 9.901372 0.126250 0.126250 0.126250
8820 9.901372 9.901372 9.901372 0.126250 0.126250 0.126250
8830 9.901372 9.901372 9.901372 0.126250 0.126250 0.126250
8840 9.901372 9.901372 9.901372 0.126250 0.126250 0.126250
8850 9.901372 9.901372 9.901372 0.126250 0.126250 0.126250
8860 9.901372 9.901372 9.901372 0.126250 0.126250 0.126250
8870 9.901372 9.901372 9.901372 0.126250 0.126250 0.126250
8880 9.901372 9.901372 9.901372 0.126250 0.126250 0.126250
8890 9.901372 9.901372 9.901372 0.126250 0.126250 0.126250
8900 9.901372 9.901372 9.901372 0.126250 0.126250 0.126250
8910 9.901372 9.901372 9.901372 0.126250 0.126250 0.126250
8920 9.901372 9.901372 9.901372 0.126250 0.126250 0.126250
8930 9.901372 9.901372 9.901372 0.126250 0.126250 0.126250
8940 9.901372 9.901372 9.901372 0.126250 0.126250 0.126250
8950 9.901372 9.901372 9.901372 0.126250 0.126250 0.126250
8960 9.901372 9.901372 9.901372 0.126250 0.126250 0.126250
8970 9.901372 9.901372 9.901372 0.126250 0.126250 0.126250
8980 9.901372 9.901372 9.901372 0.126250 0.126250 0.126250
8990 9.901372 9.901372 9.901372 0.126250 0.126250 0.126250
9000 9.901372 9.901372 9.901372 0.126250 0.126250 0.126250
9010 9.901372 9.901372 9.901372 0.126250 0.126250 0.126250
9020 9.901372 9.901372 9.901372 0.126250 0.126250 0.126250
9030 9.901372 9.901372 9.901372 0.126250 0.126250 0.126250
9040 9.901372 9.901372 9.901372 0.126250 0.126250 0.126250
9050 9.901372 9.901372 9.901372 0.126250 0.126250 0.126250
9060 9.901372 9.901372 9.901372 0.126250 0.126250 0.126250
9070 9.901372 9.901372 9.901372 0.126250 0.126250 0.126250
9080 9.901372 9.901372 9.901372 0.126250 0.126250 0.126250
9090 9.901372 9.901372 9.901372 0.126250 0.126250 0.126250
9100 9.901372 9.901372 9.901372 0.126250 0.126250 0.126250
9110 9.901372 9.901372 9.901372 0.126250 0.126250 0.126250
9120 9.901372 9.901372 9.901372 0.126250 0.126250 0.126250
9130 9.901372 9.901372 9.901372 0.126250 0.126250 0.126250
9140 9.901372 9.901372 9.901372 0.126250 0.126250 0.126250
9150 9.901372 9.901372 9.901372 0.126250 0.126250 0.126250
9160 9.901372 9.901372 9.901372 0.126250 0.126250 0.126250
9170 9.901372 9.901372 9.901372 0.126250 0.126250 0.126250
9180 9.901372 9.901372 9.901372 0.126250 0.126250 0.126250
9190 9.901372 9.901372 9.901372 0.126250 0.126250 0.126250
9200 9.901372 9.901372 9.901372 0.126250 0.126250 0.126250
9210 9.901372 9.901372 9.901372 0.126250 0.126250 0.126250
9220 9.901372 9.901372 9.901372 0.126250 0.126250 0.126250
9230 9.901372 9.901372 9.901372 0.126250 0.126250 0.126250
9240 9.901372 9.901372 9.901372 0.126250 0.126250 0.126250
9250 9.901372 9.901372 9.901372 0.126250 0.126250 0.126250
9260 9.901372 9.901372 9.901372 0.126250 0.126250 0.126250
9270 9.901372 9.901372 9.901372 0.126250 0.126250 0.126250
9280 9.901372 9.901372 9.901372 0.126250 0.126250 0.126250
9290 9.901372 9.901372 9.901372 0.126250 0.126250 0.126250
9300 9.901372 9.901372 9.901372 0.126250 0.126250 0.126250
9310 9.901372 9.901372 9.901372 0.126250 0.126250 0.126250
9320 9.901372 9.901372 9.901372 0.126250 0.126250 0.126250
9330 9.901372 9.901372 9.901372 0.126250 0.126250 0.126250
9340 9.901372 9.901372 9.901372 0.126250 0.126250 0.126250
9350 9.901372 9.901372 9.901372 0.126250 0.126250 0.126250
9360 9.901372 9.901372 9.901372 0.126250 0.126250 0.126250
9370 9.901372 9.901372 9.901372 0.126250 0.126250 0.126250
9380 9.901372 9.901372 9.901372 0.126250 0.126250 0.126250
9390 9.901372 9.901372 9.901372 0.126250 0.126250 0.126250
9400 9.901372 9.901372 9.901372 0.126250 0.126250 0.126250
9410 9.901372 9.901372 9.901372 0.126250 0.126250 0.126250
9420 9.901372 9.901372 9.901372 0.126250 0.126250 0.126250
9430 9.901372 9.901372 9.901372 0.126250 0.126250 0.126250
9440 9.901372 9.901372 9.901372 0.126250 0.126250 0.126250
9450 9.901372 9.901372 9.901372 0.126250 0.126250 0.126250
9460 9.901372 9.901372 9.901372 0.126250 0.126250 0.126250
9470 9.901372 9.901372 9.901372 0.126250 0.126250 0.126250
9480 9.901372 9.901372 9.901372 0.126250 0.126250 0.126250
9490 9.901372 9.901372 9.901372 0.126250 0.126250 0.126250
9500 9.901372 9.901372 9.901372 0.126250 0.126250 0.126250
9510 9.901372 9.901372 9.901372 0.126250 0.126250 0.126250
9520 9.901372 9.901372 9.901372 0.126250 0.126250 0.126250
9530 9.901372 9.901372 9.901372 0.126250 0.126250 0.126250
9540 9.901372 9.901372 9.901372 0.126250 0.126250 0.126250
9550 9.901372 9.901372 9.901372 0.126250 0.126250 0.126250
9560 9.901372 9.901372 9.901372 0.126250 0.126250 0.126250
9570 9.901372 9.901372 9.901372 0.126250 0.126250 0.126250
9580 9.901372 9.901372 9.901372 0.126250 0.126250 0.126250
9590 9.901372 9.901372 9.901372 0.126250 0.126250 0.126250
9600 9.901372 9.901372 9.901372 0.126250 0.126250 0.126250
9610 9.901372 9.901372 9.901372 0.126250 0.126250 0.126250
9620 9.901372 9.901372 9.901372 0.126250 0.126250 0.126250
9630 9.901372 9.901372 9.901372 0.126250 0.126250 0.126250
9640 9.901372 9.901372 9.901372 0.126250 0.126250 0.126250
9650 9.901372 9.901372 9.901372 0.126250 0.126250 0.126250
9660 9.901372 9.901372 9.901372 0.126250 0.126250 0.126250
9670 9.901372 9.901372 9.901372 0.126250 0.126250 0.126250
9680 9.901372 9.901372 9.901372 0.126250 0.126250 0.126250
9690 9.901372 9.901372 9.901372 0.126250 0.126250 0.126250
9700 9.901372 9.901372 9.901372 0.126250 0.126250 0.126250
9710 9.901372 9.901372 9.901372 0.126250 0.126250 0.126250
9720 9.901372 9.901372 9.901372 0.126250 0.126250 0.126250
9730 9.901372 9.901372 9.901372 0.126250 0.126250 0.126250
9740 9.901372 9.901372 9.901372 0.126250 0.126250 0.126250
9750 9.901372 9.901372 9.901372 0.126250 0.126250 0.126250
9760 9.901372 9.901372 9.901372 0.126250 0.126250 0.126250
9770 9.901372 9.901372 9.901372 0.126250 0.126250 0.126250
9780 9.901372 9.901372 9.901372 0.126250 0.126250 0.126250
9790 9.901372 9.901372 9.901372 0.126250 0.126250 0.126250
9800 9.901372 9.901372 9.901372 0.126250 0.126250 0.126250
9810 9.901372 9.901372 9.901372 0.126250 0.126250 0.126250
9820 9.901372 9.901372 9.901372 0.126250 0.126250 0.126250
9830 9.901372 9.901372 9.901372 0.126250 0.126250 0.126250
9840 9.901372 9.901372 9.901372 0.126250 0.126250 0.126250
9850 9.901372 9.901372 9.901372 0.126250 0.126250 0.126250
9860 9.901372 9.901372 9.901372 0.126250 0.126250 0.126250
9870 9.901372 9.901372 9.901372 0.126250 0.126250 0.126250
9880 9.901372 9.901372 9.901372 0.126250 0.126250 0.126250
9890 9.901372 9.901372 9.901372 0.126250 0.126250 0.126250
9900 9.901372 9.901372 9.901372 0.126250 0.126250 0.126250
9910 9.901372 9.901372 9.901372 0.126250 0.126250 0.126250
9920 9.901372 9.901372 9.901372 0.126250 0.126250 0.126250
9930 9.901372 9.901372 9.901372 0.126250 0.126250 0.126250
9940 9.901372 9.901372 9.901372 0.126250 0.126250 0.126250
9950 9.901372 9.901372 9.901372 0.126250 0.126250 0.126250
9960 9.901372 9.901372 9.901372 0.126250 0.126250 0.126250
9970 9.901372 9.901372 9.901372 0.126250 0.126250 0.126250
9980 9.901372 9.901372 9.901372 0.126250 0.126250 0.126250
9990 9.901372 9.901372 9.901372 0.126250 0.126250 0.126250
10000 10.095651 10.095651 10.095651 0.130559 0.130559 0.130559
