# generation power_min power_avg power_max util_min util_avg util_max
1 33.507592 33.507592 33.507592 1.457391 1.490602 1.499776
10 32.891493 32.891493 32.891493 1.321643 1.481750 1.499776
20 33.689723 33.689723 33.689723 1.223139 1.471356 1.499776
30 34.009080 34.009080 34.009080 1.083868 1.458825 1.499776
40 34.009080 34.009080 34.009080 1.083868 1.444859 1.499696
50 34.114987 34.114987 34.114987 1.083868 1.421811 1.499696
60 34.114987 34.114987 34.114987 1.083868 1.400214 1.499696
70 34.162390 34.162390 34.162390 1.083868 1.379704 1.499696
80 34.162390 34.162390 34.162390 1.083868 1.351427 1.499696
90 34.785798 34.785798 34.785798 1.072647 1.321190 1.496639
100 34.785798 34.785798 34.785798 1.061178 1.288485 1.496639
110 34.785798 34.509038 34.785798 0.996958 1.253371 1.480962
120 34.975783 34.509038 34.975783 0.996958 1.223315 1.427350
130 35.818016 34.931140 35.818016 0.947220 1.192484 1.379058
140 35.818016 34.931140 35.818016 0.947220 1.165920 1.330737
150 35.818016 34.931140 35.818016 0.947220 1.141644 1.289430
160 35.818016 34.941110 35.818016 0.947220 1.116658 1.267446
170 35.818016 34.939088 35.818016 0.947220 1.097818 1.213165
180 35.818016 34.822538 35.818016 0.947220 1.080366 1.181722
190 35.818016 34.812888 35.818016 0.947220 1.065956 1.167521
200 35.818016 34.853545 35.818016 0.930458 1.049154 1.150252
210 35.818016 34.842662 35.818016 0.930458 1.037002 1.107224
220 35.394188 34.864892 35.394188 0.930458 1.026502 1.098985
230 35.394188 34.841578 35.394188 0.930458 1.017492 1.092631
240 35.394188 34.813737 35.394188 0.930458 1.009260 1.072215
250 35.394188 34.797986 35.394188 0.930458 1.000863 1.061429
260 35.394188 34.775150 35.394188 0.930458 0.994021 1.059700
270 35.394188 34.747854 35.394188 0.930458 0.988718 1.025512
280 35.394188 34.733806 35.394188 0.930458 0.986045 1.017471
290 35.072409 34.681227 35.072409 0.934830 0.987185 1.009913
300 34.954715 34.630009 34.954715 0.934830 0.987351 1.006945
310 34.845910 34.574366 34.845910 0.934830 0.988044 1.007498
320 34.785886 34.501398 34.785886 0.962456 0.988896 1.007498
330 34.750541 34.458308 34.750541 0.960957 0.989857 1.007498
340 34.682757 34.386784 34.682757 0.960957 0.990616 1.007498
350 34.633904 34.346227 34.633904 0.960957 0.991399 1.007498
360 34.561158 34.286347 34.561158 0.960957 0.991538 1.007498
370 34.509038 34.227884 34.509038 0.960957 0.992895 1.007498
380 34.504938 34.158893 34.504938 0.960957 0.992546 1.007498
390 34.451764 34.067957 34.451764 0.970843 0.993922 1.007498
400 34.425754 33.988466 34.425754 0.970843 0.993664 1.006674
410 34.373934 33.927352 34.373934 0.975852 0.993620 1.006674
420 34.233196 33.855425 34.233196 0.982389 0.994328 1.006674
430 34.114389 33.813555 34.114389 0.982389 0.994160 1.006674
440 34.070990 33.757025 34.070990 0.982779 0.995346 1.006674
450 34.018156 33.709700 34.018156 0.982779 0.995422 1.006674
460 33.894074 33.686380 33.894074 0.982779 0.995246 1.006674
470 33.874143 33.658953 33.874143 0.982779 0.995935 1.006674
480 33.847788 33.632521 33.847788 0.982779 0.996792 1.006674
490 33.707348 33.610924 33.707348 0.982779 0.996715 1.001560
500 33.671427 33.601149 33.671427 0.982779 0.997925 1.001560
510 33.642985 33.590669 33.642985 0.993471 0.998692 1.001560
520 33.600110 33.585501 33.600110 0.994778 0.998866 1.000803
530 33.600110 33.580296 33.600110 0.994778 0.999133 1.000803
540 33.600110 33.574021 33.600110 0.994778 0.999453 1.000803
550 33.600110 33.566683 33.600110 0.994778 0.999738 1.000803
560 33.600110 33.551489 33.600110 0.994778 1.000053 1.000803
570 33.554045 33.532925 33.554045 0.994778 1.000455 1.000803
580 33.521136 33.521136 33.521136 0.999647 1.000611 1.000803
590 33.521136 33.521136 33.521136 0.999647 1.000584 1.000803
600 33.521136 33.521136 33.521136 0.999647 1.000556 1.000803
610 33.521136 33.521136 33.521136 0.999647 1.000529 1.000803
620 33.521136 33.521136 33.521136 0.999647 1.000501 1.000803
630 33.521136 33.521136 33.521136 0.999647 1.000474 1.000803
640 33.521136 33.521136 33.521136 0.999647 1.000492 1.000527
650 33.445183 33.445183 33.445183 1.000527 1.000527 1.000527
660 33.445183 33.445183 33.445183 1.000527 1.000527 1.000527
670 33.445183 33.445183 33.445183 1.000527 1.000527 1.000527
680 33.445183 33.445183 33.445183 1.000527 1.000527 1.000527
690 33.445183 33.445183 33.445183 1.000527 1.000527 1.000527
700 33.445183 33.445183 33.445183 1.000527 1.000527 1.000527
710 33.445183 33.445183 33.445183 1.000527 1.000527 1.000527
720 33.445183 33.445183 33.445183 1.000527 1.000527 1.000527
730 33.445183 33.445183 33.445183 1.000527 1.000527 1.000527
740 33.445183 33.445183 33.445183 1.000527 1.000527 1.000527
750 33.445183 33.445183 33.445183 1.000527 1.000527 1.000527
760 33.445183 33.445183 33.445183 1.000527 1.000527 1.000527
770 33.445183 33.445183 33.445183 1.000527 1.000527 1.000527
780 33.445183 33.445183 33.445183 1.000527 1.000527 1.000527
790 33.445183 33.445183 33.445183 1.000527 1.000527 1.000527
800 33.445183 33.445183 33.445183 1.000527 1.000527 1.000527
810 33.445183 33.445183 33.445183 1.000527 1.000527 1.000527
820 33.445183 33.445183 33.445183 1.000527 1.000527 1.000527
830 33.445183 33.445183 33.445183 1.000527 1.000527 1.000527
840 33.445183 33.445183 33.445183 1.000527 1.000527 1.000527
850 33.445183 33.445183 33.445183 1.000527 1.000527 1.000527
860 33.445183 33.445183 33.445183 1.000527 1.000527 1.000527
870 33.445183 33.445183 33.445183 1.000527 1.000527 1.000527
880 33.445183 33.445183 33.445183 1.000527 1.000527 1.000527
890 33.445183 33.445183 33.445183 1.000527 1.000527 1.000527
900 33.445183 33.445183 33.445183 1.000527 1.000527 1.000527
910 33.445183 33.445183 33.445183 1.000527 1.000527 1.000527
920 33.445183 33.445183 33.445183 1.000527 1.000527 1.000527
930 33.445183 33.445183 33.445183 1.000527 1.000527 1.000527
940 33.445183 33.445183 33.445183 1.000527 1.000527 1.000527
950 33.445183 33.445183 33.445183 1.000527 1.000527 1.000527
960 33.445183 33.445183 33.445183 1.000527 1.000527 1.000527
970 33.445183 33.445183 33.445183 1.000527 1.000527 1.000527
980 33.445183 33.445183 33.445183 1.000527 1.000527 1.000527
990 33.445183 33.445183 33.445183 1.000527 1.000527 1.000527
1000 33.445183 33.445183 33.445183 1.000527 1.000527 1.000527
1010 33.445183 33.445183 33.445183 1.000527 1.000527 1.000527
1020 33.445183 33.445183 33.445183 1.000527 1.000527 1.000527
1030 33.445183 33.445183 33.445183 1.000527 1.000527 1.000527
1040 33.445183 33.445183 33.445183 1.000527 1.000527 1.000527
1050 33.445183 33.445183 33.445183 1.000527 1.000527 1.000527
1060 33.445183 33.445183 33.445183 1.000527 1.000527 1.000527
1070 33.445183 33.445183 33.445183 1.000527 1.000527 1.000527
1080 33.445183 33.445183 33.445183 1.000527 1.000527 1.000527
1090 33.445183 33.445183 33.445183 1.000527 1.000527 1.000527
1100 33.445183 33.445183 33.445183 1.000527 1.000527 1.000527
1110 33.445183 33.445183 33.445183 1.000527 1.000527 1.000527
1120 33.445183 33.445183 33.445183 1.000527 1.000527 1.000527
1130 33.445183 33.445183 33.445183 1.000527 1.000527 1.000527
1140 33.445183 33.445183 33.445183 1.000527 1.000527 1.000527
1150 33.445183 33.445183 33.445183 1.000527 1.000527 1.000527
1160 33.445183 33.445183 33.445183 1.000527 1.000527 1.000527
1170 33.445183 33.445183 33.445183 1.000527 1.000527 1.000527
1180 33.445183 33.445183 33.445183 1.000527 1.000527 1.000527
1190 33.445183 33.445183 33.445183 1.000527 1.000527 1.000527
1200 33.445183 33.445183 33.445183 1.000527 1.000527 1.000527
1210 33.445183 33.445183 33.445183 1.000527 1.000527 1.000527
1220 33.445183 33.445183 33.445183 1.000527 1.000527 1.000527
1230 33.445183 33.445183 33.445183 1.000527 1.000527 1.000527
1240 33.445183 33.445183 33.445183 1.000527 1.000527 1.000527
1250 33.445183 33.445183 33.445183 1.000527 1.000527 1.000527
1260 33.445183 33.445183 33.445183 1.000527 1.000527 1.000527
1270 33.445183 33.445183 33.445183 1.000527 1.000527 1.000527
1280 33.445183 33.445183 33.445183 1.000527 1.000527 1.000527
1290 33.445183 33.445183 33.445183 1.000527 1.000527 1.000527
1300 33.445183 33.445183 33.445183 1.000527 1.000527 1.000527
1310 33.445183 33.445183 33.445183 1.000527 1.000527 1.000527
1320 33.445183 33.445183 33.445183 1.000527 1.000527 1.000527
1330 33.445183 33.445183 33.445183 1.000527 1.000527 1.000527
1340 33.445183 33.445183 33.445183 1.000527 1.000527 1.000527
1350 33.445183 33.445183 33.445183 1.000527 1.000527 1.000527
1360 33.445183 33.445183 33.445183 1.000527 1.000527 1.000527
1370 33.445183 33.445183 33.445183 1.000527 1.000527 1.000527
1380 33.445183 33.445183 33.445183 1.000527 1.000527 1.000527
1390 33.445183 33.445183 33.445183 1.000527 1.000527 1.000527
1400 33.445183 33.445183 33.445183 1.000527 1.000527 1.000527
1410 33.445183 33.445183 33.445183 1.000527 1.000527 1.000527
1420 33.445183 33.445183 33.445183 1.000527 1.000527 1.000527
1430 33.445183 33.445183 33.445183 1.000527 1.000527 1.000527
1440 33.445183 33.445183 33.445183 1.000527 1.000527 1.000527
1450 33.445183 33.445183 33.445183 1.000527 1.000527 1.000527
1460 33.445183 33.445183 33.445183 1.000527 1.000527 1.000527
1470 33.445183 33.445183 33.445183 1.000527 1.000527 1.000527
1480 33.445183 33.445183 33.445183 1.000527 1.000527 1.000527
1490 33.445183 33.445183 33.445183 1.000527 1.000527 1.000527
1500 33.445183 33.445183 33.445183 1.000527 1.000527 1.000527
1510 33.445183 33.445183 33.445183 1.000527 1.000527 1.000527
1520 33.445183 33.445183 33.445183 1.000527 1.000527 1.000527
1530 33.445183 33.445183 33.445183 1.000527 1.000527 1.000527
1540 33.445183 33.445183 33.445183 1.000527 1.000527 1.000527
1550 33.445183 33.445183 33.445183 1.000527 1.000527 1.000527
1560 33.445183 33.445183 33.445183 1.000527 1.000527 1.000527
1570 33.445183 33.445183 33.445183 1.000527 1.000527 1.000527
1580 33.445183 33.445183 33.445183 1.000527 1.000527 1.000527
1590 33.445183 33.445183 33.445183 1.000527 1.000527 1.000527
1600 33.445183 33.445183 33.445183 1.000527 1.000527 1.000527
1610 33.445183 33.445183 33.445183 1.000527 1.000527 1.000527
1620 33.445183 33.445183 33.445183 1.000527 1.000527 1.000527
1630 33.445183 33.445183 33.445183 1.000527 1.000527 1.000527
1640 33.445183 33.445183 33.445183 1.000527 1.000527 1.000527
1650 33.445183 33.445183 33.445183 1.000527 1.000527 1.000527
1660 33.445183 33.445183 33.445183 1.000527 1.000527 1.000527
1670 33.445183 33.445183 33.445183 1.000527 1.000527 1.000527
1680 33.445183 33.445183 33.445183 1.000527 1.000527 1.000527
1690 33.445183 33.445183 33.445183 1.000527 1.000527 1.000527
1700 33.445183 33.445183 33.445183 1.000527 1.000527 1.000527
1710 33.445183 33.445183 33.445183 1.000527 1.000527 1.000527
1720 33.445183 33.445183 33.445183 1.000527 1.000527 1.000527
1730 33.445183 33.445183 33.445183 1.000527 1.000527 1.000527
1740 33.445183 33.445183 33.445183 1.000527 1.000527 1.000527
1750 33.445183 33.445183 33.445183 1.000527 1.000527 1.000527
1760 33.445183 33.445183 33.445183 1.000527 1.000527 1.000527
1770 33.445183 33.445183 33.445183 1.000527 1.000527 1.000527
1780 33.445183 33.445183 33.445183 1.000527 1.000527 1.000527
1790 33.445183 33.445183 33.445183 1.000527 1.000527 1.000527
1800 33.445183 33.445183 33.445183 1.000527 1.000527 1.000527
1810 33.445183 33.445183 33.445183 1.000527 1.000527 1.000527
1820 33.445183 33.445183 33.445183 1.000527 1.000527 1.000527
1830 33.445183 33.445183 33.445183 1.000527 1.000527 1.000527
1840 33.445183 33.445183 33.445183 1.000527 1.000527 1.000527
1850 33.445183 33.445183 33.445183 1.000527 1.000527 1.000527
1860 33.445183 33.445183 33.445183 1.000527 1.000527 1.000527
1870 33.445183 33.445183 33.445183 1.000527 1.000527 1.000527
1880 33.445183 33.445183 33.445183 1.000527 1.000527 1.000527
1890 33.445183 33.445183 33.445183 1.000527 1.000527 1.000527
1900 33.445183 33.445183 33.445183 1.000527 1.000527 1.000527
1910 33.445183 33.445183 33.445183 1.000527 1.000527 1.000527
1920 33.445183 33.445183 33.445183 1.000527 1.000527 1.000527
1930 33.445183 33.445183 33.445183 1.000527 1.000527 1.000527
1940 33.445183 33.445183 33.445183 1.000527 1.000527 1.000527
1950 33.445183 33.445183 33.445183 1.000527 1.000527 1.000527
1960 33.445183 33.445183 33.445183 1.000527 1.000527 1.000527
1970 33.445183 33.445183 33.445183 1.000527 1.000527 1.000527
1980 33.445183 33.445183 33.445183 1.000527 1.000527 1.000527
1990 33.445183 33.445183 33.445183 1.000527 1.000527 1.000527
2000 33.445183 33.445183 33.445183 1.000527 1.000527 1.000527
2010 33.445183 33.445183 33.445183 1.000527 1.000527 1.000527
2020 33.445183 33.445183 33.445183 1.000527 1.000527 1.000527
2030 33.445183 33.445183 33.445183 1.000527 1.000527 1.000527
2040 33.445183 33.445183 33.445183 1.000527 1.000527 1.000527
2050 33.445183 33.445183 33.445183 1.000527 1.000527 1.000527
2060 33.445183 33.445183 33.445183 1.000527 1.000527 1.000527
2070 33.445183 33.445183 33.445183 1.000527 1.000527 1.000527
2080 33.445183 33.445183 33.445183 1.000527 1.000527 1.000527
2090 33.445183 33.445183 33.445183 1.000527 1.000527 1.000527
2100 33.445183 33.445183 33.445183 1.000527 1.000527 1.000527
2110 33.445183 33.445183 33.445183 1.000527 1.000527 1.000527
2120 33.445183 33.445183 33.445183 1.000527 1.000527 1.000527
2130 33.445183 33.445183 33.445183 1.000527 1.000527 1.000527
2140 33.445183 33.445183 33.445183 1.000527 1.000527 1.000527
2150 33.445183 33.445183 33.445183 1.000527 1.000527 1.000527
2160 33.445183 33.445183 33.445183 1.000527 1.000527 1.000527
2170 33.445183 33.445183 33.445183 1.000527 1.000527 1.000527
2180 33.445183 33.445183 33.445183 1.000527 1.000527 1.000527
2190 33.445183 33.445183 33.445183 1.000527 1.000527 1.000527
2200 33.445183 33.445183 33.445183 1.000527 1.000527 1.000527
2210 33.445183 33.445183 33.445183 1.000527 1.000527 1.000527
2220 33.445183 33.445183 33.445183 1.000527 1.000527 1.000527
2230 33.445183 33.445183 33.445183 1.000527 1.000527 1.000527
2240 33.445183 33.445183 33.445183 1.000527 1.000527 1.000527
2250 33.445183 33.445183 33.445183 1.000527 1.000527 1.000527
2260 33.445183 33.445183 33.445183 1.000527 1.000527 1.000527
2270 33.445183 33.445183 33.445183 1.000527 1.000527 1.000527
2280 33.445183 33.445183 33.445183 1.000527 1.000527 1.000527
2290 33.445183 33.445183 33.445183 1.000527 1.000527 1.000527
2300 33.445183 33.445183 33.445183 1.000527 1.000527 1.000527
2310 33.445183 33.445183 33.445183 1.000527 1.000527 1.000527
2320 33.445183 33.445183 33.445183 1.000527 1.000527 1.000527
2330 33.445183 33.445183 33.445183 1.000527 1.000527 1.000527
2340 33.445183 33.445183 33.445183 1.000527 1.000527 1.000527
2350 33.445183 33.445183 33.445183 1.000527 1.000527 1.000527
2360 33.445183 33.445183 33.445183 1.000527 1.000527 1.000527
2370 33.445183 33.445183 33.445183 1.000527 1.000527 1.000527
2380 33.445183 33.445183 33.445183 1.000527 1.000527 1.000527
2390 33.445183 33.445183 33.445183 1.000527 1.000527 1.000527
2400 33.445183 33.445183 33.445183 1.000527 1.000527 1.000527
2410 33.445183 33.445183 33.445183 1.000527 1.000527 1.000527
2420 33.445183 33.445183 33.445183 1.000527 1.000527 1.000527
2430 33.445183 33.445183 33.445183 1.000527 1.000527 1.000527
2440 33.445183 33.445183 33.445183 1.000527 1.000527 1.000527
2450 33.445183 33.445183 33.445183 1.000527 1.000527 1.000527
2460 33.445183 33.445183 33.445183 1.000527 1.000527 1.000527
2470 33.445183 33.445183 33.445183 1.000527 1.000527 1.000527
2480 33.445183 33.445183 33.445183 1.000527 1.000527 1.000527
2490 33.445183 33.445183 33.445183 1.000527 1.000527 1.000527
2500 33.445183 33.445183 33.445183 1.000527 1.000527 1.000527
2510 33.445183 33.445183 33.445183 1.000527 1.000527 1.000527
2520 33.445183 33.445183 33.445183 1.000527 1.000527 1.000527
2530 33.445183 33.445183 33.445183 1.000527 1.000527 1.000527
2540 33.445183 33.445183 33.445183 1.000527 1.000527 1.000527
2550 33.445183 33.445183 33.445183 1.000527 1.000527 1.000527
2560 33.445183 33.445183 33.445183 1.000527 1.000527 1.000527
2570 33.445183 33.445183 33.445183 1.000527 1.000527 1.000527
2580 33.445183 33.445183 33.445183 1.000527 1.000527 1.000527
2590 33.445183 33.445183 33.445183 1.000527 1.000527 1.000527
2600 33.445183 33.445183 33.445183 1.000527 1.000527 1.000527
2610 33.445183 33.445183 33.445183 1.000527 1.000527 1.000527
2620 33.445183 33.445183 33.445183 1.000527 1.000527 1.000527
2630 33.445183 33.445183 33.445183 1.000527 1.000527 1.000527
2640 33.445183 33.445183 33.445183 1.000527 1.000527 1.000527
2650 33.445183 33.445183 33.445183 1.000527 1.000527 1.000527
2660 33.445183 33.445183 33.445183 1.000527 1.000527 1.000527
2670 33.445183 33.445183 33.445183 1.000527 1.000527 1.000527
2680 33.445183 33.445183 33.445183 1.000527 1.000527 1.000527
2690 33.445183 33.445183 33.445183 1.000527 1.000527 1.000527
2700 33.445183 33.445183 33.445183 1.000527 1.000527 1.000527
2710 33.445183 33.445183 33.445183 1.000527 1.000527 1.000527
2720 33.445183 33.445183 33.445183 1.000527 1.000527 1.000527
2730 33.445183 33.445183 33.445183 1.000527 1.000527 1.000527
2740 33.445183 33.445183 33.445183 1.000527 1.000527 1.000527
2750 33.445183 33.445183 33.445183 1.000527 1.000527 1.000527
2760 33.445183 33.445183 33.445183 1.000527 1.000527 1.000527
2770 33.445183 33.445183 33.445183 1.000527 1.000527 1.000527
2780 33.445183 33.445183 33.445183 1.000527 1.000527 1.000527
2790 33.445183 33.445183 33.445183 1.000527 1.000527 1.000527
2800 33.445183 33.445183 33.445183 1.000527 1.000527 1.000527
2810 33.445183 33.445183 33.445183 1.000527 1.000527 1.000527
2820 33.445183 33.445183 33.445183 1.000527 1.000527 1.000527
2830 33.445183 33.445183 33.445183 1.000527 1.000527 1.000527
2840 33.445183 33.445183 33.445183 1.000527 1.000527 1.000527
2850 33.445183 33.445183 33.445183 1.000527 1.000527 1.000527
2860 33.445183 33.445183 33.445183 1.000527 1.000527 1.000527
2870 33.445183 33.445183 33.445183 1.000527 1.000527 1.000527
2880 33.445183 33.445183 33.445183 1.000527 1.000527 1.000527
2890 33.445183 33.445183 33.445183 1.000527 1.000527 1.000527
2900 33.445183 33.445183 33.445183 1.000527 1.000527 1.000527
2910 33.445183 33.445183 33.445183 1.000527 1.000527 1.000527
2920 33.445183 33.445183 33.445183 1.000527 1.000527 1.000527
2930 33.445183 33.445183 33.445183 1.000527 1.000527 1.000527
2940 33.445183 33.445183 33.445183 1.000527 1.000527 1.000527
2950 33.445183 33.445183 33.445183 1.000527 1.000527 1.000527
2960 33.445183 33.445183 33.445183 1.000527 1.000527 1.000527
2970 33.445183 33.445183 33.445183 1.000527 1.000527 1.000527
2980 33.445183 33.445183 33.445183 1.000527 1.000527 1.000527
2990 33.445183 33.445183 33.445183 1.000527 1.000527 1.000527
3000 33.445183 33.445183 33.445183 1.000527 1.000527 1.000527
3010 33.445183 33.445183 33.445183 1.000527 1.000527 1.000527
3020 33.445183 33.445183 33.445183 1.000527 1.000527 1.000527
3030 33.445183 33.445183 33.445183 1.000527 1.000527 1.000527
3040 33.445183 33.445183 33.445183 1.000527 1.000527 1.000527
3050 33.445183 33.445183 33.445183 1.000527 1.000527 1.000527
3060 33.445183 33.445183 33.445183 1.000527 1.000527 1.000527
3070 33.445183 33.445183 33.445183 1.000527 1.000527 1.000527
3080 33.445183 33.445183 33.445183 1.000527 1.000527 1.000527
3090 33.445183 33.445183 33.445183 1.000527 1.000527 1.000527
3100 33.445183 33.445183 33.445183 1.000527 1.000527 1.000527
3110 33.445183 33.445183 33.445183 1.000527 1.000527 1.000527
3120 33.445183 33.445183 33.445183 1.000527 1.000527 1.000527
3130 33.445183 33.445183 33.445183 1.000527 1.000527 1.000527
3140 33.445183 33.445183 33.445183 1.000527 1.000527 1.000527
3150 33.445183 33.445183 33.445183 1.000527 1.000527 1.000527
3160 33.445183 33.445183 33.445183 1.000527 1.000527 1.000527
3170 33.445183 33.445183 33.445183 1.000527 1.000527 1.000527
3180 33.445183 33.445183 33.445183 1.000527 1.000527 1.000527
3190 33.445183 33.445183 33.445183 1.000527 1.000527 1.000527
3200 33.445183 33.445183 33.445183 1.000527 1.000527 1.000527
3210 33.445183 33.445183 33.445183 1.000527 1.000527 1.000527
3220 33.445183 33.445183 33.445183 1.000527 1.000527 1.000527
3230 33.445183 33.445183 33.445183 1.000527 1.000527 1.000527
3240 33.445183 33.445183 33.445183 1.000527 1.000527 1.000527
3250 33.445183 33.445183 33.445183 1.000527 1.000527 1.000527
3260 33.445183 33.445183 33.445183 1.000527 1.000527 1.000527
3270 33.445183 33.445183 33.445183 1.000527 1.000527 1.000527
3280 33.445183 33.445183 33.445183 1.000527 1.000527 1.000527
3290 33.445183 33.445183 33.445183 1.000527 1.000527 1.000527
3300 33.445183 33.445183 33.445183 1.000527 1.000527 1.000527
3310 33.445183 33.445183 33.445183 1.000527 1.000527 1.000527
3320 33.445183 33.445183 33.445183 1.000527 1.000527 1.000527
3330 33.445183 33.445183 33.445183 1.000527 1.000527 1.000527
3340 33.445183 33.445183 33.445183 1.000527 1.000527 1.000527
3350 33.445183 33.445183 33.445183 1.000527 1.000527 1.000527
3360 33.445183 33.445183 33.445183 1.000527 1.000527 1.000527
3370 33.445183 33.445183 33.445183 1.000527 1.000527 1.000527
3380 33.445183 33.445183 33.445183 1.000527 1.000527 1.000527
3390 33.445183 33.445183 33.445183 1.000527 1.000527 1.000527
3400 33.445183 33.445183 33.445183 1.000527 1.000527 1.000527
3410 33.445183 33.445183 33.445183 1.000527 1.000527 1.000527
3420 33.445183 33.445183 33.445183 1.000527 1.000527 1.000527
3430 33.445183 33.445183 33.445183 1.000527 1.000527 1.000527
3440 33.445183 33.445183 33.445183 1.000527 1.000527 1.000527
3450 33.445183 33.445183 33.445183 1.000527 1.000527 1.000527
3460 33.445183 33.445183 33.445183 1.000527 1.000527 1.000527
3470 33.445183 33.445183 33.445183 1.000527 1.000527 1.000527
3480 33.445183 33.445183 33.445183 1.000527 1.000527 1.000527
3490 33.445183 33.445183 33.445183 1.000527 1.000527 1.000527
3500 33.445183 33.445183 33.445183 1.000527 1.000527 1.000527
3510 33.445183 33.445183 33.445183 1.000527 1.000527 1.000527
3520 33.445183 33.445183 33.445183 1.000527 1.000527 1.000527
3530 33.445183 33.445183 33.445183 1.000527 1.000527 1.000527
3540 33.445183 33.445183 33.445183 1.000527 1.000527 1.000527
3550 33.445183 33.445183 33.445183 1.000527 1.000527 1.000527
3560 33.445183 33.445183 33.445183 1.000527 1.000527 1.000527
3570 33.445183 33.445183 33.445183 1.000527 1.000527 1.000527
3580 33.445183 33.445183 33.445183 1.000527 1.000527 1.000527
3590 33.445183 33.445183 33.445183 1.000527 1.000527 1.000527
3600 33.445183 33.445183 33.445183 1.000527 1.000527 1.000527
3610 33.445183 33.445183 33.445183 1.000527 1.000527 1.000527
3620 33.445183 33.445183 33.445183 1.000527 1.000527 1.000527
3630 33.445183 33.445183 33.445183 1.000527 1.000527 1.000527
3640 33.445183 33.445183 33.445183 1.000527 1.000527 1.000527
3650 33.445183 33.445183 33.445183 1.000527 1.000527 1.000527
3660 33.445183 33.445183 33.445183 1.000527 1.000527 1.000527
3670 33.445183 33.445183 33.445183 1.000527 1.000527 1.000527
3680 33.445183 33.445183 33.445183 1.000527 1.000527 1.000527
3690 33.445183 33.445183 33.445183 1.000527 1.000527 1.000527
3700 33.445183 33.445183 33.445183 1.000527 1.000527 1.000527
3710 33.445183 33.445183 33.445183 1.000527 1.000527 1.000527
3720 33.445183 33.445183 33.445183 1.000527 1.000527 1.000527
3730 33.445183 33.445183 33.445183 1.000527 1.000527 1.000527
3740 33.445183 33.445183 33.445183 1.000527 1.000527 1.000527
3750 33.445183 33.445183 33.445183 1.000527 1.000527 1.000527
3760 33.445183 33.445183 33.445183 1.000527 1.000527 1.000527
3770 33.445183 33.445183 33.445183 1.000527 1.000527 1.000527
3780 33.445183 33.445183 33.445183 1.000527 1.000527 1.000527
3790 33.445183 33.445183 33.445183 1.000527 1.000527 1.000527
3800 33.445183 33.445183 33.445183 1.000527 1.000527 1.000527
3810 33.445183 33.445183 33.445183 1.000527 1.000527 1.000527
3820 33.445183 33.445183 33.445183 1.000527 1.000527 1.000527
3830 33.445183 33.445183 33.445183 1.000527 1.000527 1.000527
3840 33.445183 33.445183 33.445183 1.000527 1.000527 1.000527
3850 33.445183 33.445183 33.445183 1.000527 1.000527 1.000527
3860 33.445183 33.445183 33.445183 1.000527 1.000527 1.000527
3870 33.445183 33.445183 33.445183 1.000527 1.000527 1.000527
3880 33.445183 33.445183 33.445183 1.000527 1.000527 1.000527
3890 33.445183 33.445183 33.445183 1.000527 1.000527 1.000527
3900 33.445183 33.445183 33.445183 1.000527 1.000527 1.000527
3910 33.445183 33.445183 33.445183 1.000527 1.000527 1.000527
3920 33.445183 33.445183 33.445183 1.000527 1.000527 1.000527
3930 33.445183 33.445183 33.445183 1.000527 1.000527 1.000527
3940 33.445183 33.445183 33.445183 1.000527 1.000527 1.000527
3950 33.445183 33.445183 33.445183 1.000527 1.000527 1.000527
3960 33.445183 33.445183 33.445183 1.000527 1.000527 1.000527
3970 33.445183 33.445183 33.445183 1.000527 1.000527 1.000527
3980 33.445183 33.445183 33.445183 1.000527 1.000527 1.000527
3990 33.445183 33.445183 33.445183 1.000527 1.000527 1.000527
4000 33.445183 33.445183 33.445183 1.000527 1.000527 1.000527
4010 33.445183 33.445183 33.445183 1.000527 1.000527 1.000527
4020 33.445183 33.445183 33.445183 1.000527 1.000527 1.000527
4030 33.445183 33.445183 33.445183 1.000527 1.000527 1.000527
4040 33.445183 33.445183 33.445183 1.000527 1.000527 1.000527
4050 33.445183 33.445183 33.445183 1.000527 1.000527 1.000527
4060 33.445183 33.445183 33.445183 1.000527 1.000527 1.000527
4070 33.445183 33.445183 33.445183 1.000527 1.000527 1.000527
4080 33.445183 33.445183 33.445183 1.000527 1.000527 1.000527
4090 33.445183 33.445183 33.445183 1.000527 1.000527 1.000527
4100 33.445183 33.445183 33.445183 1.000527 1.000527 1.000527
4110 33.445183 33.445183 33.445183 1.000527 1.000527 1.000527
4120 33.445183 33.445183 33.445183 1.000527 1.000527 1.000527
4130 33.445183 33.445183 33.445183 1.000527 1.000527 1.000527
4140 33.445183 33.445183 33.445183 1.000527 1.000527 1.000527
4150 33.445183 33.445183 33.445183 1.000527 1.000527 1.000527
4160 33.445183 33.445183 33.445183 1.000527 1.000527 1.000527
4170 33.445183 33.445183 33.445183 1.000527 1.000527 1.000527
4180 33.445183 33.445183 33.445183 1.000527 1.000527 1.000527
4190 33.445183 33.445183 33.445183 1.000527 1.000527 1.000527
4200 33.445183 33.445183 33.445183 1.000527 1.000527 1.000527
4210 33.445183 33.445183 33.445183 1.000527 1.000527 1.000527
4220 33.445183 33.445183 33.445183 1.000527 1.000527 1.000527
4230 33.445183 33.445183 33.445183 1.000527 1.000527 1.000527
4240 33.445183 33.445183 33.445183 1.000527 1.000527 1.000527
4250 33.445183 33.445183 33.445183 1.000527 1.000527 1.000527
4260 33.445183 33.445183 33.445183 1.000527 1.000527 1.000527
4270 33.445183 33.445183 33.445183 1.000527 1.000527 1.000527
4280 33.445183 33.445183 33.445183 1.000527 1.000527 1.000527
4290 33.445183 33.445183 33.445183 1.000527 1.000527 1.000527
4300 33.445183 33.445183 33.445183 1.000527 1.000527 1.000527
4310 33.445183 33.445183 33.445183 1.000527 1.000527 1.000527
4320 33.445183 33.445183 33.445183 1.000527 1.000527 1.000527
4330 33.445183 33.445183 33.445183 1.000527 1.000527 1.000527
4340 33.445183 33.445183 33.445183 1.000527 1.000527 1.000527
4350 33.445183 33.445183 33.445183 1.000527 1.000527 1.000527
4360 33.445183 33.445183 33.445183 1.000527 1.000527 1.000527
4370 33.445183 33.445183 33.445183 1.000527 1.000527 1.000527
4380 33.445183 33.445183 33.445183 1.000527 1.000527 1.000527
4390 33.445183 33.445183 33.445183 1.000527 1.000527 1.000527
4400 33.445183 33.445183 33.445183 1.000527 1.000527 1.000527
4410 33.445183 33.445183 33.445183 1.000527 1.000527 1.000527
4420 33.445183 33.445183 33.445183 1.000527 1.000527 1.000527
4430 33.445183 33.445183 33.445183 1.000527 1.000527 1.000527
4440 33.445183 33.445183 33.445183 1.000527 1.000527 1.000527
4450 33.445183 33.445183 33.445183 1.000527 1.000527 1.000527
4460 33.445183 33.445183 33.445183 1.000527 1.000527 1.000527
4470 33.445183 33.445183 33.445183 1.000527 1.000527 1.000527
4480 33.445183 33.445183 33.445183 1.000527 1.000527 1.000527
4490 33.445183 33.445183 33.445183 1.000527 1.000527 1.000527
4500 33.445183 33.445183 33.445183 1.000527 1.000527 1.000527
4510 33.445183 33.445183 33.445183 1.000527 1.000527 1.000527
4520 33.445183 33.445183 33.445183 1.000527 1.000527 1.000527
4530 33.445183 33.445183 33.445183 1.000527 1.000527 1.000527
4540 33.445183 33.445183 33.445183 1.000527 1.000527 1.000527
4550 33.445183 33.445183 33.445183 1.000527 1.000527 1.000527
4560 33.445183 33.445183 33.445183 1.000527 1.000527 1.000527
4570 33.445183 33.445183 33.445183 1.000527 1.000527 1.000527
4580 33.445183 33.445183 33.445183 1.000527 1.000527 1.000527
4590 33.445183 33.445183 33.445183 1.000527 1.000527 1.000527
4600 33.445183 33.445183 33.445183 1.000527 1.000527 1.000527
4610 33.445183 33.445183 33.445183 1.000527 1.000527 1.000527
4620 33.445183 33.445183 33.445183 1.000527 1.000527 1.000527
4630 33.445183 33.445183 33.445183 1.000527 1.000527 1.000527
4640 33.445183 33.445183 33.445183 1.000527 1.000527 1.000527
4650 33.445183 33.445183 33.445183 1.000527 1.000527 1.000527
4660 33.445183 33.445183 33.445183 1.000527 1.000527 1.000527
4670 33.445183 33.445183 33.445183 1.000527 1.000527 1.000527
4680 33.445183 33.445183 33.445183 1.000527 1.000527 1.000527
4690 33.445183 33.445183 33.445183 1.000527 1.000527 1.000527
4700 33.445183 33.445183 33.445183 1.000527 1.000527 1.000527
4710 33.445183 33.445183 33.445183 1.000527 1.000527 1.000527
4720 33.445183 33.445183 33.445183 1.000527 1.000527 1.000527
4730 33.445183 33.445183 33.445183 1.000527 1.000527 1.000527
4740 33.445183 33.445183 33.445183 1.000527 1.000527 1.000527
4750 33.445183 33.445183 33.445183 1.000527 1.000527 1.000527
4760 33.445183 33.445183 33.445183 1.000527 1.000527 1.000527
4770 33.445183 33.445183 33.445183 1.000527 1.000527 1.000527
4780 33.445183 33.445183 33.445183 1.000527 1.000527 1.000527
4790 33.445183 33.445183 33.445183 1.000527 1.000527 1.000527
4800 33.445183 33.445183 33.445183 1.000527 1.000527 1.000527
4810 33.445183 33.445183 33.445183 1.000527 1.000527 1.000527
4820 33.445183 33.445183 33.445183 1.000527 1.000527 1.000527
4830 33.445183 33.445183 33.445183 1.000527 1.000527 1.000527
4840 33.445183 33.445183 33.445183 1.000527 1.000527 1.000527
4850 33.445183 33.445183 33.445183 1.000527 1.000527 1.000527
4860 33.445183 33.445183 33.445183 1.000527 1.000527 1.000527
4870 33.445183 33.445183 33.445183 1.000527 1.000527 1.000527
4880 33.445183 33.445183 33.445183 1.000527 1.000527 1.000527
4890 33.445183 33.445183 33.445183 1.000527 1.000527 1.000527
4900 33.445183 33.445183 33.445183 1.000527 1.000527 1.000527
4910 33.445183 33.445183 33.445183 1.000527 1.000527 1.000527
4920 33.445183 33.445183 33.445183 1.000527 1.000527 1.000527
4930 33.445183 33.445183 33.445183 1.000527 1.000527 1.000527
4940 33.445183 33.445183 33.445183 1.000527 1.000527 1.000527
4950 33.445183 33.445183 33.445183 1.000527 1.000527 1.000527
4960 33.445183 33.445183 33.445183 1.000527 1.000527 1.000527
4970 33.445183 33.445183 33.445183 1.000527 1.000527 1.000527
4980 33.445183 33.445183 33.445183 1.000527 1.000527 1.000527
4990 33.445183 33.445183 33.445183 1.000527 1.000527 1.000527
5000 33.445183 33.445183 33.445183 1.000527 1.000527 1.000527
5010 33.445183 33.445183 33.445183 1.000527 1.000527 1.000527
5020 33.445183 33.445183 33.445183 1.000527 1.000527 1.000527
5030 33.445183 33.445183 33.445183 1.000527 1.000527 1.000527
5040 33.445183 33.445183 33.445183 1.000527 1.000527 1.000527
5050 33.445183 33.445183 33.445183 1.000527 1.000527 1.000527
5060 33.445183 33.445183 33.445183 1.000527 1.000527 1.000527
5070 33.445183 33.445183 33.445183 1.000527 1.000527 1.000527
5080 33.445183 33.445183 33.445183 1.000527 1.000527 1.000527
5090 33.445183 33.445183 33.445183 1.000527 1.000527 1.000527
5100 33.445183 33.445183 33.445183 1.000527 1.000527 1.000527
5110 33.445183 33.445183 33.445183 1.000527 1.000527 1.000527
5120 33.445183 33.445183 33.445183 1.000527 1.000527 1.000527
5130 33.445183 33.445183 33.445183 1.000527 1.000527 1.000527
5140 33.445183 33.445183 33.445183 1.000527 1.000527 1.000527
5150 33.445183 33.445183 33.445183 1.000527 1.000527 1.000527
5160 33.445183 33.445183 33.445183 1.000527 1.000527 1.000527
5170 33.445183 33.445183 33.445183 1.000527 1.000527 1.000527
5180 33.445183 33.445183 33.445183 1.000527 1.000527 1.000527
5190 33.445183 33.445183 33.445183 1.000527 1.000527 1.000527
5200 33.445183 33.445183 33.445183 1.000527 1.000527 1.000527
5210 33.445183 33.445183 33.445183 1.000527 1.000527 1.000527
5220 33.445183 33.445183 33.445183 1.000527 1.000527 1.000527
5230 33.445183 33.445183 33.445183 1.000527 1.000527 1.000527
5240 33.445183 33.445183 33.445183 1.000527 1.000527 1.000527
5250 33.445183 33.445183 33.445183 1.000527 1.000527 1.000527
5260 33.445183 33.445183 33.445183 1.000527 1.000527 1.000527
5270 33.445183 33.445183 33.445183 1.000527 1.000527 1.000527
5280 33.445183 33.445183 33.445183 1.000527 1.000527 1.000527
5290 33.445183 33.445183 33.445183 1.000527 1.000527 1.000527
5300 33.445183 33.445183 33.445183 1.000527 1.000527 1.000527
5310 33.445183 33.445183 33.445183 1.000527 1.000527 1.000527
5320 33.445183 33.445183 33.445183 1.000527 1.000527 1.000527
5330 33.445183 33.445183 33.445183 1.000527 1.000527 1.000527
5340 33.445183 33.445183 33.445183 1.000527 1.000527 1.000527
5350 33.445183 33.445183 33.445183 1.000527 1.000527 1.000527
5360 33.445183 33.445183 33.445183 1.000527 1.000527 1.000527
5370 33.445183 33.445183 33.445183 1.000527 1.000527 1.000527
5380 33.445183 33.445183 33.445183 1.000527 1.000527 1.000527
5390 33.445183 33.445183 33.445183 1.000527 1.000527 1.000527
5400 33.445183 33.445183 33.445183 1.000527 1.000527 1.000527
5410 33.445183 33.445183 33.445183 1.000527 1.000527 1.000527
5420 33.445183 33.445183 33.445183 1.000527 1.000527 1.000527
5430 33.445183 33.445183 33.445183 1.000527 1.000527 1.000527
5440 33.445183 33.445183 33.445183 1.000527 1.000527 1.000527
5450 33.445183 33.445183 33.445183 1.000527 1.000527 1.000527
5460 33.445183 33.445183 33.445183 1.000527 1.000527 1.000527
5470 33.445183 33.445183 33.445183 1.000527 1.000527 1.000527
5480 33.445183 33.445183 33.445183 1.000527 1.000527 1.000527
5490 33.445183 33.445183 33.445183 1.000527 1.000527 1.000527
5500 33.445183 33.445183 33.445183 1.000527 1.000527 1.000527
5510 33.445183 33.445183 33.445183 1.000527 1.000527 1.000527
5520 33.445183 33.445183 33.445183 1.000527 1.000527 1.000527
5530 33.445183 33.445183 33.445183 1.000527 1.000527 1.000527
5540 33.445183 33.445183 33.445183 1.000527 1.000527 1.000527
5550 33.445183 33.445183 33.445183 1.000527 1.000527 1.000527
5560 33.445183 33.445183 33.445183 1.000527 1.000527 1.000527
5570 33.445183 33.445183 33.445183 1.000527 1.000527 1.000527
5580 33.445183 33.445183 33.445183 1.000527 1.000527 1.000527
5590 33.445183 33.445183 33.445183 1.000527 1.000527 1.000527
5600 33.445183 33.445183 33.445183 1.000527 1.000527 1.000527
5610 33.445183 33.445183 33.445183 1.000527 1.000527 1.000527
5620 33.445183 33.445183 33.445183 1.000527 1.000527 1.000527
5630 33.445183 33.445183 33.445183 1.000527 1.000527 1.000527
5640 33.445183 33.445183 33.445183 1.000527 1.000527 1.000527
5650 33.445183 33.445183 33.445183 1.000527 1.000527 1.000527
5660 33.445183 33.445183 33.445183 1.000527 1.000527 1.000527
5670 33.445183 33.445183 33.445183 1.000527 1.000527 1.000527
5680 33.445183 33.445183 33.445183 1.000527 1.000527 1.000527
5690 33.445183 33.445183 33.445183 1.000527 1.000527 1.000527
5700 33.445183 33.445183 33.445183 1.000527 1.000527 1.000527
5710 33.445183 33.445183 33.445183 1.000527 1.000527 1.000527
5720 33.445183 33.445183 33.445183 1.000527 1.000527 1.000527
5730 33.445183 33.445183 33.445183 1.000527 1.000527 1.000527
5740 33.445183 33.445183 33.445183 1.000527 1.000527 1.000527
5750 33.445183 33.445183 33.445183 1.000527 1.000527 1.000527
5760 33.445183 33.445183 33.445183 1.000527 1.000527 1.000527
5770 33.445183 33.445183 33.445183 1.000527 1.000527 1.000527
5780 33.445183 33.445183 33.445183 1.000527 1.000527 1.000527
5790 33.445183 33.445183 33.445183 1.000527 1.000527 1.000527
5800 33.445183 33.445183 33.445183 1.000527 1.000527 1.000527
5810 33.445183 33.445183 33.445183 1.000527 1.000527 1.000527
5820 33.445183 33.445183 33.445183 1.000527 1.000527 1.000527
5830 33.445183 33.445183 33.445183 1.000527 1.000527 1.000527
5840 33.445183 33.445183 33.445183 1.000527 1.000527 1.000527
5850 33.445183 33.445183 33.445183 1.000527 1.000527 1.000527
5860 33.445183 33.445183 33.445183 1.000527 1.000527 1.000527
5870 33.445183 33.445183 33.445183 1.000527 1.000527 1.000527
5880 33.445183 33.445183 33.445183 1.000527 1.000527 1.000527
5890 33.445183 33.445183 33.445183 1.000527 1.000527 1.000527
5900 33.445183 33.445183 33.445183 1.000527 1.000527 1.000527
5910 33.445183 33.445183 33.445183 1.000527 1.000527 1.000527
5920 33.445183 33.445183 33.445183 1.000527 1.000527 1.000527
5930 33.445183 33.445183 33.445183 1.000527 1.000527 1.000527
5940 33.445183 33.445183 33.445183 1.000527 1.000527 1.000527
5950 33.445183 33.445183 33.445183 1.000527 1.000527 1.000527
5960 33.445183 33.445183 33.445183 1.000527 1.000527 1.000527
5970 33.445183 33.445183 33.445183 1.000527 1.000527 1.000527
5980 33.445183 33.445183 33.445183 1.000527 1.000527 1.000527
5990 33.445183 33.445183 33.445183 1.000527 1.000527 1.000527
6000 33.445183 33.445183 33.445183 1.000527 1.000527 1.000527
6010 33.445183 33.445183 33.445183 1.000527 1.000527 1.000527
6020 33.445183 33.445183 33.445183 1.000527 1.000527 1.000527
6030 33.445183 33.445183 33.445183 1.000527 1.000527 1.000527
6040 33.445183 33.445183 33.445183 1.000527 1.000527 1.000527
6050 33.445183 33.445183 33.445183 1.000527 1.000527 1.000527
6060 33.445183 33.445183 33.445183 1.000527 1.000527 1.000527
6070 33.445183 33.445183 33.445183 1.000527 1.000527 1.000527
6080 33.445183 33.445183 33.445183 1.000527 1.000527 1.000527
6090 33.445183 33.445183 33.445183 1.000527 1.000527 1.000527
6100 33.445183 33.445183 33.445183 1.000527 1.000527 1.000527
6110 33.445183 33.445183 33.445183 1.000527 1.000527 1.000527
6120 33.445183 33.445183 33.445183 1.000527 1.000527 1.000527
6130 33.445183 33.445183 33.445183 1.000527 1.000527 1.000527
6140 33.445183 33.445183 33.445183 1.000527 1.000527 1.000527
6150 33.445183 33.445183 33.445183 1.000527 1.000527 1.000527
6160 33.445183 33.445183 33.445183 1.000527 1.000527 1.000527
6170 33.445183 33.445183 33.445183 1.000527 1.000527 1.000527
6180 33.445183 33.445183 33.445183 1.000527 1.000527 1.000527
6190 33.445183 33.445183 33.445183 1.000527 1.000527 1.000527
6200 33.445183 33.445183 33.445183 1.000527 1.000527 1.000527
6210 33.445183 33.445183 33.445183 1.000527 1.000527 1.000527
6220 33.445183 33.445183 33.445183 1.000527 1.000527 1.000527
6230 33.445183 33.445183 33.445183 1.000527 1.000527 1.000527
6240 33.445183 33.445183 33.445183 1.000527 1.000527 1.000527
6250 33.445183 33.445183 33.445183 1.000527 1.000527 1.000527
6260 33.445183 33.445183 33.445183 1.000527 1.000527 1.000527
6270 33.445183 33.445183 33.445183 1.000527 1.000527 1.000527
6280 33.445183 33.445183 33.445183 1.000527 1.000527 1.000527
6290 33.445183 33.445183 33.445183 1.000527 1.000527 1.000527
6300 33.445183 33.445183 33.445183 1.000527 1.000527 1.000527
6310 33.445183 33.445183 33.445183 1.000527 1.000527 1.000527
6320 33.445183 33.445183 33.445183 1.000527 1.000527 1.000527
6330 33.445183 33.445183 33.445183 1.000527 1.000527 1.000527
6340 33.445183 33.445183 33.445183 1.000527 1.000527 1.000527
6350 33.445183 33.445183 33.445183 1.000527 1.000527 1.000527
6360 33.445183 33.445183 33.445183 1.000527 1.000527 1.000527
6370 33.445183 33.445183 33.445183 1.000527 1.000527 1.000527
6380 33.445183 33.445183 33.445183 1.000527 1.000527 1.000527
6390 33.445183 33.445183 33.445183 1.000527 1.000527 1.000527
6400 33.445183 33.445183 33.445183 1.000527 1.000527 1.000527
6410 33.445183 33.445183 33.445183 1.000527 1.000527 1.000527
6420 33.445183 33.445183 33.445183 1.000527 1.000527 1.000527
6430 33.445183 33.445183 33.445183 1.000527 1.000527 1.000527
6440 33.445183 33.445183 33.445183 1.000527 1.000527 1.000527
6450 33.445183 33.445183 33.445183 1.000527 1.000527 1.000527
6460 33.445183 33.445183 33.445183 1.000527 1.000527 1.000527
6470 33.445183 33.445183 33.445183 1.000527 1.000527 1.000527
6480 33.445183 33.445183 33.445183 1.000527 1.000527 1.000527
6490 33.445183 33.445183 33.445183 1.000527 1.000527 1.000527
6500 33.445183 33.445183 33.445183 1.000527 1.000527 1.000527
6510 33.445183 33.445183 33.445183 1.000527 1.000527 1.000527
6520 33.445183 33.445183 33.445183 1.000527 1.000527 1.000527
6530 33.445183 33.445183 33.445183 1.000527 1.000527 1.000527
6540 33.445183 33.445183 33.445183 1.000527 1.000527 1.000527
6550 33.445183 33.445183 33.445183 1.000527 1.000527 1.000527
6560 33.445183 33.445183 33.445183 1.000527 1.000527 1.000527
6570 33.445183 33.445183 33.445183 1.000527 1.000527 1.000527
6580 33.445183 33.445183 33.445183 1.000527 1.000527 1.000527
6590 33.445183 33.445183 33.445183 1.000527 1.000527 1.000527
6600 33.445183 33.445183 33.445183 1.000527 1.000527 1.000527
6610 33.445183 33.445183 33.445183 1.000527 1.000527 1.000527
6620 33.445183 33.445183 33.445183 1.000527 1.000527 1.000527
6630 33.445183 33.445183 33.445183 1.000527 1.000527 1.000527
6640 33.445183 33.445183 33.445183 1.000527 1.000527 1.000527
6650 33.445183 33.445183 33.445183 1.000527 1.000527 1.000527
6660 33.445183 33.445183 33.445183 1.000527 1.000527 1.000527
6670 33.445183 33.445183 33.445183 1.000527 1.000527 1.000527
6680 33.445183 33.445183 33.445183 1.000527 1.000527 1.000527
6690 33.445183 33.445183 33.445183 1.000527 1.000527 1.000527
6700 33.445183 33.445183 33.445183 1.000527 1.000527 1.000527
6710 33.445183 33.445183 33.445183 1.000527 1.000527 1.000527
6720 33.445183 33.445183 33.445183 1.000527 1.000527 1.000527
6730 33.445183 33.445183 33.445183 1.000527 1.000527 1.000527
6740 33.445183 33.445183 33.445183 1.000527 1.000527 1.000527
6750 33.445183 33.445183 33.445183 1.000527 1.000527 1.000527
6760 33.445183 33.445183 33.445183 1.000527 1.000527 1.000527
6770 33.445183 33.445183 33.445183 1.000527 1.000527 1.000527
6780 33.445183 33.445183 33.445183 1.000527 1.000527 1.000527
6790 33.445183 33.445183 33.445183 1.000527 1.000527 1.000527
6800 33.445183 33.445183 33.445183 1.000527 1.000527 1.000527
6810 33.445183 33.445183 33.445183 1.000527 1.000527 1.000527
6820 33.445183 33.445183 33.445183 1.000527 1.000527 1.000527
6830 33.445183 33.445183 33.445183 1.000527 1.000527 1.000527
6840 33.445183 33.445183 33.445183 1.000527 1.000527 1.000527
6850 33.445183 33.445183 33.445183 1.000527 1.000527 1.000527
6860 33.445183 33.445183 33.445183 1.000527 1.000527 1.000527
6870 33.445183 33.445183 33.445183 1.000527 1.000527 1.000527
6880 33.445183 33.445183 33.445183 1.000527 1.000527 1.000527
6890 33.445183 33.445183 33.445183 1.000527 1.000527 1.000527
6900 33.445183 33.445183 33.445183 1.000527 1.000527 1.000527
6910 33.445183 33.445183 33.445183 1.000527 1.000527 1.000527
6920 33.445183 33.445183 33.445183 1.000527 1.000527 1.000527
6930 33.445183 33.445183 33.445183 1.000527 1.000527 1.000527
6940 33.445183 33.445183 33.445183 1.000527 1.000527 1.000527
6950 33.445183 33.445183 33.445183 1.000527 1.000527 1.000527
6960 33.445183 33.445183 33.445183 1.000527 1.000527 1.000527
6970 33.445183 33.445183 33.445183 1.000527 1.000527 1.000527
6980 33.445183 33.445183 33.445183 1.000527 1.000527 1.000527
6990 33.445183 33.445183 33.445183 1.000527 1.000527 1.000527
7000 33.445183 33.445183 33.445183 1.000527 1.000527 1.000527
7010 33.445183 33.445183 33.445183 1.000527 1.000527 1.000527
7020 33.445183 33.445183 33.445183 1.000527 1.000527 1.000527
7030 33.445183 33.445183 33.445183 1.000527 1.000527 1.000527
7040 33.445183 33.445183 33.445183 1.000527 1.000527 1.000527
7050 33.445183 33.445183 33.445183 1.000527 1.000527 1.000527
7060 33.445183 33.445183 33.445183 1.000527 1.000527 1.000527
7070 33.445183 33.445183 33.445183 1.000527 1.000527 1.000527
7080 33.445183 33.445183 33.445183 1.000527 1.000527 1.000527
7090 33.445183 33.445183 33.445183 1.000527 1.000527 1.000527
7100 33.445183 33.445183 33.445183 1.000527 1.000527 1.000527
7110 33.445183 33.445183 33.445183 1.000527 1.000527 1.000527
7120 33.445183 33.445183 33.445183 1.000527 1.000527 1.000527
7130 33.445183 33.445183 33.445183 1.000527 1.000527 1.000527
7140 33.445183 33.445183 33.445183 1.000527 1.000527 1.000527
7150 33.445183 33.445183 33.445183 1.000527 1.000527 1.000527
7160 33.445183 33.445183 33.445183 1.000527 1.000527 1.000527
7170 33.445183 33.445183 33.445183 1.000527 1.000527 1.000527
7180 33.445183 33.445183 33.445183 1.000527 1.000527 1.000527
7190 33.445183 33.445183 33.445183 1.000527 1.000527 1.000527
7200 33.445183 33.445183 33.445183 1.000527 1.000527 1.000527
7210 33.445183 33.445183 33.445183 1.000527 1.000527 1.000527
7220 33.445183 33.445183 33.445183 1.000527 1.000527 1.000527
7230 33.445183 33.445183 33.445183 1.000527 1.000527 1.000527
7240 33.445183 33.445183 33.445183 1.000527 1.000527 1.000527
7250 33.445183 33.445183 33.445183 1.000527 1.000527 1.000527
7260 33.445183 33.445183 33.445183 1.000527 1.000527 1.000527
7270 33.445183 33.445183 33.445183 1.000527 1.000527 1.000527
7280 33.445183 33.445183 33.445183 1.000527 1.000527 1.000527
7290 33.445183 33.445183 33.445183 1.000527 1.000527 1.000527
7300 33.445183 33.445183 33.445183 1.000527 1.000527 1.000527
7310 33.445183 33.445183 33.445183 1.000527 1.000527 1.000527
7320 33.445183 33.445183 33.445183 1.000527 1.000527 1.000527
7330 33.445183 33.445183 33.445183 1.000527 1.000527 1.000527
7340 33.445183 33.445183 33.445183 1.000527 1.000527 1.000527
7350 33.445183 33.445183 33.445183 1.000527 1.000527 1.000527
7360 33.445183 33.445183 33.445183 1.000527 1.000527 1.000527
7370 33.445183 33.445183 33.445183 1.000527 1.000527 1.000527
7380 33.445183 33.445183 33.445183 1.000527 1.000527 1.000527
7390 33.445183 33.445183 33.445183 1.000527 1.000527 1.000527
7400 33.445183 33.445183 33.445183 1.000527 1.000527 1.000527
7410 33.445183 33.445183 33.445183 1.000527 1.000527 1.000527
7420 33.445183 33.445183 33.445183 1.000527 1.000527 1.000527
7430 33.445183 33.445183 33.445183 1.000527 1.000527 1.000527
7440 33.445183 33.445183 33.445183 1.000527 1.000527 1.000527
7450 33.445183 33.445183 33.445183 1.000527 1.000527 1.000527
7460 33.445183 33.445183 33.445183 1.000527 1.000527 1.000527
7470 33.445183 33.445183 33.445183 1.000527 1.000527 1.000527
7480 33.445183 33.445183 33.445183 1.000527 1.000527 1.000527
7490 33.445183 33.445183 33.445183 1.000527 1.000527 1.000527
7500 33.445183 33.445183 33.445183 1.000527 1.000527 1.000527
7510 33.445183 33.445183 33.445183 1.000527 1.000527 1.000527
7520 33.445183 33.445183 33.445183 1.000527 1.000527 1.000527
7530 33.445183 33.445183 33.445183 1.000527 1.000527 1.000527
7540 33.445183 33.445183 33.445183 1.000527 1.000527 1.000527
7550 33.445183 33.445183 33.445183 1.000527 1.000527 1.000527
7560 33.445183 33.445183 33.445183 1.000527 1.000527 1.000527
7570 33.445183 33.445183 33.445183 1.000527 1.000527 1.000527
7580 33.445183 33.445183 33.445183 1.000527 1.000527 1.000527
7590 33.445183 33.445183 33.445183 1.000527 1.000527 1.000527
7600 33.445183 33.445183 33.445183 1.000527 1.000527 1.000527
7610 33.445183 33.445183 33.445183 1.000527 1.000527 1.000527
7620 33.445183 33.445183 33.445183 1.000527 1.000527 1.000527
7630 33.445183 33.445183 33.445183 1.000527 1.000527 1.000527
7640 33.445183 33.445183 33.445183 1.000527 1.000527 1.000527
7650 33.445183 33.445183 33.445183 1.000527 1.000527 1.000527
7660 33.445183 33.445183 33.445183 1.000527 1.000527 1.000527
7670 33.445183 33.445183 33.445183 1.000527 1.000527 1.000527
7680 33.445183 33.445183 33.445183 1.000527 1.000527 1.000527
7690 33.445183 33.445183 33.445183 1.000527 1.000527 1.000527
7700 33.445183 33.445183 33.445183 1.000527 1.000527 1.000527
7710 33.445183 33.445183 33.445183 1.000527 1.000527 1.000527
7720 33.445183 33.445183 33.445183 1.000527 1.000527 1.000527
7730 33.445183 33.445183 33.445183 1.000527 1.000527 1.000527
7740 33.445183 33.445183 33.445183 1.000527 1.000527 1.000527
7750 33.445183 33.445183 33.445183 1.000527 1.000527 1.000527
7760 33.445183 33.445183 33.445183 1.000527 1.000527 1.000527
7770 33.445183 33.445183 33.445183 1.000527 1.000527 1.000527
7780 33.445183 33.445183 33.445183 1.000527 1.000527 1.000527
7790 33.445183 33.445183 33.445183 1.000527 1.000527 1.000527
7800 33.445183 33.445183 33.445183 1.000527 1.000527 1.000527
7810 33.445183 33.445183 33.445183 1.000527 1.000527 1.000527
7820 33.445183 33.445183 33.445183 1.000527 1.000527 1.000527
7830 33.445183 33.445183 33.445183 1.000527 1.000527 1.000527
7840 33.445183 33.445183 33.445183 1.000527 1.000527 1.000527
7850 33.445183 33.445183 33.445183 1.000527 1.000527 1.000527
7860 33.445183 33.445183 33.445183 1.000527 1.000527 1.000527
7870 33.445183 33.445183 33.445183 1.000527 1.000527 1.000527
7880 33.445183 33.445183 33.445183 1.000527 1.000527 1.000527
7890 33.445183 33.445183 33.445183 1.000527 1.000527 1.000527
7900 33.445183 33.445183 33.445183 1.000527 1.000527 1.000527
7910 33.445183 33.445183 33.445183 1.000527 1.000527 1.000527
7920 33.445183 33.445183 33.445183 1.000527 1.000527 1.000527
7930 33.445183 33.445183 33.445183 1.000527 1.000527 1.000527
7940 33.445183 33.445183 33.445183 1.000527 1.000527 1.000527
7950 33.445183 33.445183 33.445183 1.000527 1.000527 1.000527
7960 33.445183 33.445183 33.445183 1.000527 1.000527 1.000527
7970 33.445183 33.445183 33.445183 1.000527 1.000527 1.000527
7980 33.445183 33.445183 33.445183 1.000527 1.000527 1.000527
7990 33.445183 33.445183 33.445183 1.000527 1.000527 1.000527
8000 33.445183 33.445183 33.445183 1.000527 1.000527 1.000527
8010 33.445183 33.445183 33.445183 1.000527 1.000527 1.000527
8020 33.445183 33.445183 33.445183 1.000527 1.000527 1.000527
8030 33.445183 33.445183 33.445183 1.000527 1.000527 1.000527
8040 33.445183 33.445183 33.445183 1.000527 1.000527 1.000527
8050 33.445183 33.445183 33.445183 1.000527 1.000527 1.000527
8060 33.445183 33.445183 33.445183 1.000527 1.000527 1.000527
8070 33.445183 33.445183 33.445183 1.000527 1.000527 1.000527
8080 33.445183 33.445183 33.445183 1.000527 1.000527 1.000527
8090 33.445183 33.445183 33.445183 1.000527 1.000527 1.000527
8100 33.445183 33.445183 33.445183 1.000527 1.000527 1.000527
8110 33.445183 33.445183 33.445183 1.000527 1.000527 1.000527
8120 33.445183 33.445183 33.445183 1.000527 1.000527 1.000527
8130 33.445183 33.445183 33.445183 1.000527 1.000527 1.000527
8140 33.445183 33.445183 33.445183 1.000527 1.000527 1.000527
8150 33.445183 33.445183 33.445183 1.000527 1.000527 1.000527
8160 33.445183 33.445183 33.445183 1.000527 1.000527 1.000527
8170 33.445183 33.445183 33.445183 1.000527 1.000527 1.000527
8180 33.445183 33.445183 33.445183 1.000527 1.000527 1.000527
8190 33.445183 33.445183 33.445183 1.000527 1.000527 1.000527
8200 33.445183 33.445183 33.445183 1.000527 1.000527 1.000527
8210 33.445183 33.445183 33.445183 1.000527 1.000527 1.000527
8220 33.445183 33.445183 33.445183 1.000527 1.000527 1.000527
8230 33.445183 33.445183 33.445183 1.000527 1.000527 1.000527
8240 33.445183 33.445183 33.445183 1.000527 1.000527 1.000527
8250 33.445183 33.445183 33.445183 1.000527 1.000527 1.000527
8260 33.445183 33.445183 33.445183 1.000527 1.000527 1.000527
8270 33.445183 33.445183 33.445183 1.000527 1.000527 1.000527
8280 33.445183 33.445183 33.445183 1.000527 1.000527 1.000527
8290 33.445183 33.445183 33.445183 1.000527 1.000527 1.000527
8300 33.445183 33.445183 33.445183 1.000527 1.000527 1.000527
8310 33.445183 33.445183 33.445183 1.000527 1.000527 1.000527
8320 33.445183 33.445183 33.445183 1.000527 1.000527 1.000527
8330 33.445183 33.445183 33.445183 1.000527 1.000527 1.000527
8340 33.445183 33.445183 33.445183 1.000527 1.000527 1.000527
8350 33.445183 33.445183 33.445183 1.000527 1.000527 1.000527
8360 33.445183 33.445183 33.445183 1.000527 1.000527 1.000527
8370 33.445183 33.445183 33.445183 1.000527 1.000527 1.000527
8380 33.445183 33.445183 33.445183 1.000527 1.000527 1.000527
8390 33.445183 33.445183 33.445183 1.000527 1.000527 1.000527
8400 33.445183 33.445183 33.445183 1.000527 1.000527 1.000527
8410 33.445183 33.445183 33.445183 1.000527 1.000527 1.000527
8420 33.445183 33.445183 33.445183 1.000527 1.000527 1.000527
8430 33.445183 33.445183 33.445183 1.000527 1.000527 1.000527
8440 33.445183 33.445183 33.445183 1.000527 1.000527 1.000527
8450 33.445183 33.445183 33.445183 1.000527 1.000527 1.000527
8460 33.445183 33.445183 33.445183 1.000527 1.000527 1.000527
8470 33.445183 33.445183 33.445183 1.000527 1.000527 1.000527
8480 33.445183 33.445183 33.445183 1.000527 1.000527 1.000527
8490 33.445183 33.445183 33.445183 1.000527 1.000527 1.000527
8500 33.445183 33.445183 33.445183 1.000527 1.000527 1.000527
8510 33.445183 33.445183 33.445183 1.000527 1.000527 1.000527
8520 33.445183 33.445183 33.445183 1.000527 1.000527 1.000527
8530 33.445183 33.445183 33.445183 1.000527 1.000527 1.000527
8540 33.445183 33.445183 33.445183 1.000527 1.000527 1.000527
8550 33.445183 33.445183 33.445183 1.000527 1.000527 1.000527
8560 33.445183 33.445183 33.445183 1.000527 1.000527 1.000527
8570 33.445183 33.445183 33.445183 1.000527 1.000527 1.000527
8580 33.445183 33.445183 33.445183 1.000527 1.000527 1.000527
8590 33.445183 33.445183 33.445183 1.000527 1.000527 1.000527
8600 33.445183 33.445183 33.445183 1.000527 1.000527 1.000527
8610 33.445183 33.445183 33.445183 1.000527 1.000527 1.000527
8620 33.445183 33.445183 33.445183 1.000527 1.000527 1.000527
8630 33.445183 33.445183 33.445183 1.000527 1.000527 1.000527
8640 33.445183 33.445183 33.445183 1.000527 1.000527 1.000527
8650 33.445183 33.445183 33.445183 1.000527 1.000527 1.000527
8660 33.445183 33.445183 33.445183 1.000527 1.000527 1.000527
8670 33.445183 33.445183 33.445183 1.000527 1.000527 1.000527
8680 33.445183 33.445183 33.445183 1.000527 1.000527 1.000527
8690 33.445183 33.445183 33.445183 1.000527 1.000527 1.000527
8700 33.445183 33.445183 33.445183 1.000527 1.000527 1.000527
8710 33.445183 33.445183 33.445183 1.000527 1.000527 1.000527
8720 33.445183 33.445183 33.445183 1.000527 1.000527 1.000527
8730 33.445183 33.445183 33.445183 1.000527 1.000527 1.000527
8740 33.445183 33.445183 33.445183 1.000527 1.000527 1.000527
8750 33.445183 33.445183 33.445183 1.000527 1.000527 1.000527
8760 33.445183 33.445183 33.445183 1.000527 1.000527 1.000527
8770 33.445183 33.445183 33.445183 1.000527 1.000527 1.000527
8780 33.445183 33.445183 33.445183 1.000527 1.000527 1.000527
8790 33.445183 33.445183 33.445183 1.000527 1.000527 1.000527
8800 33.445183 33.445183 33.445183 1.000527 1.000527 1.000527
8810 33.445183 33.445183 33.445183 1.000527 1.000527 1.000527
8820 33.445183 33.445183 33.445183 1.000527 1.000527 1.000527
8830 33.445183 33.445183 33.445183 1.000527 1.000527 1.000527
8840 33.445183 33.445183 33.445183 1.000527 1.000527 1.000527
8850 33.445183 33.445183 33.445183 1.000527 1.000527 1.000527
8860 33.445183 33.445183 33.445183 1.000527 1.000527 1.000527
8870 33.445183 33.445183 33.445183 1.000527 1.000527 1.000527
8880 33.445183 33.445183 33.445183 1.000527 1.000527 1.000527
8890 33.445183 33.445183 33.445183 1.000527 1.000527 1.000527
8900 33.445183 33.445183 33.445183 1.000527 1.000527 1.000527
8910 33.445183 33.445183 33.445183 1.000527 1.000527 1.000527
8920 33.445183 33.445183 33.445183 1.000527 1.000527 1.000527
8930 33.445183 33.445183 33.445183 1.000527 1.000527 1.000527
8940 33.445183 33.445183 33.445183 1.000527 1.000527 1.000527
8950 33.445183 33.445183 33.445183 1.000527 1.000527 1.000527
8960 33.445183 33.445183 33.445183 1.000527 1.000527 1.000527
8970 33.445183 33.445183 33.445183 1.000527 1.000527 1.000527
8980 33.445183 33.445183 33.445183 1.000527 1.000527 1.000527
8990 33.445183 33.445183 33.445183 1.000527 1.000527 1.000527
9000 33.445183 33.445183 33.445183 1.000527 1.000527 1.000527
9010 33.445183 33.445183 33.445183 1.000527 1.000527 1.000527
9020 33.445183 33.445183 33.445183 1.000527 1.000527 1.000527
9030 33.445183 33.445183 33.445183 1.000527 1.000527 1.000527
9040 33.445183 33.445183 33.445183 1.000527 1.000527 1.000527
9050 33.445183 33.445183 33.445183 1.000527 1.000527 1.000527
9060 33.445183 33.445183 33.445183 1.000527 1.000527 1.000527
9070 33.445183 33.445183 33.445183 1.000527 1.000527 1.000527
9080 33.445183 33.445183 33.445183 1.000527 1.000527 1.000527
9090 33.445183 33.445183 33.445183 1.000527 1.000527 1.000527
9100 33.445183 33.445183 33.445183 1.000527 1.000527 1.000527
9110 33.445183 33.445183 33.445183 1.000527 1.000527 1.000527
9120 33.445183 33.445183 33.445183 1.000527 1.000527 1.000527
9130 33.445183 33.445183 33.445183 1.000527 1.000527 1.000527
9140 33.445183 33.445183 33.445183 1.000527 1.000527 1.000527
9150 33.445183 33.445183 33.445183 1.000527 1.000527 1.000527
9160 33.445183 33.445183 33.445183 1.000527 1.000527 1.000527
9170 33.445183 33.445183 33.445183 1.000527 1.000527 1.000527
9180 33.445183 33.445183 33.445183 1.000527 1.000527 1.000527
9190 33.445183 33.445183 33.445183 1.000527 1.000527 1.000527
9200 33.445183 33.445183 33.445183 1.000527 1.000527 1.000527
9210 33.445183 33.445183 33.445183 1.000527 1.000527 1.000527
9220 33.445183 33.445183 33.445183 1.000527 1.000527 1.000527
9230 33.445183 33.445183 33.445183 1.000527 1.000527 1.000527
9240 33.445183 33.445183 33.445183 1.000527 1.000527 1.000527
9250 33.445183 33.445183 33.445183 1.000527 1.000527 1.000527
9260 33.445183 33.445183 33.445183 1.000527 1.000527 1.000527
9270 33.445183 33.445183 33.445183 1.000527 1.000527 1.000527
9280 33.445183 33.445183 33.445183 1.000527 1.000527 1.000527
9290 33.445183 33.445183 33.445183 1.000527 1.000527 1.000527
9300 33.445183 33.445183 33.445183 1.000527 1.000527 1.000527
9310 33.445183 33.445183 33.445183 1.000527 1.000527 1.000527
9320 33.445183 33.445183 33.445183 1.000527 1.000527 1.000527
9330 33.445183 33.445183 33.445183 1.000527 1.000527 1.000527
9340 33.445183 33.445183 33.445183 1.000527 1.000527 1.000527
9350 33.445183 33.445183 33.445183 1.000527 1.000527 1.000527
9360 33.445183 33.445183 33.445183 1.000527 1.000527 1.000527
9370 33.445183 33.445183 33.445183 1.000527 1.000527 1.000527
9380 33.445183 33.445183 33.445183 1.000527 1.000527 1.000527
9390 33.445183 33.445183 33.445183 1.000527 1.000527 1.000527
9400 33.445183 33.445183 33.445183 1.000527 1.000527 1.000527
9410 33.445183 33.445183 33.445183 1.000527 1.000527 1.000527
9420 33.445183 33.445183 33.445183 1.000527 1.000527 1.000527
9430 33.445183 33.445183 33.445183 1.000527 1.000527 1.000527
9440 33.445183 33.445183 33.445183 1.000527 1.000527 1.000527
9450 33.445183 33.445183 33.445183 1.000527 1.000527 1.000527
9460 33.445183 33.445183 33.445183 1.000527 1.000527 1.000527
9470 33.445183 33.445183 33.445183 1.000527 1.000527 1.000527
9480 33.445183 33.445183 33.445183 1.000527 1.000527 1.000527
9490 33.445183 33.445183 33.445183 1.000527 1.000527 1.000527
9500 33.445183 33.445183 33.445183 1.000527 1.000527 1.000527
9510 33.445183 33.445183 33.445183 1.000527 1.000527 1.000527
9520 33.445183 33.445183 33.445183 1.000527 1.000527 1.000527
9530 33.445183 33.445183 33.445183 1.000527 1.000527 1.000527
9540 33.445183 33.445183 33.445183 1.000527 1.000527 1.000527
9550 33.445183 33.445183 33.445183 1.000527 1.000527 1.000527
9560 33.445183 33.445183 33.445183 1.000527 1.000527 1.000527
9570 33.445183 33.445183 33.445183 1.000527 1.000527 1.000527
9580 33.445183 33.445183 33.445183 1.000527 1.000527 1.000527
9590 33.445183 33.445183 33.445183 1.000527 1.000527 1.000527
9600 33.445183 33.445183 33.445183 1.000527 1.000527 1.000527
9610 33.445183 33.445183 33.445183 1.000527 1.000527 1.000527
9620 33.445183 33.445183 33.445183 1.000527 1.000527 1.000527
9630 33.445183 33.445183 33.445183 1.000527 1.000527 1.000527
9640 33.445183 33.445183 33.445183 1.000527 1.000527 1.000527
9650 33.445183 33.445183 33.445183 1.000527 1.000527 1.000527
9660 33.445183 33.445183 33.445183 1.000527 1.000527 1.000527
9670 33.445183 33.445183 33.445183 1.000527 1.000527 1.000527
9680 33.445183 33.445183 33.445183 1.000527 1.000527 1.000527
9690 33.445183 33.445183 33.445183 1.000527 1.000527 1.000527
9700 33.445183 33.445183 33.445183 1.000527 1.000527 1.000527
9710 33.445183 33.445183 33.445183 1.000527 1.000527 1.000527
9720 33.445183 33.445183 33.445183 1.000527 1.000527 1.000527
9730 33.445183 33.445183 33.445183 1.000527 1.000527 1.000527
9740 33.445183 33.445183 33.445183 1.000527 1.000527 1.000527
9750 33.445183 33.445183 33.445183 1.000527 1.000527 1.000527
9760 33.445183 33.445183 33.445183 1.000527 1.000527 1.000527
9770 33.445183 33.445183 33.445183 1.000527 1.000527 1.000527
9780 33.445183 33.445183 33.445183 1.000527 1.000527 1.000527
9790 33.445183 33.445183 33.445183 1.000527 1.000527 1.000527
9800 33.445183 33.445183 33.445183 1.000527 1.000527 1.000527
9810 33.445183 33.445183 33.445183 1.000527 1.000527 1.000527
9820 33.445183 33.445183 33.445183 1.000527 1.000527 1.000527
9830 33.445183 33.445183 33.445183 1.000527 1.000527 1.000527
9840 33.445183 33.445183 33.445183 1.000527 1.000527 1.000527
9850 33.445183 33.445183 33.445183 1.000527 1.000527 1.000527
9860 33.445183 33.445183 33.445183 1.000527 1.000527 1.000527
9870 33.445183 33.445183 33.445183 1.000527 1.000527 1.000527
9880 33.445183 33.445183 33.445183 1.000527 1.000527 1.000527
9890 33.445183 33.445183 33.445183 1.000527 1.000527 1.000527
9900 33.445183 33.445183 33.445183 1.000527 1.000527 1.000527
9910 33.445183 33.445183 33.445183 1.000527 1.000527 1.000527
9920 33.445183 33.445183 33.445183 1.000527 1.000527 1.000527
9930 33.445183 33.445183 33.445183 1.000527 1.000527 1.000527
9940 33.445183 33.445183 33.445183 1.000527 1.000527 1.000527
9950 33.445183 33.445183 33.445183 1.000527 1.000527 1.000527
9960 33.445183 33.445183 33.445183 1.000527 1.000527 1.000527
9970 33.445183 33.445183 33.445183 1.000527 1.000527 1.000527
9980 33.445183 33.445183 33.445183 1.000527 1.000527 1.000527
9990 33.445183 33.445183 33.445183 1.000527 1.000527 1.000527
10000 33.445183 33.445183 33.445183 1.000527 1.000527 1.000527
