# generation power_min power_avg power_max util_min util_avg util_max
1 7.515302 8.777622 10.168851 0.042264 0.054483 0.070023
10 7.515302 8.641469 9.554527 0.042264 0.054108 0.070023
20 7.374313 8.485308 9.299679 0.042264 0.053739 0.065617
30 7.150906 8.322646 9.129053 0.042264 0.053081 0.065617
40 6.811653 8.179504 9.003861 0.042264 0.052822 0.065617
50 6.811653 8.022636 8.815357 0.041592 0.052488 0.065617
60 6.348255 7.862057 8.551915 0.041322 0.051982 0.060467
70 6.348255 7.753769 8.379711 0.041322 0.051628 0.061249
80 6.348255 7.638000 8.303871 0.041322 0.051348 0.061249
90 5.944880 7.505630 8.218331 0.035041 0.050590 0.061249
100 5.944880 7.398171 8.030218 0.035041 0.050100 0.061249
110 5.944880 7.272849 7.880283 0.035041 0.049498 0.061249
120 5.944880 7.169456 7.838757 0.035041 0.048623 0.061249
130 5.944880 7.047811 7.705292 0.035041 0.047771 0.056977
140 5.878848 6.925373 7.580428 0.035041 0.046734 0.056792
150 5.427030 6.800124 7.446717 0.035041 0.045877 0.056640
160 5.427030 6.701683 7.311531 0.035041 0.044950 0.056640
170 5.427030 6.589386 7.240022 0.033205 0.043903 0.056640
180 5.427030 6.470413 7.104428 0.030032 0.042751 0.056019
190 5.254463 6.345933 6.932158 0.030032 0.041401 0.050341
200 5.254463 6.234286 6.849073 0.030032 0.040786 0.050341
210 5.254463 6.127697 6.757261 0.030032 0.039950 0.048710
220 5.152162 6.014522 6.636027 0.030032 0.039132 0.048178
230 5.050646 5.896732 6.529860 0.030032 0.038676 0.048178
240 5.050646 5.801399 6.378211 0.030032 0.038463 0.048178
250 4.952091 5.683070 6.248621 0.030032 0.037946 0.048178
260 4.952091 5.586983 6.146511 0.029648 0.037562 0.048178
270 4.513988 5.481487 6.022770 0.028936 0.036894 0.048178
280 4.491068 5.373040 5.944880 0.028936 0.036128 0.048178
290 4.491068 5.273640 5.768822 0.028180 0.035059 0.043527
300 4.491068 5.189931 5.725335 0.028180 0.034427 0.043527
310 4.394379 5.093258 5.613053 0.028180 0.033877 0.042660
320 4.339445 5.004193 5.522478 0.028180 0.033461 0.041988
330 4.328474 4.927708 5.415912 0.028180 0.033308 0.041988
340 4.264378 4.850351 5.310480 0.028180 0.032895 0.041988
350 4.264378 4.776486 5.224728 0.028180 0.032504 0.041418
360 4.215375 4.713007 5.117373 0.027346 0.032307 0.040740
370 4.215375 4.649334 5.027667 0.027346 0.031859 0.036746
380 4.156407 4.588028 4.952091 0.027346 0.031720 0.036746
390 4.146189 4.535377 4.872982 0.027346 0.031462 0.034853
400 4.146189 4.482518 4.823604 0.027346 0.031361 0.034853
410 4.139704 4.430110 4.717090 0.027346 0.031283 0.034853
420 4.096796 4.382542 4.648780 0.027346 0.031109 0.034853
430 4.060771 4.347999 4.513988 0.027346 0.030976 0.034853
440 4.060771 4.318242 4.502041 0.027346 0.030845 0.034853
450 4.060771 4.288008 4.474950 0.027346 0.030732 0.034853
460 4.060771 4.260965 4.426759 0.027054 0.030459 0.034853
470 3.986863 4.228689 4.377765 0.027054 0.030208 0.034522
480 3.877469 4.198076 4.338335 0.027054 0.030204 0.031928
490 3.858159 4.166819 4.319136 0.027054 0.030118 0.031928
500 3.830283 4.132394 4.314970 0.027054 0.029978 0.031928
510 3.568075 4.086983 4.278853 0.027054 0.029841 0.031928
520 3.568075 4.054421 4.244121 0.027054 0.029731 0.031773
530 3.568075 4.020692 4.205285 0.027054 0.029598 0.031773
540 3.568075 3.988291 4.151162 0.027054 0.029508 0.031283
550 3.568075 3.952400 4.132381 0.026979 0.029402 0.031283
560 3.568075 3.913979 4.109276 0.026979 0.029343 0.031283
570 3.568075 3.879363 4.069319 0.026979 0.029281 0.031283
580 3.568075 3.842197 4.059326 0.026979 0.029157 0.031283
590 3.558115 3.801593 4.023405 0.026493 0.029012 0.031212
600 3.558115 3.762299 4.008482 0.026493 0.028858 0.031212
610 3.558115 3.723647 3.974602 0.026493 0.028683 0.030698
620 3.558115 3.689446 3.877469 0.026493 0.028608 0.030698
630 3.523822 3.660713 3.855599 0.026493 0.028446 0.030698
640 3.523822 3.634012 3.811549 0.026742 0.028323 0.029922
650 3.523822 3.610714 3.742099 0.026742 0.028168 0.029922
660 3.523822 3.594455 3.702470 0.026742 0.028074 0.029897
670 3.523822 3.583164 3.660554 0.026742 0.027912 0.029897
680 3.454354 3.573421 3.623085 0.026742 0.027707 0.028885
690 3.454354 3.567591 3.613124 0.026742 0.027578 0.028820
700 3.454354 3.562247 3.577895 0.026742 0.027489 0.027778
710 3.454354 3.560762 3.568075 0.026742 0.027478 0.027542
720 3.454354 3.557800 3.568075 0.026742 0.027446 0.027542
730 3.454354 3.554739 3.568075 0.026742 0.027414 0.027542
740 3.454354 3.551238 3.568075 0.026742 0.027374 0.027542
750 3.454354 3.548126 3.568075 0.026742 0.027350 0.027542
760 3.454354 3.542099 3.568075 0.026742 0.027302 0.027542
770 3.375075 3.533790 3.568075 0.026742 0.027254 0.027542
780 3.375075 3.525049 3.568075 0.026742 0.027182 0.027542
790 3.375075 3.517250 3.558115 0.026742 0.027102 0.027542
800 3.375075 3.508860 3.558115 0.026742 0.027022 0.027542
810 3.375075 3.498434 3.558115 0.026742 0.026950 0.027542
820 3.375075 3.489447 3.548294 0.026742 0.026870 0.027542
830 3.375075 3.478018 3.548294 0.026742 0.026798 0.027542
840 3.375075 3.468341 3.523822 0.026742 0.026806 0.027542
850 3.375075 3.459809 3.523822 0.026742 0.026806 0.027542
860 3.375075 3.447459 3.523822 0.026742 0.026814 0.027542
870 3.375075 3.436393 3.514001 0.026742 0.026822 0.027542
880 3.375075 3.427550 3.454354 0.026742 0.026838 0.027542
890 3.375075 3.421551 3.454354 0.026742 0.026846 0.027542
900 3.375075 3.414309 3.454354 0.026742 0.026862 0.027542
910 3.375075 3.406381 3.454354 0.026742 0.026862 0.027542
920 3.375075 3.398453 3.454354 0.026742 0.026862 0.027542
930 3.375075 3.390526 3.454354 0.026742 0.026862 0.027542
940 3.375075 3.382598 3.454354 0.026742 0.026862 0.027542
950 3.375075 3.377819 3.409368 0.026742 0.026806 0.027542
960 3.375075 3.375075 3.375075 0.026742 0.026742 0.026742
970 3.375075 3.375075 3.375075 0.026742 0.026742 0.026742
980 3.375075 3.375075 3.375075 0.026742 0.026742 0.026742
990 3.375075 3.375075 3.375075 0.026742 0.026742 0.026742
1000 3.375075 3.375075 3.375075 0.026742 0.026742 0.026742
1010 3.375075 3.375075 3.375075 0.026742 0.026742 0.026742
1020 3.375075 3.375075 3.375075 0.026742 0.026742 0.026742
1030 3.375075 3.375075 3.375075 0.026742 0.026742 0.026742
1040 3.375075 3.375075 3.375075 0.026742 0.026742 0.026742
1050 3.375075 3.375075 3.375075 0.026742 0.026742 0.026742
1060 3.375075 3.375075 3.375075 0.026742 0.026742 0.026742
1070 3.375075 3.375075 3.375075 0.026742 0.026742 0.026742
1080 3.375075 3.375075 3.375075 0.026742 0.026742 0.026742
1090 3.375075 3.375075 3.375075 0.026742 0.026742 0.026742
1100 3.375075 3.375075 3.375075 0.026742 0.026742 0.026742
1110 3.375075 3.375075 3.375075 0.026742 0.026742 0.026742
1120 3.375075 3.375075 3.375075 0.026742 0.026742 0.026742
1130 3.375075 3.375075 3.375075 0.026742 0.026742 0.026742
1140 3.375075 3.375075 3.375075 0.026742 0.026742 0.026742
1150 3.375075 3.375075 3.375075 0.026742 0.026742 0.026742
1160 3.375075 3.375075 3.375075 0.026742 0.026742 0.026742
1170 3.375075 3.375075 3.375075 0.026742 0.026742 0.026742
1180 3.375075 3.375075 3.375075 0.026742 0.026742 0.026742
1190 3.375075 3.375075 3.375075 0.026742 0.026742 0.026742
1200 3.375075 3.375075 3.375075 0.026742 0.026742 0.026742
1210 3.375075 3.375075 3.375075 0.026742 0.026742 0.026742
1220 3.375075 3.375075 3.375075 0.026742 0.026742 0.026742
1230 3.375075 3.375075 3.375075 0.026742 0.026742 0.026742
1240 3.375075 3.375075 3.375075 0.026742 0.026742 0.026742
1250 3.375075 3.375075 3.375075 0.026742 0.026742 0.026742
1260 3.375075 3.375075 3.375075 0.026742 0.026742 0.026742
1270 3.375075 3.375075 3.375075 0.026742 0.026742 0.026742
1280 3.375075 3.375075 3.375075 0.026742 0.026742 0.026742
1290 3.375075 3.375075 3.375075 0.026742 0.026742 0.026742
1300 3.375075 3.375075 3.375075 0.026742 0.026742 0.026742
1310 3.375075 3.375075 3.375075 0.026742 0.026742 0.026742
1320 3.375075 3.375075 3.375075 0.026742 0.026742 0.026742
1330 3.375075 3.375075 3.375075 0.026742 0.026742 0.026742
1340 3.375075 3.375075 3.375075 0.026742 0.026742 0.026742
1350 3.375075 3.375075 3.375075 0.026742 0.026742 0.026742
1360 3.375075 3.375075 3.375075 0.026742 0.026742 0.026742
1370 3.375075 3.375075 3.375075 0.026742 0.026742 0.026742
1380 3.375075 3.375075 3.375075 0.026742 0.026742 0.026742
1390 3.375075 3.375075 3.375075 0.026742 0.026742 0.026742
1400 3.375075 3.375075 3.375075 0.026742 0.026742 0.026742
1410 3.375075 3.375075 3.375075 0.026742 0.026742 0.026742
1420 3.375075 3.375075 3.375075 0.026742 0.026742 0.026742
1430 3.375075 3.375075 3.375075 0.026742 0.026742 0.026742
1440 3.375075 3.375075 3.375075 0.026742 0.026742 0.026742
1450 3.375075 3.375075 3.375075 0.026742 0.026742 0.026742
1460 3.375075 3.375075 3.375075 0.026742 0.026742 0.026742
1470 3.375075 3.375075 3.375075 0.026742 0.026742 0.026742
1480 3.375075 3.375075 3.375075 0.026742 0.026742 0.026742
1490 3.375075 3.375075 3.375075 0.026742 0.026742 0.026742
1500 3.375075 3.375075 3.375075 0.026742 0.026742 0.026742
1510 3.375075 3.375075 3.375075 0.026742 0.026742 0.026742
1520 3.375075 3.375075 3.375075 0.026742 0.026742 0.026742
1530 3.375075 3.375075 3.375075 0.026742 0.026742 0.026742
1540 3.375075 3.375075 3.375075 0.026742 0.026742 0.026742
1550 3.375075 3.375075 3.375075 0.026742 0.026742 0.026742
1560 3.375075 3.375075 3.375075 0.026742 0.026742 0.026742
1570 3.375075 3.375075 3.375075 0.026742 0.026742 0.026742
1580 3.375075 3.375075 3.375075 0.026742 0.026742 0.026742
1590 3.375075 3.375075 3.375075 0.026742 0.026742 0.026742
1600 3.375075 3.375075 3.375075 0.026742 0.026742 0.026742
1610 3.375075 3.375075 3.375075 0.026742 0.026742 0.026742
1620 3.375075 3.375075 3.375075 0.026742 0.026742 0.026742
1630 3.375075 3.375075 3.375075 0.026742 0.026742 0.026742
1640 3.375075 3.375075 3.375075 0.026742 0.026742 0.026742
1650 3.375075 3.375075 3.375075 0.026742 0.026742 0.026742
1660 3.375075 3.375075 3.375075 0.026742 0.026742 0.026742
1670 3.375075 3.375075 3.375075 0.026742 0.026742 0.026742
1680 3.375075 3.375075 3.375075 0.026742 0.026742 0.026742
1690 3.375075 3.375075 3.375075 0.026742 0.026742 0.026742
1700 3.375075 3.375075 3.375075 0.026742 0.026742 0.026742
1710 3.375075 3.375075 3.375075 0.026742 0.026742 0.026742
1720 3.375075 3.375075 3.375075 0.026742 0.026742 0.026742
1730 3.375075 3.375075 3.375075 0.026742 0.026742 0.026742
1740 3.375075 3.375075 3.375075 0.026742 0.026742 0.026742
1750 3.375075 3.375075 3.375075 0.026742 0.026742 0.026742
1760 3.375075 3.375075 3.375075 0.026742 0.026742 0.026742
1770 3.375075 3.375075 3.375075 0.026742 0.026742 0.026742
1780 3.375075 3.375075 3.375075 0.026742 0.026742 0.026742
1790 3.375075 3.375075 3.375075 0.026742 0.026742 0.026742
1800 3.375075 3.375075 3.375075 0.026742 0.026742 0.026742
1810 3.375075 3.375075 3.375075 0.026742 0.026742 0.026742
1820 3.375075 3.375075 3.375075 0.026742 0.026742 0.026742
1830 3.375075 3.375075 3.375075 0.026742 0.026742 0.026742
1840 3.375075 3.375075 3.375075 0.026742 0.026742 0.026742
1850 3.375075 3.375075 3.375075 0.026742 0.026742 0.026742
1860 3.375075 3.375075 3.375075 0.026742 0.026742 0.026742
1870 3.375075 3.375075 3.375075 0.026742 0.026742 0.026742
1880 3.375075 3.375075 3.375075 0.026742 0.026742 0.026742
1890 3.375075 3.375075 3.375075 0.026742 0.026742 0.026742
1900 3.375075 3.375075 3.375075 0.026742 0.026742 0.026742
1910 3.375075 3.375075 3.375075 0.026742 0.026742 0.026742
1920 3.375075 3.375075 3.375075 0.026742 0.026742 0.026742
1930 3.375075 3.375075 3.375075 0.026742 0.026742 0.026742
1940 3.375075 3.375075 3.375075 0.026742 0.026742 0.026742
1950 3.375075 3.375075 3.375075 0.026742 0.026742 0.026742
1960 3.375075 3.375075 3.375075 0.026742 0.026742 0.026742
1970 3.375075 3.375075 3.375075 0.026742 0.026742 0.026742
1980 3.375075 3.375075 3.375075 0.026742 0.026742 0.026742
1990 3.375075 3.375075 3.375075 0.026742 0.026742 0.026742
2000 3.375075 3.375075 3.375075 0.026742 0.026742 0.026742
2010 3.375075 3.375075 3.375075 0.026742 0.026742 0.026742
2020 3.375075 3.375075 3.375075 0.026742 0.026742 0.026742
2030 3.375075 3.375075 3.375075 0.026742 0.026742 0.026742
2040 3.375075 3.375075 3.375075 0.026742 0.026742 0.026742
2050 3.375075 3.375075 3.375075 0.026742 0.026742 0.026742
2060 3.375075 3.375075 3.375075 0.026742 0.026742 0.026742
2070 3.375075 3.375075 3.375075 0.026742 0.026742 0.026742
2080 3.375075 3.375075 3.375075 0.026742 0.026742 0.026742
2090 3.375075 3.375075 3.375075 0.026742 0.026742 0.026742
2100 3.375075 3.375075 3.375075 0.026742 0.026742 0.026742
2110 3.375075 3.375075 3.375075 0.026742 0.026742 0.026742
2120 3.375075 3.375075 3.375075 0.026742 0.026742 0.026742
2130 3.375075 3.375075 3.375075 0.026742 0.026742 0.026742
2140 3.375075 3.375075 3.375075 0.026742 0.026742 0.026742
2150 3.375075 3.375075 3.375075 0.026742 0.026742 0.026742
2160 3.375075 3.375075 3.375075 0.026742 0.026742 0.026742
2170 3.375075 3.375075 3.375075 0.026742 0.026742 0.026742
2180 3.375075 3.375075 3.375075 0.026742 0.026742 0.026742
2190 3.375075 3.375075 3.375075 0.026742 0.026742 0.026742
2200 3.375075 3.375075 3.375075 0.026742 0.026742 0.026742
2210 3.375075 3.375075 3.375075 0.026742 0.026742 0.026742
2220 3.375075 3.375075 3.375075 0.026742 0.026742 0.026742
2230 3.375075 3.375075 3.375075 0.026742 0.026742 0.026742
2240 3.375075 3.375075 3.375075 0.026742 0.026742 0.026742
2250 3.375075 3.375075 3.375075 0.026742 0.026742 0.026742
2260 3.375075 3.375075 3.375075 0.026742 0.026742 0.026742
2270 3.375075 3.375075 3.375075 0.026742 0.026742 0.026742
2280 3.375075 3.375075 3.375075 0.026742 0.026742 0.026742
2290 3.375075 3.375075 3.375075 0.026742 0.026742 0.026742
2300 3.375075 3.375075 3.375075 0.026742 0.026742 0.026742
2310 3.375075 3.375075 3.375075 0.026742 0.026742 0.026742
2320 3.375075 3.375075 3.375075 0.026742 0.026742 0.026742
2330 3.375075 3.375075 3.375075 0.026742 0.026742 0.026742
2340 3.375075 3.375075 3.375075 0.026742 0.026742 0.026742
2350 3.375075 3.375075 3.375075 0.026742 0.026742 0.026742
2360 3.375075 3.375075 3.375075 0.026742 0.026742 0.026742
2370 3.375075 3.375075 3.375075 0.026742 0.026742 0.026742
2380 3.375075 3.375075 3.375075 0.026742 0.026742 0.026742
2390 3.375075 3.375075 3.375075 0.026742 0.026742 0.026742
2400 3.375075 3.375075 3.375075 0.026742 0.026742 0.026742
2410 3.375075 3.375075 3.375075 0.026742 0.026742 0.026742
2420 3.375075 3.375075 3.375075 0.026742 0.026742 0.026742
2430 3.375075 3.375075 3.375075 0.026742 0.026742 0.026742
2440 3.375075 3.375075 3.375075 0.026742 0.026742 0.026742
2450 3.375075 3.375075 3.375075 0.026742 0.026742 0.026742
2460 3.375075 3.375075 3.375075 0.026742 0.026742 0.026742
2470 3.375075 3.375075 3.375075 0.026742 0.026742 0.026742
2480 3.375075 3.375075 3.375075 0.026742 0.026742 0.026742
2490 3.375075 3.375075 3.375075 0.026742 0.026742 0.026742
2500 3.375075 3.375075 3.375075 0.026742 0.026742 0.026742
2510 3.375075 3.375075 3.375075 0.026742 0.026742 0.026742
2520 3.375075 3.375075 3.375075 0.026742 0.026742 0.026742
2530 3.375075 3.375075 3.375075 0.026742 0.026742 0.026742
2540 3.375075 3.375075 3.375075 0.026742 0.026742 0.026742
2550 3.375075 3.375075 3.375075 0.026742 0.026742 0.026742
2560 3.375075 3.375075 3.375075 0.026742 0.026742 0.026742
2570 3.375075 3.375075 3.375075 0.026742 0.026742 0.026742
2580 3.375075 3.375075 3.375075 0.026742 0.026742 0.026742
2590 3.375075 3.375075 3.375075 0.026742 0.026742 0.026742
2600 3.375075 3.375075 3.375075 0.026742 0.026742 0.026742
2610 3.375075 3.375075 3.375075 0.026742 0.026742 0.026742
2620 3.375075 3.375075 3.375075 0.026742 0.026742 0.026742
2630 3.375075 3.375075 3.375075 0.026742 0.026742 0.026742
2640 3.375075 3.375075 3.375075 0.026742 0.026742 0.026742
2650 3.375075 3.375075 3.375075 0.026742 0.026742 0.026742
2660 3.375075 3.375075 3.375075 0.026742 0.026742 0.026742
2670 3.375075 3.375075 3.375075 0.026742 0.026742 0.026742
2680 3.375075 3.375075 3.375075 0.026742 0.026742 0.026742
2690 3.375075 3.375075 3.375075 0.026742 0.026742 0.026742
2700 3.375075 3.375075 3.375075 0.026742 0.026742 0.026742
2710 3.375075 3.375075 3.375075 0.026742 0.026742 0.026742
2720 3.375075 3.375075 3.375075 0.026742 0.026742 0.026742
2730 3.375075 3.375075 3.375075 0.026742 0.026742 0.026742
2740 3.375075 3.375075 3.375075 0.026742 0.026742 0.026742
2750 3.375075 3.375075 3.375075 0.026742 0.026742 0.026742
2760 3.375075 3.375075 3.375075 0.026742 0.026742 0.026742
2770 3.375075 3.375075 3.375075 0.026742 0.026742 0.026742
2780 3.375075 3.375075 3.375075 0.026742 0.026742 0.026742
2790 3.375075 3.375075 3.375075 0.026742 0.026742 0.026742
2800 3.375075 3.375075 3.375075 0.026742 0.026742 0.026742
2810 3.375075 3.375075 3.375075 0.026742 0.026742 0.026742
2820 3.375075 3.375075 3.375075 0.026742 0.026742 0.026742
2830 3.375075 3.375075 3.375075 0.026742 0.026742 0.026742
2840 3.375075 3.375075 3.375075 0.026742 0.026742 0.026742
2850 3.375075 3.375075 3.375075 0.026742 0.026742 0.026742
2860 3.375075 3.375075 3.375075 0.026742 0.026742 0.026742
2870 3.375075 3.375075 3.375075 0.026742 0.026742 0.026742
2880 3.375075 3.375075 3.375075 0.026742 0.026742 0.026742
2890 3.375075 3.375075 3.375075 0.026742 0.026742 0.026742
2900 3.375075 3.375075 3.375075 0.026742 0.026742 0.026742
2910 3.375075 3.375075 3.375075 0.026742 0.026742 0.026742
2920 3.375075 3.375075 3.375075 0.026742 0.026742 0.026742
2930 3.375075 3.375075 3.375075 0.026742 0.026742 0.026742
2940 3.375075 3.375075 3.375075 0.026742 0.026742 0.026742
2950 3.375075 3.375075 3.375075 0.026742 0.026742 0.026742
2960 3.375075 3.375075 3.375075 0.026742 0.026742 0.026742
2970 3.375075 3.375075 3.375075 0.026742 0.026742 0.026742
2980 3.375075 3.375075 3.375075 0.026742 0.026742 0.026742
2990 3.375075 3.375075 3.375075 0.026742 0.026742 0.026742
3000 3.375075 3.375075 3.375075 0.026742 0.026742 0.026742
3010 3.375075 3.375075 3.375075 0.026742 0.026742 0.026742
3020 3.375075 3.375075 3.375075 0.026742 0.026742 0.026742
3030 3.375075 3.375075 3.375075 0.026742 0.026742 0.026742
3040 3.375075 3.375075 3.375075 0.026742 0.026742 0.026742
3050 3.375075 3.375075 3.375075 0.026742 0.026742 0.026742
3060 3.375075 3.375075 3.375075 0.026742 0.026742 0.026742
3070 3.375075 3.375075 3.375075 0.026742 0.026742 0.026742
3080 3.375075 3.375075 3.375075 0.026742 0.026742 0.026742
3090 3.375075 3.375075 3.375075 0.026742 0.026742 0.026742
3100 3.375075 3.375075 3.375075 0.026742 0.026742 0.026742
3110 3.375075 3.375075 3.375075 0.026742 0.026742 0.026742
3120 3.375075 3.375075 3.375075 0.026742 0.026742 0.026742
3130 3.375075 3.375075 3.375075 0.026742 0.026742 0.026742
3140 3.375075 3.375075 3.375075 0.026742 0.026742 0.026742
3150 3.375075 3.375075 3.375075 0.026742 0.026742 0.026742
3160 3.375075 3.375075 3.375075 0.026742 0.026742 0.026742
3170 3.375075 3.375075 3.375075 0.026742 0.026742 0.026742
3180 3.375075 3.375075 3.375075 0.026742 0.026742 0.026742
3190 3.375075 3.375075 3.375075 0.026742 0.026742 0.026742
3200 3.375075 3.375075 3.375075 0.026742 0.026742 0.026742
3210 3.375075 3.375075 3.375075 0.026742 0.026742 0.026742
3220 3.375075 3.375075 3.375075 0.026742 0.026742 0.026742
3230 3.375075 3.375075 3.375075 0.026742 0.026742 0.026742
3240 3.375075 3.375075 3.375075 0.026742 0.026742 0.026742
3250 3.375075 3.375075 3.375075 0.026742 0.026742 0.026742
3260 3.375075 3.375075 3.375075 0.026742 0.026742 0.026742
3270 3.375075 3.375075 3.375075 0.026742 0.026742 0.026742
3280 3.375075 3.375075 3.375075 0.026742 0.026742 0.026742
3290 3.375075 3.375075 3.375075 0.026742 0.026742 0.026742
3300 3.375075 3.375075 3.375075 0.026742 0.026742 0.026742
3310 3.375075 3.375075 3.375075 0.026742 0.026742 0.026742
3320 3.375075 3.375075 3.375075 0.026742 0.026742 0.026742
3330 3.375075 3.375075 3.375075 0.026742 0.026742 0.026742
3340 3.375075 3.375075 3.375075 0.026742 0.026742 0.026742
3350 3.375075 3.375075 3.375075 0.026742 0.026742 0.026742
3360 3.375075 3.375075 3.375075 0.026742 0.026742 0.026742
3370 3.375075 3.375075 3.375075 0.026742 0.026742 0.026742
3380 3.375075 3.375075 3.375075 0.026742 0.026742 0.026742
3390 3.375075 3.375075 3.375075 0.026742 0.026742 0.026742
3400 3.375075 3.375075 3.375075 0.026742 0.026742 0.026742
3410 3.375075 3.375075 3.375075 0.026742 0.026742 0.026742
3420 3.375075 3.375075 3.375075 0.026742 0.026742 0.026742
3430 3.375075 3.375075 3.375075 0.026742 0.026742 0.026742
3440 3.375075 3.375075 3.375075 0.026742 0.026742 0.026742
3450 3.375075 3.375075 3.375075 0.026742 0.026742 0.026742
3460 3.375075 3.375075 3.375075 0.026742 0.026742 0.026742
3470 3.375075 3.375075 3.375075 0.026742 0.026742 0.026742
3480 3.375075 3.375075 3.375075 0.026742 0.026742 0.026742
3490 3.375075 3.375075 3.375075 0.026742 0.026742 0.026742
3500 3.375075 3.375075 3.375075 0.026742 0.026742 0.026742
3510 3.375075 3.375075 3.375075 0.026742 0.026742 0.026742
3520 3.375075 3.375075 3.375075 0.026742 0.026742 0.026742
3530 3.375075 3.375075 3.375075 0.026742 0.026742 0.026742
3540 3.375075 3.375075 3.375075 0.026742 0.026742 0.026742
3550 3.375075 3.375075 3.375075 0.026742 0.026742 0.026742
3560 3.375075 3.375075 3.375075 0.026742 0.026742 0.026742
3570 3.375075 3.375075 3.375075 0.026742 0.026742 0.026742
3580 3.375075 3.375075 3.375075 0.026742 0.026742 0.026742
3590 3.375075 3.375075 3.375075 0.026742 0.026742 0.026742
3600 3.375075 3.375075 3.375075 0.026742 0.026742 0.026742
3610 3.375075 3.375075 3.375075 0.026742 0.026742 0.026742
3620 3.375075 3.375075 3.375075 0.026742 0.026742 0.026742
3630 3.375075 3.375075 3.375075 0.026742 0.026742 0.026742
3640 3.375075 3.375075 3.375075 0.026742 0.026742 0.026742
3650 3.375075 3.375075 3.375075 0.026742 0.026742 0.026742
3660 3.375075 3.375075 3.375075 0.026742 0.026742 0.026742
3670 3.375075 3.375075 3.375075 0.026742 0.026742 0.026742
3680 3.375075 3.375075 3.375075 0.026742 0.026742 0.026742
3690 3.375075 3.375075 3.375075 0.026742 0.026742 0.026742
3700 3.375075 3.375075 3.375075 0.026742 0.026742 0.026742
3710 3.375075 3.375075 3.375075 0.026742 0.026742 0.026742
3720 3.375075 3.375075 3.375075 0.026742 0.026742 0.026742
3730 3.375075 3.375075 3.375075 0.026742 0.026742 0.026742
3740 3.375075 3.375075 3.375075 0.026742 0.026742 0.026742
3750 3.375075 3.375075 3.375075 0.026742 0.026742 0.026742
3760 3.375075 3.375075 3.375075 0.026742 0.026742 0.026742
3770 3.375075 3.375075 3.375075 0.026742 0.026742 0.026742
3780 3.375075 3.375075 3.375075 0.026742 0.026742 0.026742
3790 3.375075 3.375075 3.375075 0.026742 0.026742 0.026742
3800 3.375075 3.375075 3.375075 0.026742 0.026742 0.026742
3810 3.375075 3.375075 3.375075 0.026742 0.026742 0.026742
3820 3.375075 3.375075 3.375075 0.026742 0.026742 0.026742
3830 3.375075 3.375075 3.375075 0.026742 0.026742 0.026742
3840 3.375075 3.375075 3.375075 0.026742 0.026742 0.026742
3850 3.375075 3.375075 3.375075 0.026742 0.026742 0.026742
3860 3.375075 3.375075 3.375075 0.026742 0.026742 0.026742
3870 3.375075 3.375075 3.375075 0.026742 0.026742 0.026742
3880 3.375075 3.375075 3.375075 0.026742 0.026742 0.026742
3890 3.375075 3.375075 3.375075 0.026742 0.026742 0.026742
3900 3.375075 3.375075 3.375075 0.026742 0.026742 0.026742
3910 3.375075 3.375075 3.375075 0.026742 0.026742 0.026742
3920 3.375075 3.375075 3.375075 0.026742 0.026742 0.026742
3930 3.375075 3.375075 3.375075 0.026742 0.026742 0.026742
3940 3.375075 3.375075 3.375075 0.026742 0.026742 0.026742
3950 3.375075 3.375075 3.375075 0.026742 0.026742 0.026742
3960 3.375075 3.375075 3.375075 0.026742 0.026742 0.026742
3970 3.375075 3.375075 3.375075 0.026742 0.026742 0.026742
3980 3.375075 3.375075 3.375075 0.026742 0.026742 0.026742
3990 3.375075 3.375075 3.375075 0.026742 0.026742 0.026742
4000 3.375075 3.375075 3.375075 0.026742 0.026742 0.026742
4010 3.375075 3.375075 3.375075 0.026742 0.026742 0.026742
4020 3.375075 3.375075 3.375075 0.026742 0.026742 0.026742
4030 3.375075 3.375075 3.375075 0.026742 0.026742 0.026742
4040 3.375075 3.375075 3.375075 0.026742 0.026742 0.026742
4050 3.375075 3.375075 3.375075 0.026742 0.026742 0.026742
4060 3.375075 3.375075 3.375075 0.026742 0.026742 0.026742
4070 3.375075 3.375075 3.375075 0.026742 0.026742 0.026742
4080 3.375075 3.375075 3.375075 0.026742 0.026742 0.026742
4090 3.375075 3.375075 3.375075 0.026742 0.026742 0.026742
4100 3.375075 3.375075 3.375075 0.026742 0.026742 0.026742
4110 3.375075 3.375075 3.375075 0.026742 0.026742 0.026742
4120 3.375075 3.375075 3.375075 0.026742 0.026742 0.026742
4130 3.375075 3.375075 3.375075 0.026742 0.026742 0.026742
4140 3.375075 3.375075 3.375075 0.026742 0.026742 0.026742
4150 3.375075 3.375075 3.375075 0.026742 0.026742 0.026742
4160 3.375075 3.375075 3.375075 0.026742 0.026742 0.026742
4170 3.375075 3.375075 3.375075 0.026742 0.026742 0.026742
4180 3.375075 3.375075 3.375075 0.026742 0.026742 0.026742
4190 3.375075 3.375075 3.375075 0.026742 0.026742 0.026742
4200 3.375075 3.375075 3.375075 0.026742 0.026742 0.026742
4210 3.375075 3.375075 3.375075 0.026742 0.026742 0.026742
4220 3.375075 3.375075 3.375075 0.026742 0.026742 0.026742
4230 3.375075 3.375075 3.375075 0.026742 0.026742 0.026742
4240 3.375075 3.375075 3.375075 0.026742 0.026742 0.026742
4250 3.375075 3.375075 3.375075 0.026742 0.026742 0.026742
4260 3.375075 3.375075 3.375075 0.026742 0.026742 0.026742
4270 3.375075 3.375075 3.375075 0.026742 0.026742 0.026742
4280 3.375075 3.375075 3.375075 0.026742 0.026742 0.026742
4290 3.375075 3.375075 3.375075 0.026742 0.026742 0.026742
4300 3.375075 3.375075 3.375075 0.026742 0.026742 0.026742
4310 3.375075 3.375075 3.375075 0.026742 0.026742 0.026742
4320 3.375075 3.375075 3.375075 0.026742 0.026742 0.026742
4330 3.375075 3.375075 3.375075 0.026742 0.026742 0.026742
4340 3.375075 3.375075 3.375075 0.026742 0.026742 0.026742
4350 3.375075 3.375075 3.375075 0.026742 0.026742 0.026742
4360 3.375075 3.375075 3.375075 0.026742 0.026742 0.026742
4370 3.375075 3.375075 3.375075 0.026742 0.026742 0.026742
4380 3.375075 3.375075 3.375075 0.026742 0.026742 0.026742
4390 3.375075 3.375075 3.375075 0.026742 0.026742 0.026742
4400 3.375075 3.375075 3.375075 0.026742 0.026742 0.026742
4410 3.375075 3.375075 3.375075 0.026742 0.026742 0.026742
4420 3.375075 3.375075 3.375075 0.026742 0.026742 0.026742
4430 3.375075 3.375075 3.375075 0.026742 0.026742 0.026742
4440 3.375075 3.375075 3.375075 0.026742 0.026742 0.026742
4450 3.375075 3.375075 3.375075 0.026742 0.026742 0.026742
4460 3.375075 3.375075 3.375075 0.026742 0.026742 0.026742
4470 3.375075 3.375075 3.375075 0.026742 0.026742 0.026742
4480 3.375075 3.375075 3.375075 0.026742 0.026742 0.026742
4490 3.375075 3.375075 3.375075 0.026742 0.026742 0.026742
4500 3.375075 3.375075 3.375075 0.026742 0.026742 0.026742
4510 3.375075 3.375075 3.375075 0.026742 0.026742 0.026742
4520 3.375075 3.375075 3.375075 0.026742 0.026742 0.026742
4530 3.375075 3.375075 3.375075 0.026742 0.026742 0.026742
4540 3.375075 3.375075 3.375075 0.026742 0.026742 0.026742
4550 3.375075 3.375075 3.375075 0.026742 0.026742 0.026742
4560 3.375075 3.375075 3.375075 0.026742 0.026742 0.026742
4570 3.375075 3.375075 3.375075 0.026742 0.026742 0.026742
4580 3.375075 3.375075 3.375075 0.026742 0.026742 0.026742
4590 3.375075 3.375075 3.375075 0.026742 0.026742 0.026742
4600 3.375075 3.375075 3.375075 0.026742 0.026742 0.026742
4610 3.375075 3.375075 3.375075 0.026742 0.026742 0.026742
4620 3.375075 3.375075 3.375075 0.026742 0.026742 0.026742
4630 3.375075 3.375075 3.375075 0.026742 0.026742 0.026742
4640 3.375075 3.375075 3.375075 0.026742 0.026742 0.026742
4650 3.375075 3.375075 3.375075 0.026742 0.026742 0.026742
4660 3.375075 3.375075 3.375075 0.026742 0.026742 0.026742
4670 3.375075 3.375075 3.375075 0.026742 0.026742 0.026742
4680 3.375075 3.375075 3.375075 0.026742 0.026742 0.026742
4690 3.375075 3.375075 3.375075 0.026742 0.026742 0.026742
4700 3.375075 3.375075 3.375075 0.026742 0.026742 0.026742
4710 3.375075 3.375075 3.375075 0.026742 0.026742 0.026742
4720 3.375075 3.375075 3.375075 0.026742 0.026742 0.026742
4730 3.375075 3.375075 3.375075 0.026742 0.026742 0.026742
4740 3.375075 3.375075 3.375075 0.026742 0.026742 0.026742
4750 3.375075 3.375075 3.375075 0.026742 0.026742 0.026742
4760 3.375075 3.375075 3.375075 0.026742 0.026742 0.026742
4770 3.375075 3.375075 3.375075 0.026742 0.026742 0.026742
4780 3.375075 3.375075 3.375075 0.026742 0.026742 0.026742
4790 3.375075 3.375075 3.375075 0.026742 0.026742 0.026742
4800 3.375075 3.375075 3.375075 0.026742 0.026742 0.026742
4810 3.375075 3.375075 3.375075 0.026742 0.026742 0.026742
4820 3.375075 3.375075 3.375075 0.026742 0.026742 0.026742
4830 3.375075 3.375075 3.375075 0.026742 0.026742 0.026742
4840 3.375075 3.375075 3.375075 0.026742 0.026742 0.026742
4850 3.375075 3.375075 3.375075 0.026742 0.026742 0.026742
4860 3.375075 3.375075 3.375075 0.026742 0.026742 0.026742
4870 3.375075 3.375075 3.375075 0.026742 0.026742 0.026742
4880 3.375075 3.375075 3.375075 0.026742 0.026742 0.026742
4890 3.375075 3.375075 3.375075 0.026742 0.026742 0.026742
4900 3.375075 3.375075 3.375075 0.026742 0.026742 0.026742
4910 3.375075 3.375075 3.375075 0.026742 0.026742 0.026742
4920 3.375075 3.375075 3.375075 0.026742 0.026742 0.026742
4930 3.375075 3.375075 3.375075 0.026742 0.026742 0.026742
4940 3.375075 3.375075 3.375075 0.026742 0.026742 0.026742
4950 3.375075 3.375075 3.375075 0.026742 0.026742 0.026742
4960 3.375075 3.375075 3.375075 0.026742 0.026742 0.026742
4970 3.375075 3.375075 3.375075 0.026742 0.026742 0.026742
4980 3.375075 3.375075 3.375075 0.026742 0.026742 0.026742
4990 3.375075 3.375075 3.375075 0.026742 0.026742 0.026742
5000 3.375075 3.375075 3.375075 0.026742 0.026742 0.026742
5010 3.375075 3.375075 3.375075 0.026742 0.026742 0.026742
5020 3.375075 3.375075 3.375075 0.026742 0.026742 0.026742
5030 3.375075 3.375075 3.375075 0.026742 0.026742 0.026742
5040 3.375075 3.375075 3.375075 0.026742 0.026742 0.026742
5050 3.375075 3.375075 3.375075 0.026742 0.026742 0.026742
5060 3.375075 3.375075 3.375075 0.026742 0.026742 0.026742
5070 3.375075 3.375075 3.375075 0.026742 0.026742 0.026742
5080 3.375075 3.375075 3.375075 0.026742 0.026742 0.026742
5090 3.375075 3.375075 3.375075 0.026742 0.026742 0.026742
5100 3.375075 3.375075 3.375075 0.026742 0.026742 0.026742
5110 3.375075 3.375075 3.375075 0.026742 0.026742 0.026742
5120 3.375075 3.375075 3.375075 0.026742 0.026742 0.026742
5130 3.375075 3.375075 3.375075 0.026742 0.026742 0.026742
5140 3.375075 3.375075 3.375075 0.026742 0.026742 0.026742
5150 3.375075 3.375075 3.375075 0.026742 0.026742 0.026742
5160 3.375075 3.375075 3.375075 0.026742 0.026742 0.026742
5170 3.375075 3.375075 3.375075 0.026742 0.026742 0.026742
5180 3.375075 3.375075 3.375075 0.026742 0.026742 0.026742
5190 3.375075 3.375075 3.375075 0.026742 0.026742 0.026742
5200 3.375075 3.375075 3.375075 0.026742 0.026742 0.026742
5210 3.375075 3.375075 3.375075 0.026742 0.026742 0.026742
5220 3.375075 3.375075 3.375075 0.026742 0.026742 0.026742
5230 3.375075 3.375075 3.375075 0.026742 0.026742 0.026742
5240 3.375075 3.375075 3.375075 0.026742 0.026742 0.026742
5250 3.375075 3.375075 3.375075 0.026742 0.026742 0.026742
5260 3.375075 3.375075 3.375075 0.026742 0.026742 0.026742
5270 3.375075 3.375075 3.375075 0.026742 0.026742 0.026742
5280 3.375075 3.375075 3.375075 0.026742 0.026742 0.026742
5290 3.375075 3.375075 3.375075 0.026742 0.026742 0.026742
5300 3.375075 3.375075 3.375075 0.026742 0.026742 0.026742
5310 3.375075 3.375075 3.375075 0.026742 0.026742 0.026742
5320 3.375075 3.375075 3.375075 0.026742 0.026742 0.026742
5330 3.375075 3.375075 3.375075 0.026742 0.026742 0.026742
5340 3.375075 3.375075 3.375075 0.026742 0.026742 0.026742
5350 3.375075 3.375075 3.375075 0.026742 0.026742 0.026742
5360 3.375075 3.375075 3.375075 0.026742 0.026742 0.026742
5370 3.375075 3.375075 3.375075 0.026742 0.026742 0.026742
5380 3.375075 3.375075 3.375075 0.026742 0.026742 0.026742
5390 3.375075 3.375075 3.375075 0.026742 0.026742 0.026742
5400 3.375075 3.375075 3.375075 0.026742 0.026742 0.026742
5410 3.375075 3.375075 3.375075 0.026742 0.026742 0.026742
5420 3.375075 3.375075 3.375075 0.026742 0.026742 0.026742
5430 3.375075 3.375075 3.375075 0.026742 0.026742 0.026742
5440 3.375075 3.375075 3.375075 0.026742 0.026742 0.026742
5450 3.375075 3.375075 3.375075 0.026742 0.026742 0.026742
5460 3.375075 3.375075 3.375075 0.026742 0.026742 0.026742
5470 3.375075 3.375075 3.375075 0.026742 0.026742 0.026742
5480 3.375075 3.375075 3.375075 0.026742 0.026742 0.026742
5490 3.375075 3.375075 3.375075 0.026742 0.026742 0.026742
5500 3.375075 3.375075 3.375075 0.026742 0.026742 0.026742
5510 3.375075 3.375075 3.375075 0.026742 0.026742 0.026742
5520 3.375075 3.375075 3.375075 0.026742 0.026742 0.026742
5530 3.375075 3.375075 3.375075 0.026742 0.026742 0.026742
5540 3.375075 3.375075 3.375075 0.026742 0.026742 0.026742
5550 3.375075 3.375075 3.375075 0.026742 0.026742 0.026742
5560 3.375075 3.375075 3.375075 0.026742 0.026742 0.026742
5570 3.375075 3.375075 3.375075 0.026742 0.026742 0.026742
5580 3.375075 3.375075 3.375075 0.026742 0.026742 0.026742
5590 3.375075 3.375075 3.375075 0.026742 0.026742 0.026742
5600 3.375075 3.375075 3.375075 0.026742 0.026742 0.026742
5610 3.375075 3.375075 3.375075 0.026742 0.026742 0.026742
5620 3.375075 3.375075 3.375075 0.026742 0.026742 0.026742
5630 3.375075 3.375075 3.375075 0.026742 0.026742 0.026742
5640 3.375075 3.375075 3.375075 0.026742 0.026742 0.026742
5650 3.375075 3.375075 3.375075 0.026742 0.026742 0.026742
5660 3.375075 3.375075 3.375075 0.026742 0.026742 0.026742
5670 3.375075 3.375075 3.375075 0.026742 0.026742 0.026742
5680 3.375075 3.375075 3.375075 0.026742 0.026742 0.026742
5690 3.375075 3.375075 3.375075 0.026742 0.026742 0.026742
5700 3.375075 3.375075 3.375075 0.026742 0.026742 0.026742
5710 3.375075 3.375075 3.375075 0.026742 0.026742 0.026742
5720 3.375075 3.375075 3.375075 0.026742 0.026742 0.026742
5730 3.375075 3.375075 3.375075 0.026742 0.026742 0.026742
5740 3.375075 3.375075 3.375075 0.026742 0.026742 0.026742
5750 3.375075 3.375075 3.375075 0.026742 0.026742 0.026742
5760 3.375075 3.375075 3.375075 0.026742 0.026742 0.026742
5770 3.375075 3.375075 3.375075 0.026742 0.026742 0.026742
5780 3.375075 3.375075 3.375075 0.026742 0.026742 0.026742
5790 3.375075 3.375075 3.375075 0.026742 0.026742 0.026742
5800 3.375075 3.375075 3.375075 0.026742 0.026742 0.026742
5810 3.375075 3.375075 3.375075 0.026742 0.026742 0.026742
5820 3.375075 3.375075 3.375075 0.026742 0.026742 0.026742
5830 3.375075 3.375075 3.375075 0.026742 0.026742 0.026742
5840 3.375075 3.375075 3.375075 0.026742 0.026742 0.026742
5850 3.375075 3.375075 3.375075 0.026742 0.026742 0.026742
5860 3.375075 3.375075 3.375075 0.026742 0.026742 0.026742
5870 3.375075 3.375075 3.375075 0.026742 0.026742 0.026742
5880 3.375075 3.375075 3.375075 0.026742 0.026742 0.026742
5890 3.375075 3.375075 3.375075 0.026742 0.026742 0.026742
5900 3.375075 3.375075 3.375075 0.026742 0.026742 0.026742
5910 3.375075 3.375075 3.375075 0.026742 0.026742 0.026742
5920 3.375075 3.375075 3.375075 0.026742 0.026742 0.026742
5930 3.375075 3.375075 3.375075 0.026742 0.026742 0.026742
5940 3.375075 3.375075 3.375075 0.026742 0.026742 0.026742
5950 3.375075 3.375075 3.375075 0.026742 0.026742 0.026742
5960 3.375075 3.375075 3.375075 0.026742 0.026742 0.026742
5970 3.375075 3.375075 3.375075 0.026742 0.026742 0.026742
5980 3.375075 3.375075 3.375075 0.026742 0.026742 0.026742
5990 3.375075 3.375075 3.375075 0.026742 0.026742 0.026742
6000 3.375075 3.375075 3.375075 0.026742 0.026742 0.026742
6010 3.375075 3.375075 3.375075 0.026742 0.026742 0.026742
6020 3.375075 3.375075 3.375075 0.026742 0.026742 0.026742
6030 3.375075 3.375075 3.375075 0.026742 0.026742 0.026742
6040 3.375075 3.375075 3.375075 0.026742 0.026742 0.026742
6050 3.375075 3.375075 3.375075 0.026742 0.026742 0.026742
6060 3.375075 3.375075 3.375075 0.026742 0.026742 0.026742
6070 3.375075 3.375075 3.375075 0.026742 0.026742 0.026742
6080 3.375075 3.375075 3.375075 0.026742 0.026742 0.026742
6090 3.375075 3.375075 3.375075 0.026742 0.026742 0.026742
6100 3.375075 3.375075 3.375075 0.026742 0.026742 0.026742
6110 3.375075 3.375075 3.375075 0.026742 0.026742 0.026742
6120 3.375075 3.375075 3.375075 0.026742 0.026742 0.026742
6130 3.375075 3.375075 3.375075 0.026742 0.026742 0.026742
6140 3.375075 3.375075 3.375075 0.026742 0.026742 0.026742
6150 3.375075 3.375075 3.375075 0.026742 0.026742 0.026742
6160 3.375075 3.375075 3.375075 0.026742 0.026742 0.026742
6170 3.375075 3.375075 3.375075 0.026742 0.026742 0.026742
6180 3.375075 3.375075 3.375075 0.026742 0.026742 0.026742
6190 3.375075 3.375075 3.375075 0.026742 0.026742 0.026742
6200 3.375075 3.375075 3.375075 0.026742 0.026742 0.026742
6210 3.375075 3.375075 3.375075 0.026742 0.026742 0.026742
6220 3.375075 3.375075 3.375075 0.026742 0.026742 0.026742
6230 3.375075 3.375075 3.375075 0.026742 0.026742 0.026742
6240 3.375075 3.375075 3.375075 0.026742 0.026742 0.026742
6250 3.375075 3.375075 3.375075 0.026742 0.026742 0.026742
6260 3.375075 3.375075 3.375075 0.026742 0.026742 0.026742
6270 3.375075 3.375075 3.375075 0.026742 0.026742 0.026742
6280 3.375075 3.375075 3.375075 0.026742 0.026742 0.026742
6290 3.375075 3.375075 3.375075 0.026742 0.026742 0.026742
6300 3.375075 3.375075 3.375075 0.026742 0.026742 0.026742
6310 3.375075 3.375075 3.375075 0.026742 0.026742 0.026742
6320 3.375075 3.375075 3.375075 0.026742 0.026742 0.026742
6330 3.375075 3.375075 3.375075 0.026742 0.026742 0.026742
6340 3.375075 3.375075 3.375075 0.026742 0.026742 0.026742
6350 3.375075 3.375075 3.375075 0.026742 0.026742 0.026742
6360 3.375075 3.375075 3.375075 0.026742 0.026742 0.026742
6370 3.375075 3.375075 3.375075 0.026742 0.026742 0.026742
6380 3.375075 3.375075 3.375075 0.026742 0.026742 0.026742
6390 3.375075 3.375075 3.375075 0.026742 0.026742 0.026742
6400 3.375075 3.375075 3.375075 0.026742 0.026742 0.026742
6410 3.375075 3.375075 3.375075 0.026742 0.026742 0.026742
6420 3.375075 3.375075 3.375075 0.026742 0.026742 0.026742
6430 3.375075 3.375075 3.375075 0.026742 0.026742 0.026742
6440 3.375075 3.375075 3.375075 0.026742 0.026742 0.026742
6450 3.375075 3.375075 3.375075 0.026742 0.026742 0.026742
6460 3.375075 3.375075 3.375075 0.026742 0.026742 0.026742
6470 3.375075 3.375075 3.375075 0.026742 0.026742 0.026742
6480 3.375075 3.375075 3.375075 0.026742 0.026742 0.026742
6490 3.375075 3.375075 3.375075 0.026742 0.026742 0.026742
6500 3.375075 3.375075 3.375075 0.026742 0.026742 0.026742
6510 3.375075 3.375075 3.375075 0.026742 0.026742 0.026742
6520 3.375075 3.375075 3.375075 0.026742 0.026742 0.026742
6530 3.375075 3.375075 3.375075 0.026742 0.026742 0.026742
6540 3.375075 3.375075 3.375075 0.026742 0.026742 0.026742
6550 3.375075 3.375075 3.375075 0.026742 0.026742 0.026742
6560 3.375075 3.375075 3.375075 0.026742 0.026742 0.026742
6570 3.375075 3.375075 3.375075 0.026742 0.026742 0.026742
6580 3.375075 3.375075 3.375075 0.026742 0.026742 0.026742
6590 3.375075 3.375075 3.375075 0.026742 0.026742 0.026742
6600 3.375075 3.375075 3.375075 0.026742 0.026742 0.026742
6610 3.375075 3.375075 3.375075 0.026742 0.026742 0.026742
6620 3.375075 3.375075 3.375075 0.026742 0.026742 0.026742
6630 3.375075 3.375075 3.375075 0.026742 0.026742 0.026742
6640 3.375075 3.375075 3.375075 0.026742 0.026742 0.026742
6650 3.375075 3.375075 3.375075 0.026742 0.026742 0.026742
6660 3.375075 3.375075 3.375075 0.026742 0.026742 0.026742
6670 3.375075 3.375075 3.375075 0.026742 0.026742 0.026742
6680 3.375075 3.375075 3.375075 0.026742 0.026742 0.026742
6690 3.375075 3.375075 3.375075 0.026742 0.026742 0.026742
6700 3.375075 3.375075 3.375075 0.026742 0.026742 0.026742
6710 3.375075 3.375075 3.375075 0.026742 0.026742 0.026742
6720 3.375075 3.375075 3.375075 0.026742 0.026742 0.026742
6730 3.375075 3.375075 3.375075 0.026742 0.026742 0.026742
6740 3.375075 3.375075 3.375075 0.026742 0.026742 0.026742
6750 3.375075 3.375075 3.375075 0.026742 0.026742 0.026742
6760 3.375075 3.375075 3.375075 0.026742 0.026742 0.026742
6770 3.375075 3.375075 3.375075 0.026742 0.026742 0.026742
6780 3.375075 3.375075 3.375075 0.026742 0.026742 0.026742
6790 3.375075 3.375075 3.375075 0.026742 0.026742 0.026742
6800 3.375075 3.375075 3.375075 0.026742 0.026742 0.026742
6810 3.375075 3.375075 3.375075 0.026742 0.026742 0.026742
6820 3.375075 3.375075 3.375075 0.026742 0.026742 0.026742
6830 3.375075 3.375075 3.375075 0.026742 0.026742 0.026742
6840 3.375075 3.375075 3.375075 0.026742 0.026742 0.026742
6850 3.375075 3.375075 3.375075 0.026742 0.026742 0.026742
6860 3.375075 3.375075 3.375075 0.026742 0.026742 0.026742
6870 3.375075 3.375075 3.375075 0.026742 0.026742 0.026742
6880 3.375075 3.375075 3.375075 0.026742 0.026742 0.026742
6890 3.375075 3.375075 3.375075 0.026742 0.026742 0.026742
6900 3.375075 3.375075 3.375075 0.026742 0.026742 0.026742
6910 3.375075 3.375075 3.375075 0.026742 0.026742 0.026742
6920 3.375075 3.375075 3.375075 0.026742 0.026742 0.026742
6930 3.375075 3.375075 3.375075 0.026742 0.026742 0.026742
6940 3.375075 3.375075 3.375075 0.026742 0.026742 0.026742
6950 3.375075 3.375075 3.375075 0.026742 0.026742 0.026742
6960 3.375075 3.375075 3.375075 0.026742 0.026742 0.026742
6970 3.375075 3.375075 3.375075 0.026742 0.026742 0.026742
6980 3.375075 3.375075 3.375075 0.026742 0.026742 0.026742
6990 3.375075 3.375075 3.375075 0.026742 0.026742 0.026742
7000 3.375075 3.375075 3.375075 0.026742 0.026742 0.026742
7010 3.375075 3.375075 3.375075 0.026742 0.026742 0.026742
7020 3.375075 3.375075 3.375075 0.026742 0.026742 0.026742
7030 3.375075 3.375075 3.375075 0.026742 0.026742 0.026742
7040 3.375075 3.375075 3.375075 0.026742 0.026742 0.026742
7050 3.375075 3.375075 3.375075 0.026742 0.026742 0.026742
7060 3.375075 3.375075 3.375075 0.026742 0.026742 0.026742
7070 3.375075 3.375075 3.375075 0.026742 0.026742 0.026742
7080 3.375075 3.375075 3.375075 0.026742 0.026742 0.026742
7090 3.375075 3.375075 3.375075 0.026742 0.026742 0.026742
7100 3.375075 3.375075 3.375075 0.026742 0.026742 0.026742
7110 3.375075 3.375075 3.375075 0.026742 0.026742 0.026742
7120 3.375075 3.375075 3.375075 0.026742 0.026742 0.026742
7130 3.375075 3.375075 3.375075 0.026742 0.026742 0.026742
7140 3.375075 3.375075 3.375075 0.026742 0.026742 0.026742
7150 3.375075 3.375075 3.375075 0.026742 0.026742 0.026742
7160 3.375075 3.375075 3.375075 0.026742 0.026742 0.026742
7170 3.375075 3.375075 3.375075 0.026742 0.026742 0.026742
7180 3.375075 3.375075 3.375075 0.026742 0.026742 0.026742
7190 3.375075 3.375075 3.375075 0.026742 0.026742 0.026742
7200 3.375075 3.375075 3.375075 0.026742 0.026742 0.026742
7210 3.375075 3.375075 3.375075 0.026742 0.026742 0.026742
7220 3.375075 3.375075 3.375075 0.026742 0.026742 0.026742
7230 3.375075 3.375075 3.375075 0.026742 0.026742 0.026742
7240 3.375075 3.375075 3.375075 0.026742 0.026742 0.026742
7250 3.375075 3.375075 3.375075 0.026742 0.026742 0.026742
7260 3.375075 3.375075 3.375075 0.026742 0.026742 0.026742
7270 3.375075 3.375075 3.375075 0.026742 0.026742 0.026742
7280 3.375075 3.375075 3.375075 0.026742 0.026742 0.026742
7290 3.375075 3.375075 3.375075 0.026742 0.026742 0.026742
7300 3.375075 3.375075 3.375075 0.026742 0.026742 0.026742
7310 3.375075 3.375075 3.375075 0.026742 0.026742 0.026742
7320 3.375075 3.375075 3.375075 0.026742 0.026742 0.026742
7330 3.375075 3.375075 3.375075 0.026742 0.026742 0.026742
7340 3.375075 3.375075 3.375075 0.026742 0.026742 0.026742
7350 3.375075 3.375075 3.375075 0.026742 0.026742 0.026742
7360 3.375075 3.375075 3.375075 0.026742 0.026742 0.026742
7370 3.375075 3.375075 3.375075 0.026742 0.026742 0.026742
7380 3.375075 3.375075 3.375075 0.026742 0.026742 0.026742
7390 3.375075 3.375075 3.375075 0.026742 0.026742 0.026742
7400 3.375075 3.375075 3.375075 0.026742 0.026742 0.026742
7410 3.375075 3.375075 3.375075 0.026742 0.026742 0.026742
7420 3.375075 3.375075 3.375075 0.026742 0.026742 0.026742
7430 3.375075 3.375075 3.375075 0.026742 0.026742 0.026742
7440 3.375075 3.375075 3.375075 0.026742 0.026742 0.026742
7450 3.375075 3.375075 3.375075 0.026742 0.026742 0.026742
7460 3.375075 3.375075 3.375075 0.026742 0.026742 0.026742
7470 3.375075 3.375075 3.375075 0.026742 0.026742 0.026742
7480 3.375075 3.375075 3.375075 0.026742 0.026742 0.026742
7490 3.375075 3.375075 3.375075 0.026742 0.026742 0.026742
7500 3.375075 3.375075 3.375075 0.026742 0.026742 0.026742
7510 3.375075 3.375075 3.375075 0.026742 0.026742 0.026742
7520 3.375075 3.375075 3.375075 0.026742 0.026742 0.026742
7530 3.375075 3.375075 3.375075 0.026742 0.026742 0.026742
7540 3.375075 3.375075 3.375075 0.026742 0.026742 0.026742
7550 3.375075 3.375075 3.375075 0.026742 0.026742 0.026742
7560 3.375075 3.375075 3.375075 0.026742 0.026742 0.026742
7570 3.375075 3.375075 3.375075 0.026742 0.026742 0.026742
7580 3.375075 3.375075 3.375075 0.026742 0.026742 0.026742
7590 3.375075 3.375075 3.375075 0.026742 0.026742 0.026742
7600 3.375075 3.375075 3.375075 0.026742 0.026742 0.026742
7610 3.375075 3.375075 3.375075 0.026742 0.026742 0.026742
7620 3.375075 3.375075 3.375075 0.026742 0.026742 0.026742
7630 3.375075 3.375075 3.375075 0.026742 0.026742 0.026742
7640 3.375075 3.375075 3.375075 0.026742 0.026742 0.026742
7650 3.375075 3.375075 3.375075 0.026742 0.026742 0.026742
7660 3.375075 3.375075 3.375075 0.026742 0.026742 0.026742
7670 3.375075 3.375075 3.375075 0.026742 0.026742 0.026742
7680 3.375075 3.375075 3.375075 0.026742 0.026742 0.026742
7690 3.375075 3.375075 3.375075 0.026742 0.026742 0.026742
7700 3.375075 3.375075 3.375075 0.026742 0.026742 0.026742
7710 3.375075 3.375075 3.375075 0.026742 0.026742 0.026742
7720 3.375075 3.375075 3.375075 0.026742 0.026742 0.026742
7730 3.375075 3.375075 3.375075 0.026742 0.026742 0.026742
7740 3.375075 3.375075 3.375075 0.026742 0.026742 0.026742
7750 3.375075 3.375075 3.375075 0.026742 0.026742 0.026742
7760 3.375075 3.375075 3.375075 0.026742 0.026742 0.026742
7770 3.375075 3.375075 3.375075 0.026742 0.026742 0.026742
7780 3.375075 3.375075 3.375075 0.026742 0.026742 0.026742
7790 3.375075 3.375075 3.375075 0.026742 0.026742 0.026742
7800 3.375075 3.375075 3.375075 0.026742 0.026742 0.026742
7810 3.375075 3.375075 3.375075 0.026742 0.026742 0.026742
7820 3.375075 3.375075 3.375075 0.026742 0.026742 0.026742
7830 3.375075 3.375075 3.375075 0.026742 0.026742 0.026742
7840 3.375075 3.375075 3.375075 0.026742 0.026742 0.026742
7850 3.375075 3.375075 3.375075 0.026742 0.026742 0.026742
7860 3.375075 3.375075 3.375075 0.026742 0.026742 0.026742
7870 3.375075 3.375075 3.375075 0.026742 0.026742 0.026742
7880 3.375075 3.375075 3.375075 0.026742 0.026742 0.026742
7890 3.375075 3.375075 3.375075 0.026742 0.026742 0.026742
7900 3.375075 3.375075 3.375075 0.026742 0.026742 0.026742
7910 3.375075 3.375075 3.375075 0.026742 0.026742 0.026742
7920 3.375075 3.375075 3.375075 0.026742 0.026742 0.026742
7930 3.375075 3.375075 3.375075 0.026742 0.026742 0.026742
7940 3.375075 3.375075 3.375075 0.026742 0.026742 0.026742
7950 3.375075 3.375075 3.375075 0.026742 0.026742 0.026742
7960 3.375075 3.375075 3.375075 0.026742 0.026742 0.026742
7970 3.375075 3.375075 3.375075 0.026742 0.026742 0.026742
7980 3.375075 3.375075 3.375075 0.026742 0.026742 0.026742
7990 3.375075 3.375075 3.375075 0.026742 0.026742 0.026742
8000 3.375075 3.375075 3.375075 0.026742 0.026742 0.026742
8010 3.375075 3.375075 3.375075 0.026742 0.026742 0.026742
8020 3.375075 3.375075 3.375075 0.026742 0.026742 0.026742
8030 3.375075 3.375075 3.375075 0.026742 0.026742 0.026742
8040 3.375075 3.375075 3.375075 0.026742 0.026742 0.026742
8050 3.375075 3.375075 3.375075 0.026742 0.026742 0.026742
8060 3.375075 3.375075 3.375075 0.026742 0.026742 0.026742
8070 3.375075 3.375075 3.375075 0.026742 0.026742 0.026742
8080 3.375075 3.375075 3.375075 0.026742 0.026742 0.026742
8090 3.375075 3.375075 3.375075 0.026742 0.026742 0.026742
8100 3.375075 3.375075 3.375075 0.026742 0.026742 0.026742
8110 3.375075 3.375075 3.375075 0.026742 0.026742 0.026742
8120 3.375075 3.375075 3.375075 0.026742 0.026742 0.026742
8130 3.375075 3.375075 3.375075 0.026742 0.026742 0.026742
8140 3.375075 3.375075 3.375075 0.026742 0.026742 0.026742
8150 3.375075 3.375075 3.375075 0.026742 0.026742 0.026742
8160 3.375075 3.375075 3.375075 0.026742 0.026742 0.026742
8170 3.375075 3.375075 3.375075 0.026742 0.026742 0.026742
8180 3.375075 3.375075 3.375075 0.026742 0.026742 0.026742
8190 3.375075 3.375075 3.375075 0.026742 0.026742 0.026742
8200 3.375075 3.375075 3.375075 0.026742 0.026742 0.026742
8210 3.375075 3.375075 3.375075 0.026742 0.026742 0.026742
8220 3.375075 3.375075 3.375075 0.026742 0.026742 0.026742
8230 3.375075 3.375075 3.375075 0.026742 0.026742 0.026742
8240 3.375075 3.375075 3.375075 0.026742 0.026742 0.026742
8250 3.375075 3.375075 3.375075 0.026742 0.026742 0.026742
8260 3.375075 3.375075 3.375075 0.026742 0.026742 0.026742
8270 3.375075 3.375075 3.375075 0.026742 0.026742 0.026742
8280 3.375075 3.375075 3.375075 0.026742 0.026742 0.026742
8290 3.375075 3.375075 3.375075 0.026742 0.026742 0.026742
8300 3.375075 3.375075 3.375075 0.026742 0.026742 0.026742
8310 3.375075 3.375075 3.375075 0.026742 0.026742 0.026742
8320 3.375075 3.375075 3.375075 0.026742 0.026742 0.026742
8330 3.375075 3.375075 3.375075 0.026742 0.026742 0.026742
8340 3.375075 3.375075 3.375075 0.026742 0.026742 0.026742
8350 3.375075 3.375075 3.375075 0.026742 0.026742 0.026742
8360 3.375075 3.375075 3.375075 0.026742 0.026742 0.026742
8370 3.375075 3.375075 3.375075 0.026742 0.026742 0.026742
8380 3.375075 3.375075 3.375075 0.026742 0.026742 0.026742
8390 3.375075 3.375075 3.375075 0.026742 0.026742 0.026742
8400 3.375075 3.375075 3.375075 0.026742 0.026742 0.026742
8410 3.375075 3.375075 3.375075 0.026742 0.026742 0.026742
8420 3.375075 3.375075 3.375075 0.026742 0.026742 0.026742
8430 3.375075 3.375075 3.375075 0.026742 0.026742 0.026742
8440 3.375075 3.375075 3.375075 0.026742 0.026742 0.026742
8450 3.375075 3.375075 3.375075 0.026742 0.026742 0.026742
8460 3.375075 3.375075 3.375075 0.026742 0.026742 0.026742
8470 3.375075 3.375075 3.375075 0.026742 0.026742 0.026742
8480 3.375075 3.375075 3.375075 0.026742 0.026742 0.026742
8490 3.375075 3.375075 3.375075 0.026742 0.026742 0.026742
8500 3.375075 3.375075 3.375075 0.026742 0.026742 0.026742
8510 3.375075 3.375075 3.375075 0.026742 0.026742 0.026742
8520 3.375075 3.375075 3.375075 0.026742 0.026742 0.026742
8530 3.375075 3.375075 3.375075 0.026742 0.026742 0.026742
8540 3.375075 3.375075 3.375075 0.026742 0.026742 0.026742
8550 3.375075 3.375075 3.375075 0.026742 0.026742 0.026742
8560 3.375075 3.375075 3.375075 0.026742 0.026742 0.026742
8570 3.375075 3.375075 3.375075 0.026742 0.026742 0.026742
8580 3.375075 3.375075 3.375075 0.026742 0.026742 0.026742
8590 3.375075 3.375075 3.375075 0.026742 0.026742 0.026742
8600 3.375075 3.375075 3.375075 0.026742 0.026742 0.026742
8610 3.375075 3.375075 3.375075 0.026742 0.026742 0.026742
8620 3.375075 3.375075 3.375075 0.026742 0.026742 0.026742
8630 3.375075 3.375075 3.375075 0.026742 0.026742 0.026742
8640 3.375075 3.375075 3.375075 0.026742 0.026742 0.026742
8650 3.375075 3.375075 3.375075 0.026742 0.026742 0.026742
8660 3.375075 3.375075 3.375075 0.026742 0.026742 0.026742
8670 3.375075 3.375075 3.375075 0.026742 0.026742 0.026742
8680 3.375075 3.375075 3.375075 0.026742 0.026742 0.026742
8690 3.375075 3.375075 3.375075 0.026742 0.026742 0.026742
8700 3.375075 3.375075 3.375075 0.026742 0.026742 0.026742
8710 3.375075 3.375075 3.375075 0.026742 0.026742 0.026742
8720 3.375075 3.375075 3.375075 0.026742 0.026742 0.026742
8730 3.375075 3.375075 3.375075 0.026742 0.026742 0.026742
8740 3.375075 3.375075 3.375075 0.026742 0.026742 0.026742
8750 3.375075 3.375075 3.375075 0.026742 0.026742 0.026742
8760 3.375075 3.375075 3.375075 0.026742 0.026742 0.026742
8770 3.375075 3.375075 3.375075 0.026742 0.026742 0.026742
8780 3.375075 3.375075 3.375075 0.026742 0.026742 0.026742
8790 3.375075 3.375075 3.375075 0.026742 0.026742 0.026742
8800 3.375075 3.375075 3.375075 0.026742 0.026742 0.026742
8810 3.375075 3.375075 3.375075 0.026742 0.026742 0.026742
8820 3.375075 3.375075 3.375075 0.026742 0.026742 0.026742
8830 3.375075 3.375075 3.375075 0.026742 0.026742 0.026742
8840 3.375075 3.375075 3.375075 0.026742 0.026742 0.026742
8850 3.375075 3.375075 3.375075 0.026742 0.026742 0.026742
8860 3.375075 3.375075 3.375075 0.026742 0.026742 0.026742
8870 3.375075 3.375075 3.375075 0.026742 0.026742 0.026742
8880 3.375075 3.375075 3.375075 0.026742 0.026742 0.026742
8890 3.375075 3.375075 3.375075 0.026742 0.026742 0.026742
8900 3.375075 3.375075 3.375075 0.026742 0.026742 0.026742
8910 3.375075 3.375075 3.375075 0.026742 0.026742 0.026742
8920 3.375075 3.375075 3.375075 0.026742 0.026742 0.026742
8930 3.375075 3.375075 3.375075 0.026742 0.026742 0.026742
8940 3.375075 3.375075 3.375075 0.026742 0.026742 0.026742
8950 3.375075 3.375075 3.375075 0.026742 0.026742 0.026742
8960 3.375075 3.375075 3.375075 0.026742 0.026742 0.026742
8970 3.375075 3.375075 3.375075 0.026742 0.026742 0.026742
8980 3.375075 3.375075 3.375075 0.026742 0.026742 0.026742
8990 3.375075 3.375075 3.375075 0.026742 0.026742 0.026742
9000 3.375075 3.375075 3.375075 0.026742 0.026742 0.026742
9010 3.375075 3.375075 3.375075 0.026742 0.026742 0.026742
9020 3.375075 3.375075 3.375075 0.026742 0.026742 0.026742
9030 3.375075 3.375075 3.375075 0.026742 0.026742 0.026742
9040 3.375075 3.375075 3.375075 0.026742 0.026742 0.026742
9050 3.375075 3.375075 3.375075 0.026742 0.026742 0.026742
9060 3.375075 3.375075 3.375075 0.026742 0.026742 0.026742
9070 3.375075 3.375075 3.375075 0.026742 0.026742 0.026742
9080 3.375075 3.375075 3.375075 0.026742 0.026742 0.026742
9090 3.375075 3.375075 3.375075 0.026742 0.026742 0.026742
9100 3.375075 3.375075 3.375075 0.026742 0.026742 0.026742
9110 3.375075 3.375075 3.375075 0.026742 0.026742 0.026742
9120 3.375075 3.375075 3.375075 0.026742 0.026742 0.026742
9130 3.375075 3.375075 3.375075 0.026742 0.026742 0.026742
9140 3.375075 3.375075 3.375075 0.026742 0.026742 0.026742
9150 3.375075 3.375075 3.375075 0.026742 0.026742 0.026742
9160 3.375075 3.375075 3.375075 0.026742 0.026742 0.026742
9170 3.375075 3.375075 3.375075 0.026742 0.026742 0.026742
9180 3.375075 3.375075 3.375075 0.026742 0.026742 0.026742
9190 3.375075 3.375075 3.375075 0.026742 0.026742 0.026742
9200 3.375075 3.375075 3.375075 0.026742 0.026742 0.026742
9210 3.375075 3.375075 3.375075 0.026742 0.026742 0.026742
9220 3.375075 3.375075 3.375075 0.026742 0.026742 0.026742
9230 3.375075 3.375075 3.375075 0.026742 0.026742 0.026742
9240 3.375075 3.375075 3.375075 0.026742 0.026742 0.026742
9250 3.375075 3.375075 3.375075 0.026742 0.026742 0.026742
9260 3.375075 3.375075 3.375075 0.026742 0.026742 0.026742
9270 3.375075 3.375075 3.375075 0.026742 0.026742 0.026742
9280 3.375075 3.375075 3.375075 0.026742 0.026742 0.026742
9290 3.375075 3.375075 3.375075 0.026742 0.026742 0.026742
9300 3.375075 3.375075 3.375075 0.026742 0.026742 0.026742
9310 3.375075 3.375075 3.375075 0.026742 0.026742 0.026742
9320 3.375075 3.375075 3.375075 0.026742 0.026742 0.026742
9330 3.375075 3.375075 3.375075 0.026742 0.026742 0.026742
9340 3.375075 3.375075 3.375075 0.026742 0.026742 0.026742
9350 3.375075 3.375075 3.375075 0.026742 0.026742 0.026742
9360 3.375075 3.375075 3.375075 0.026742 0.026742 0.026742
9370 3.375075 3.375075 3.375075 0.026742 0.026742 0.026742
9380 3.375075 3.375075 3.375075 0.026742 0.026742 0.026742
9390 3.375075 3.375075 3.375075 0.026742 0.026742 0.026742
9400 3.375075 3.375075 3.375075 0.026742 0.026742 0.026742
9410 3.375075 3.375075 3.375075 0.026742 0.026742 0.026742
9420 3.375075 3.375075 3.375075 0.026742 0.026742 0.026742
9430 3.375075 3.375075 3.375075 0.026742 0.026742 0.026742
9440 3.375075 3.375075 3.375075 0.026742 0.026742 0.026742
9450 3.375075 3.375075 3.375075 0.026742 0.026742 0.026742
9460 3.375075 3.375075 3.375075 0.026742 0.026742 0.026742
9470 3.375075 3.375075 3.375075 0.026742 0.026742 0.026742
9480 3.375075 3.375075 3.375075 0.026742 0.026742 0.026742
9490 3.375075 3.375075 3.375075 0.026742 0.026742 0.026742
9500 3.375075 3.375075 3.375075 0.026742 0.026742 0.026742
9510 3.375075 3.375075 3.375075 0.026742 0.026742 0.026742
9520 3.375075 3.375075 3.375075 0.026742 0.026742 0.026742
9530 3.375075 3.375075 3.375075 0.026742 0.026742 0.026742
9540 3.375075 3.375075 3.375075 0.026742 0.026742 0.026742
9550 3.375075 3.375075 3.375075 0.026742 0.026742 0.026742
9560 3.375075 3.375075 3.375075 0.026742 0.026742 0.026742
9570 3.375075 3.375075 3.375075 0.026742 0.026742 0.026742
9580 3.375075 3.375075 3.375075 0.026742 0.026742 0.026742
9590 3.375075 3.375075 3.375075 0.026742 0.026742 0.026742
9600 3.375075 3.375075 3.375075 0.026742 0.026742 0.026742
9610 3.375075 3.375075 3.375075 0.026742 0.026742 0.026742
9620 3.375075 3.375075 3.375075 0.026742 0.026742 0.026742
9630 3.375075 3.375075 3.375075 0.026742 0.026742 0.026742
9640 3.375075 3.375075 3.375075 0.026742 0.026742 0.026742
9650 3.375075 3.375075 3.375075 0.026742 0.026742 0.026742
9660 3.375075 3.375075 3.375075 0.026742 0.026742 0.026742
9670 3.375075 3.375075 3.375075 0.026742 0.026742 0.026742
9680 3.375075 3.375075 3.375075 0.026742 0.026742 0.026742
9690 3.375075 3.375075 3.375075 0.026742 0.026742 0.026742
9700 3.375075 3.375075 3.375075 0.026742 0.026742 0.026742
9710 3.375075 3.375075 3.375075 0.026742 0.026742 0.026742
9720 3.375075 3.375075 3.375075 0.026742 0.026742 0.026742
9730 3.375075 3.375075 3.375075 0.026742 0.026742 0.026742
9740 3.375075 3.375075 3.375075 0.026742 0.026742 0.026742
9750 3.375075 3.375075 3.375075 0.026742 0.026742 0.026742
9760 3.375075 3.375075 3.375075 0.026742 0.026742 0.026742
9770 3.375075 3.375075 3.375075 0.026742 0.026742 0.026742
9780 3.375075 3.375075 3.375075 0.026742 0.026742 0.026742
9790 3.375075 3.375075 3.375075 0.026742 0.026742 0.026742
9800 3.375075 3.375075 3.375075 0.026742 0.026742 0.026742
9810 3.375075 3.375075 3.375075 0.026742 0.026742 0.026742
9820 3.375075 3.375075 3.375075 0.026742 0.026742 0.026742
9830 3.375075 3.375075 3.375075 0.026742 0.026742 0.026742
9840 3.375075 3.375075 3.375075 0.026742 0.026742 0.026742
9850 3.375075 3.375075 3.375075 0.026742 0.026742 0.026742
9860 3.375075 3.375075 3.375075 0.026742 0.026742 0.026742
9870 3.375075 3.375075 3.375075 0.026742 0.026742 0.026742
9880 3.375075 3.375075 3.375075 0.026742 0.026742 0.026742
9890 3.375075 3.375075 3.375075 0.026742 0.026742 0.026742
9900 3.375075 3.375075 3.375075 0.026742 0.026742 0.026742
9910 3.375075 3.375075 3.375075 0.026742 0.026742 0.026742
9920 3.375075 3.375075 3.375075 0.026742 0.026742 0.026742
9930 3.375075 3.375075 3.375075 0.026742 0.026742 0.026742
9940 3.375075 3.375075 3.375075 0.026742 0.026742 0.026742
9950 3.375075 3.375075 3.375075 0.026742 0.026742 0.026742
9960 3.375075 3.375075 3.375075 0.026742 0.026742 0.026742
9970 3.375075 3.375075 3.375075 0.026742 0.026742 0.026742
9980 3.375075 3.375075 3.375075 0.026742 0.026742 0.026742
9990 3.375075 3.375075 3.375075 0.026742 0.026742 0.026742
10000 3.396500 3.396500 3.396500 0.027222 0.027222 0.027222
