# generation power_min power_avg power_max util_min util_avg util_max
1 5.468108 6.714791 8.359943 0.143301 0.210987 0.290260
10 5.468108 6.559161 7.619153 0.143301 0.212248 0.290260
20 5.076647 6.404238 7.274211 0.152587 0.213306 0.290260
30 5.076647 6.266799 7.017858 0.152587 0.210878 0.290260
40 5.076647 6.140378 6.832265 0.149817 0.209224 0.290260
50 4.965870 6.006686 6.656750 0.149817 0.210054 0.290260
60 4.965870 5.894513 6.512272 0.149817 0.207851 0.271512
70 4.728019 5.767509 6.384179 0.149817 0.208889 0.271512
80 4.728019 5.659705 6.272165 0.142083 0.207313 0.271512
90 4.728019 5.546659 6.190443 0.142083 0.208781 0.277610
100 4.728019 5.444856 6.030713 0.142083 0.206806 0.277610
110 4.626115 5.345254 5.927262 0.142083 0.208135 0.277610
120 4.343641 5.228203 5.827125 0.142083 0.206444 0.277610
130 4.343641 5.124080 5.685527 0.142083 0.207324 0.277610
140 4.343641 5.043320 5.536234 0.142083 0.209101 0.277610
150 4.335537 4.963007 5.420669 0.142083 0.210233 0.277610
160 4.047456 4.869264 5.330244 0.142083 0.210478 0.277610
170 3.767868 4.780644 5.256150 0.142083 0.209794 0.277610
180 3.767868 4.696638 5.188179 0.148747 0.211086 0.265406
190 3.767868 4.610790 5.029892 0.148747 0.208815 0.275052
200 3.767868 4.528673 4.952174 0.153513 0.208362 0.275052
210 3.767868 4.448331 4.923483 0.150422 0.207133 0.275052
220 3.614214 4.364206 4.825531 0.150422 0.208124 0.276841
230 3.614214 4.277939 4.740995 0.150422 0.208265 0.276841
240 3.595994 4.203597 4.633052 0.150422 0.209529 0.276841
250 3.582935 4.133392 4.543971 0.150422 0.209841 0.276841
260 3.570083 4.077203 4.470584 0.150422 0.209797 0.276841
270 3.524646 4.014852 4.383800 0.150422 0.210096 0.276841
280 3.353783 3.947648 4.316933 0.150422 0.206698 0.276841
290 3.312230 3.879895 4.250080 0.150422 0.202163 0.276841
300 3.241694 3.818222 4.214645 0.150422 0.197937 0.276841
310 3.155639 3.745122 4.132164 0.150422 0.195813 0.276841
320 3.125797 3.686315 4.047456 0.150422 0.190081 0.262456
330 3.125797 3.639217 3.917452 0.142698 0.187325 0.244256
340 3.125797 3.590832 3.851564 0.142698 0.185824 0.244256
350 3.125797 3.535060 3.800166 0.142698 0.183791 0.242193
360 3.107145 3.484430 3.755343 0.142698 0.183143 0.242193
370 3.035172 3.429958 3.717929 0.142698 0.180806 0.231179
380 3.035172 3.382175 3.663323 0.142698 0.178642 0.221559
390 3.026137 3.331105 3.618199 0.142698 0.178524 0.221559
400 2.984649 3.282198 3.577776 0.142698 0.177575 0.216304
410 2.984649 3.234930 3.508910 0.142698 0.176783 0.216304
420 2.901280 3.189810 3.445796 0.153371 0.175974 0.216304
430 2.899348 3.154422 3.357871 0.153371 0.176412 0.216304
440 2.895388 3.123090 3.330652 0.153371 0.176802 0.216304
450 2.877991 3.090764 3.262634 0.153371 0.176535 0.216304
460 2.855143 3.062351 3.217872 0.153371 0.176756 0.216304
470 2.788067 3.034606 3.165577 0.156501 0.177197 0.216304
480 2.771101 3.006858 3.141762 0.156501 0.177570 0.216304
490 2.762593 2.980812 3.124326 0.156907 0.178497 0.216304
500 2.762593 2.956134 3.101978 0.162583 0.178308 0.197595
510 2.762593 2.934292 3.077290 0.162583 0.178151 0.197595
520 2.759040 2.909873 3.049155 0.162583 0.178076 0.197595
530 2.717759 2.884770 3.026137 0.162583 0.178810 0.197595
540 2.717759 2.862176 3.002292 0.162583 0.179454 0.197595
550 2.712157 2.839586 2.963770 0.162583 0.179976 0.197595
560 2.712157 2.822684 2.928549 0.165611 0.181262 0.196908
570 2.712157 2.806893 2.899348 0.165611 0.181870 0.196908
580 2.625239 2.790058 2.869113 0.165611 0.182607 0.196908
590 2.625239 2.776440 2.854192 0.165611 0.182435 0.196908
600 2.613822 2.765144 2.825506 0.169790 0.183044 0.196908
610 2.613822 2.754030 2.821797 0.169790 0.183891 0.196908
620 2.599136 2.740944 2.812430 0.169790 0.184271 0.196908
630 2.599136 2.731374 2.788391 0.169790 0.184973 0.196908
640 2.599136 2.722682 2.786328 0.169790 0.185505 0.196908
650 2.598286 2.711499 2.768224 0.169790 0.185962 0.196162
660 2.572831 2.699020 2.756363 0.169790 0.186012 0.196162
670 2.572831 2.686959 2.742831 0.169790 0.186291 0.196162
680 2.572831 2.676649 2.735578 0.169790 0.186873 0.196162
690 2.550723 2.663831 2.735578 0.169790 0.187619 0.196162
700 2.550723 2.651136 2.717759 0.176603 0.188216 0.196162
710 2.550723 2.639881 2.712157 0.176603 0.188288 0.192213
720 2.550723 2.626594 2.697501 0.176603 0.187924 0.192213
730 2.550723 2.615641 2.691696 0.176603 0.188011 0.192213
740 2.550723 2.605223 2.658028 0.176603 0.187709 0.192213
750 2.550723 2.597378 2.653296 0.176603 0.187935 0.192213
760 2.549692 2.588676 2.618067 0.176603 0.187389 0.192213
770 2.549692 2.584285 2.613822 0.177646 0.186802 0.192213
780 2.549692 2.579034 2.613337 0.177646 0.185785 0.192067
790 2.549692 2.573686 2.612791 0.177646 0.184793 0.192007
800 2.549110 2.568151 2.599136 0.177646 0.183727 0.189597
810 2.549110 2.564126 2.591774 0.177646 0.182963 0.189468
820 2.549110 2.560501 2.573862 0.177646 0.182134 0.185374
830 2.549110 2.558109 2.573862 0.177646 0.181590 0.185374
840 2.549110 2.555780 2.572831 0.177646 0.181055 0.185305
850 2.549110 2.553475 2.572831 0.177646 0.180519 0.185305
860 2.549110 2.551187 2.572831 0.177646 0.179983 0.185305
870 2.549110 2.550045 2.550723 0.179898 0.179961 0.180171
880 2.549110 2.549937 2.550723 0.179898 0.179957 0.180171
890 2.549110 2.549813 2.550723 0.179898 0.179958 0.180171
900 2.549110 2.549678 2.550723 0.179898 0.179963 0.180171
910 2.549110 2.549542 2.550196 0.179898 0.179967 0.180171
920 2.549110 2.549486 2.549692 0.179898 0.179965 0.180102
930 2.549110 2.549436 2.549692 0.179898 0.179981 0.180102
940 2.549110 2.549381 2.549692 0.179898 0.179997 0.180102
950 2.549110 2.549324 2.549692 0.179898 0.180011 0.180102
960 2.549110 2.549268 2.549692 0.179898 0.180026 0.180102
970 2.549110 2.549210 2.549692 0.179898 0.180038 0.180102
980 2.549110 2.549152 2.549692 0.179898 0.180050 0.180102
990 2.549110 2.549132 2.549166 0.180014 0.180048 0.180102
1000 2.549110 2.549126 2.549166 0.180014 0.180039 0.180102
1010 2.549110 2.549121 2.549166 0.180014 0.180031 0.180102
1020 2.549110 2.549115 2.549166 0.180014 0.180022 0.180102
1030 2.549110 2.549110 2.549110 0.180014 0.180014 0.180014
1040 2.549110 2.549110 2.549110 0.180014 0.180014 0.180014
1050 2.549110 2.549110 2.549110 0.180014 0.180014 0.180014
1060 2.549110 2.549110 2.549110 0.180014 0.180014 0.180014
1070 2.549110 2.549110 2.549110 0.180014 0.180014 0.180014
1080 2.549110 2.549110 2.549110 0.180014 0.180014 0.180014
1090 2.549110 2.549110 2.549110 0.180014 0.180014 0.180014
1100 2.549110 2.549110 2.549110 0.180014 0.180014 0.180014
1110 2.549110 2.549110 2.549110 0.180014 0.180014 0.180014
1120 2.549110 2.549110 2.549110 0.180014 0.180014 0.180014
1130 2.549110 2.549110 2.549110 0.180014 0.180014 0.180014
1140 2.549110 2.549110 2.549110 0.180014 0.180014 0.180014
1150 2.549110 2.549110 2.549110 0.180014 0.180014 0.180014
1160 2.549110 2.549110 2.549110 0.180014 0.180014 0.180014
1170 2.549110 2.549110 2.549110 0.180014 0.180014 0.180014
1180 2.549110 2.549110 2.549110 0.180014 0.180014 0.180014
1190 2.549110 2.549110 2.549110 0.180014 0.180014 0.180014
1200 2.549110 2.549110 2.549110 0.180014 0.180014 0.180014
1210 2.549110 2.549110 2.549110 0.180014 0.180014 0.180014
1220 2.549110 2.549110 2.549110 0.180014 0.180014 0.180014
1230 2.549110 2.549110 2.549110 0.180014 0.180014 0.180014
1240 2.549110 2.549110 2.549110 0.180014 0.180014 0.180014
1250 2.549110 2.549110 2.549110 0.180014 0.180014 0.180014
1260 2.549110 2.549110 2.549110 0.180014 0.180014 0.180014
1270 2.549110 2.549110 2.549110 0.180014 0.180014 0.180014
1280 2.549110 2.549110 2.549110 0.180014 0.180014 0.180014
1290 2.549110 2.549110 2.549110 0.180014 0.180014 0.180014
1300 2.549110 2.549110 2.549110 0.180014 0.180014 0.180014
1310 2.549110 2.549110 2.549110 0.180014 0.180014 0.180014
1320 2.549110 2.549110 2.549110 0.180014 0.180014 0.180014
1330 2.549110 2.549110 2.549110 0.180014 0.180014 0.180014
1340 2.549110 2.549110 2.549110 0.180014 0.180014 0.180014
1350 2.549110 2.549110 2.549110 0.180014 0.180014 0.180014
1360 2.549110 2.549110 2.549110 0.180014 0.180014 0.180014
1370 2.549110 2.549110 2.549110 0.180014 0.180014 0.180014
1380 2.549110 2.549110 2.549110 0.180014 0.180014 0.180014
1390 2.549110 2.549110 2.549110 0.180014 0.180014 0.180014
1400 2.549110 2.549110 2.549110 0.180014 0.180014 0.180014
1410 2.549110 2.549110 2.549110 0.180014 0.180014 0.180014
1420 2.549110 2.549110 2.549110 0.180014 0.180014 0.180014
1430 2.549110 2.549110 2.549110 0.180014 0.180014 0.180014
1440 2.549110 2.549110 2.549110 0.180014 0.180014 0.180014
1450 2.549110 2.549110 2.549110 0.180014 0.180014 0.180014
1460 2.549110 2.549110 2.549110 0.180014 0.180014 0.180014
1470 2.549110 2.549110 2.549110 0.180014 0.180014 0.180014
1480 2.549110 2.549110 2.549110 0.180014 0.180014 0.180014
1490 2.549110 2.549110 2.549110 0.180014 0.180014 0.180014
1500 2.549110 2.549110 2.549110 0.180014 0.180014 0.180014
1510 2.549110 2.549110 2.549110 0.180014 0.180014 0.180014
1520 2.549110 2.549110 2.549110 0.180014 0.180014 0.180014
1530 2.549110 2.549110 2.549110 0.180014 0.180014 0.180014
1540 2.549110 2.549110 2.549110 0.180014 0.180014 0.180014
1550 2.549110 2.549110 2.549110 0.180014 0.180014 0.180014
1560 2.549110 2.549110 2.549110 0.180014 0.180014 0.180014
1570 2.549110 2.549110 2.549110 0.180014 0.180014 0.180014
1580 2.549110 2.549110 2.549110 0.180014 0.180014 0.180014
1590 2.549110 2.549110 2.549110 0.180014 0.180014 0.180014
1600 2.549110 2.549110 2.549110 0.180014 0.180014 0.180014
1610 2.549110 2.549110 2.549110 0.180014 0.180014 0.180014
1620 2.549110 2.549110 2.549110 0.180014 0.180014 0.180014
1630 2.549110 2.549110 2.549110 0.180014 0.180014 0.180014
1640 2.549110 2.549110 2.549110 0.180014 0.180014 0.180014
1650 2.549110 2.549110 2.549110 0.180014 0.180014 0.180014
1660 2.549110 2.549110 2.549110 0.180014 0.180014 0.180014
1670 2.549110 2.549110 2.549110 0.180014 0.180014 0.180014
1680 2.549110 2.549110 2.549110 0.180014 0.180014 0.180014
1690 2.549110 2.549110 2.549110 0.180014 0.180014 0.180014
1700 2.549110 2.549110 2.549110 0.180014 0.180014 0.180014
1710 2.549110 2.549110 2.549110 0.180014 0.180014 0.180014
1720 2.549110 2.549110 2.549110 0.180014 0.180014 0.180014
1730 2.549110 2.549110 2.549110 0.180014 0.180014 0.180014
1740 2.549110 2.549110 2.549110 0.180014 0.180014 0.180014
1750 2.549110 2.549110 2.549110 0.180014 0.180014 0.180014
1760 2.549110 2.549110 2.549110 0.180014 0.180014 0.180014
1770 2.549110 2.549110 2.549110 0.180014 0.180014 0.180014
1780 2.549110 2.549110 2.549110 0.180014 0.180014 0.180014
1790 2.549110 2.549110 2.549110 0.180014 0.180014 0.180014
1800 2.549110 2.549110 2.549110 0.180014 0.180014 0.180014
1810 2.549110 2.549110 2.549110 0.180014 0.180014 0.180014
1820 2.549110 2.549110 2.549110 0.180014 0.180014 0.180014
1830 2.549110 2.549110 2.549110 0.180014 0.180014 0.180014
1840 2.549110 2.549110 2.549110 0.180014 0.180014 0.180014
1850 2.549110 2.549110 2.549110 0.180014 0.180014 0.180014
1860 2.549110 2.549110 2.549110 0.180014 0.180014 0.180014
1870 2.549110 2.549110 2.549110 0.180014 0.180014 0.180014
1880 2.549110 2.549110 2.549110 0.180014 0.180014 0.180014
1890 2.549110 2.549110 2.549110 0.180014 0.180014 0.180014
1900 2.549110 2.549110 2.549110 0.180014 0.180014 0.180014
1910 2.549110 2.549110 2.549110 0.180014 0.180014 0.180014
1920 2.549110 2.549110 2.549110 0.180014 0.180014 0.180014
1930 2.549110 2.549110 2.549110 0.180014 0.180014 0.180014
1940 2.549110 2.549110 2.549110 0.180014 0.180014 0.180014
1950 2.549110 2.549110 2.549110 0.180014 0.180014 0.180014
1960 2.549110 2.549110 2.549110 0.180014 0.180014 0.180014
1970 2.549110 2.549110 2.549110 0.180014 0.180014 0.180014
1980 2.549110 2.549110 2.549110 0.180014 0.180014 0.180014
1990 2.549110 2.549110 2.549110 0.180014 0.180014 0.180014
2000 2.549110 2.549110 2.549110 0.180014 0.180014 0.180014
2010 2.549110 2.549110 2.549110 0.180014 0.180014 0.180014
2020 2.549110 2.549110 2.549110 0.180014 0.180014 0.180014
2030 2.549110 2.549110 2.549110 0.180014 0.180014 0.180014
2040 2.549110 2.549110 2.549110 0.180014 0.180014 0.180014
2050 2.549110 2.549110 2.549110 0.180014 0.180014 0.180014
2060 2.549110 2.549110 2.549110 0.180014 0.180014 0.180014
2070 2.549110 2.549110 2.549110 0.180014 0.180014 0.180014
2080 2.549110 2.549110 2.549110 0.180014 0.180014 0.180014
2090 2.549110 2.549110 2.549110 0.180014 0.180014 0.180014
2100 2.549110 2.549110 2.549110 0.180014 0.180014 0.180014
2110 2.549110 2.549110 2.549110 0.180014 0.180014 0.180014
2120 2.549110 2.549110 2.549110 0.180014 0.180014 0.180014
2130 2.549110 2.549110 2.549110 0.180014 0.180014 0.180014
2140 2.549110 2.549110 2.549110 0.180014 0.180014 0.180014
2150 2.549110 2.549110 2.549110 0.180014 0.180014 0.180014
2160 2.549110 2.549110 2.549110 0.180014 0.180014 0.180014
2170 2.549110 2.549110 2.549110 0.180014 0.180014 0.180014
2180 2.549110 2.549110 2.549110 0.180014 0.180014 0.180014
2190 2.549110 2.549110 2.549110 0.180014 0.180014 0.180014
2200 2.549110 2.549110 2.549110 0.180014 0.180014 0.180014
2210 2.549110 2.549110 2.549110 0.180014 0.180014 0.180014
2220 2.549110 2.549110 2.549110 0.180014 0.180014 0.180014
2230 2.549110 2.549110 2.549110 0.180014 0.180014 0.180014
2240 2.549110 2.549110 2.549110 0.180014 0.180014 0.180014
2250 2.549110 2.549110 2.549110 0.180014 0.180014 0.180014
2260 2.549110 2.549110 2.549110 0.180014 0.180014 0.180014
2270 2.549110 2.549110 2.549110 0.180014 0.180014 0.180014
2280 2.549110 2.549110 2.549110 0.180014 0.180014 0.180014
2290 2.549110 2.549110 2.549110 0.180014 0.180014 0.180014
2300 2.549110 2.549110 2.549110 0.180014 0.180014 0.180014
2310 2.549110 2.549110 2.549110 0.180014 0.180014 0.180014
2320 2.549110 2.549110 2.549110 0.180014 0.180014 0.180014
2330 2.549110 2.549110 2.549110 0.180014 0.180014 0.180014
2340 2.549110 2.549110 2.549110 0.180014 0.180014 0.180014
2350 2.549110 2.549110 2.549110 0.180014 0.180014 0.180014
2360 2.549110 2.549110 2.549110 0.180014 0.180014 0.180014
2370 2.549110 2.549110 2.549110 0.180014 0.180014 0.180014
2380 2.549110 2.549110 2.549110 0.180014 0.180014 0.180014
2390 2.549110 2.549110 2.549110 0.180014 0.180014 0.180014
2400 2.549110 2.549110 2.549110 0.180014 0.180014 0.180014
2410 2.549110 2.549110 2.549110 0.180014 0.180014 0.180014
2420 2.549110 2.549110 2.549110 0.180014 0.180014 0.180014
2430 2.549110 2.549110 2.549110 0.180014 0.180014 0.180014
2440 2.549110 2.549110 2.549110 0.180014 0.180014 0.180014
2450 2.549110 2.549110 2.549110 0.180014 0.180014 0.180014
2460 2.549110 2.549110 2.549110 0.180014 0.180014 0.180014
2470 2.549110 2.549110 2.549110 0.180014 0.180014 0.180014
2480 2.549110 2.549110 2.549110 0.180014 0.180014 0.180014
2490 2.549110 2.549110 2.549110 0.180014 0.180014 0.180014
2500 2.549110 2.549110 2.549110 0.180014 0.180014 0.180014
2510 2.549110 2.549110 2.549110 0.180014 0.180014 0.180014
2520 2.549110 2.549110 2.549110 0.180014 0.180014 0.180014
2530 2.549110 2.549110 2.549110 0.180014 0.180014 0.180014
2540 2.549110 2.549110 2.549110 0.180014 0.180014 0.180014
2550 2.549110 2.549110 2.549110 0.180014 0.180014 0.180014
2560 2.549110 2.549110 2.549110 0.180014 0.180014 0.180014
2570 2.549110 2.549110 2.549110 0.180014 0.180014 0.180014
2580 2.549110 2.549110 2.549110 0.180014 0.180014 0.180014
2590 2.549110 2.549110 2.549110 0.180014 0.180014 0.180014
2600 2.549110 2.549110 2.549110 0.180014 0.180014 0.180014
2610 2.549110 2.549110 2.549110 0.180014 0.180014 0.180014
2620 2.549110 2.549110 2.549110 0.180014 0.180014 0.180014
2630 2.549110 2.549110 2.549110 0.180014 0.180014 0.180014
2640 2.549110 2.549110 2.549110 0.180014 0.180014 0.180014
2650 2.549110 2.549110 2.549110 0.180014 0.180014 0.180014
2660 2.549110 2.549110 2.549110 0.180014 0.180014 0.180014
2670 2.549110 2.549110 2.549110 0.180014 0.180014 0.180014
2680 2.549110 2.549110 2.549110 0.180014 0.180014 0.180014
2690 2.549110 2.549110 2.549110 0.180014 0.180014 0.180014
2700 2.549110 2.549110 2.549110 0.180014 0.180014 0.180014
2710 2.549110 2.549110 2.549110 0.180014 0.180014 0.180014
2720 2.549110 2.549110 2.549110 0.180014 0.180014 0.180014
2730 2.549110 2.549110 2.549110 0.180014 0.180014 0.180014
2740 2.549110 2.549110 2.549110 0.180014 0.180014 0.180014
2750 2.549110 2.549110 2.549110 0.180014 0.180014 0.180014
2760 2.549110 2.549110 2.549110 0.180014 0.180014 0.180014
2770 2.549110 2.549110 2.549110 0.180014 0.180014 0.180014
2780 2.549110 2.549110 2.549110 0.180014 0.180014 0.180014
2790 2.549110 2.549110 2.549110 0.180014 0.180014 0.180014
2800 2.549110 2.549110 2.549110 0.180014 0.180014 0.180014
2810 2.549110 2.549110 2.549110 0.180014 0.180014 0.180014
2820 2.549110 2.549110 2.549110 0.180014 0.180014 0.180014
2830 2.549110 2.549110 2.549110 0.180014 0.180014 0.180014
2840 2.549110 2.549110 2.549110 0.180014 0.180014 0.180014
2850 2.549110 2.549110 2.549110 0.180014 0.180014 0.180014
2860 2.549110 2.549110 2.549110 0.180014 0.180014 0.180014
2870 2.549110 2.549110 2.549110 0.180014 0.180014 0.180014
2880 2.549110 2.549110 2.549110 0.180014 0.180014 0.180014
2890 2.549110 2.549110 2.549110 0.180014 0.180014 0.180014
2900 2.549110 2.549110 2.549110 0.180014 0.180014 0.180014
2910 2.549110 2.549110 2.549110 0.180014 0.180014 0.180014
2920 2.549110 2.549110 2.549110 0.180014 0.180014 0.180014
2930 2.549110 2.549110 2.549110 0.180014 0.180014 0.180014
2940 2.549110 2.549110 2.549110 0.180014 0.180014 0.180014
2950 2.549110 2.549110 2.549110 0.180014 0.180014 0.180014
2960 2.549110 2.549110 2.549110 0.180014 0.180014 0.180014
2970 2.549110 2.549110 2.549110 0.180014 0.180014 0.180014
2980 2.549110 2.549110 2.549110 0.180014 0.180014 0.180014
2990 2.549110 2.549110 2.549110 0.180014 0.180014 0.180014
3000 2.549110 2.549110 2.549110 0.180014 0.180014 0.180014
3010 2.549110 2.549110 2.549110 0.180014 0.180014 0.180014
3020 2.549110 2.549110 2.549110 0.180014 0.180014 0.180014
3030 2.549110 2.549110 2.549110 0.180014 0.180014 0.180014
3040 2.549110 2.549110 2.549110 0.180014 0.180014 0.180014
3050 2.549110 2.549110 2.549110 0.180014 0.180014 0.180014
3060 2.549110 2.549110 2.549110 0.180014 0.180014 0.180014
3070 2.549110 2.549110 2.549110 0.180014 0.180014 0.180014
3080 2.549110 2.549110 2.549110 0.180014 0.180014 0.180014
3090 2.549110 2.549110 2.549110 0.180014 0.180014 0.180014
3100 2.549110 2.549110 2.549110 0.180014 0.180014 0.180014
3110 2.549110 2.549110 2.549110 0.180014 0.180014 0.180014
3120 2.549110 2.549110 2.549110 0.180014 0.180014 0.180014
3130 2.549110 2.549110 2.549110 0.180014 0.180014 0.180014
3140 2.549110 2.549110 2.549110 0.180014 0.180014 0.180014
3150 2.549110 2.549110 2.549110 0.180014 0.180014 0.180014
3160 2.549110 2.549110 2.549110 0.180014 0.180014 0.180014
3170 2.549110 2.549110 2.549110 0.180014 0.180014 0.180014
3180 2.549110 2.549110 2.549110 0.180014 0.180014 0.180014
3190 2.549110 2.549110 2.549110 0.180014 0.180014 0.180014
3200 2.549110 2.549110 2.549110 0.180014 0.180014 0.180014
3210 2.549110 2.549110 2.549110 0.180014 0.180014 0.180014
3220 2.549110 2.549110 2.549110 0.180014 0.180014 0.180014
3230 2.549110 2.549110 2.549110 0.180014 0.180014 0.180014
3240 2.549110 2.549110 2.549110 0.180014 0.180014 0.180014
3250 2.549110 2.549110 2.549110 0.180014 0.180014 0.180014
3260 2.549110 2.549110 2.549110 0.180014 0.180014 0.180014
3270 2.549110 2.549110 2.549110 0.180014 0.180014 0.180014
3280 2.549110 2.549110 2.549110 0.180014 0.180014 0.180014
3290 2.549110 2.549110 2.549110 0.180014 0.180014 0.180014
3300 2.549110 2.549110 2.549110 0.180014 0.180014 0.180014
3310 2.549110 2.549110 2.549110 0.180014 0.180014 0.180014
3320 2.549110 2.549110 2.549110 0.180014 0.180014 0.180014
3330 2.549110 2.549110 2.549110 0.180014 0.180014 0.180014
3340 2.549110 2.549110 2.549110 0.180014 0.180014 0.180014
3350 2.549110 2.549110 2.549110 0.180014 0.180014 0.180014
3360 2.549110 2.549110 2.549110 0.180014 0.180014 0.180014
3370 2.549110 2.549110 2.549110 0.180014 0.180014 0.180014
3380 2.549110 2.549110 2.549110 0.180014 0.180014 0.180014
3390 2.549110 2.549110 2.549110 0.180014 0.180014 0.180014
3400 2.549110 2.549110 2.549110 0.180014 0.180014 0.180014
3410 2.549110 2.549110 2.549110 0.180014 0.180014 0.180014
3420 2.549110 2.549110 2.549110 0.180014 0.180014 0.180014
3430 2.549110 2.549110 2.549110 0.180014 0.180014 0.180014
3440 2.549110 2.549110 2.549110 0.180014 0.180014 0.180014
3450 2.549110 2.549110 2.549110 0.180014 0.180014 0.180014
3460 2.549110 2.549110 2.549110 0.180014 0.180014 0.180014
3470 2.549110 2.549110 2.549110 0.180014 0.180014 0.180014
3480 2.549110 2.549110 2.549110 0.180014 0.180014 0.180014
3490 2.549110 2.549110 2.549110 0.180014 0.180014 0.180014
3500 2.549110 2.549110 2.549110 0.180014 0.180014 0.180014
3510 2.549110 2.549110 2.549110 0.180014 0.180014 0.180014
3520 2.549110 2.549110 2.549110 0.180014 0.180014 0.180014
3530 2.549110 2.549110 2.549110 0.180014 0.180014 0.180014
3540 2.549110 2.549110 2.549110 0.180014 0.180014 0.180014
3550 2.549110 2.549110 2.549110 0.180014 0.180014 0.180014
3560 2.549110 2.549110 2.549110 0.180014 0.180014 0.180014
3570 2.549110 2.549110 2.549110 0.180014 0.180014 0.180014
3580 2.549110 2.549110 2.549110 0.180014 0.180014 0.180014
3590 2.549110 2.549110 2.549110 0.180014 0.180014 0.180014
3600 2.549110 2.549110 2.549110 0.180014 0.180014 0.180014
3610 2.549110 2.549110 2.549110 0.180014 0.180014 0.180014
3620 2.549110 2.549110 2.549110 0.180014 0.180014 0.180014
3630 2.549110 2.549110 2.549110 0.180014 0.180014 0.180014
3640 2.549110 2.549110 2.549110 0.180014 0.180014 0.180014
3650 2.549110 2.549110 2.549110 0.180014 0.180014 0.180014
3660 2.549110 2.549110 2.549110 0.180014 0.180014 0.180014
3670 2.549110 2.549110 2.549110 0.180014 0.180014 0.180014
3680 2.549110 2.549110 2.549110 0.180014 0.180014 0.180014
3690 2.549110 2.549110 2.549110 0.180014 0.180014 0.180014
3700 2.549110 2.549110 2.549110 0.180014 0.180014 0.180014
3710 2.549110 2.549110 2.549110 0.180014 0.180014 0.180014
3720 2.549110 2.549110 2.549110 0.180014 0.180014 0.180014
3730 2.549110 2.549110 2.549110 0.180014 0.180014 0.180014
3740 2.549110 2.549110 2.549110 0.180014 0.180014 0.180014
3750 2.549110 2.549110 2.549110 0.180014 0.180014 0.180014
3760 2.549110 2.549110 2.549110 0.180014 0.180014 0.180014
3770 2.549110 2.549110 2.549110 0.180014 0.180014 0.180014
3780 2.549110 2.549110 2.549110 0.180014 0.180014 0.180014
3790 2.549110 2.549110 2.549110 0.180014 0.180014 0.180014
3800 2.549110 2.549110 2.549110 0.180014 0.180014 0.180014
3810 2.549110 2.549110 2.549110 0.180014 0.180014 0.180014
3820 2.549110 2.549110 2.549110 0.180014 0.180014 0.180014
3830 2.549110 2.549110 2.549110 0.180014 0.180014 0.180014
3840 2.549110 2.549110 2.549110 0.180014 0.180014 0.180014
3850 2.549110 2.549110 2.549110 0.180014 0.180014 0.180014
3860 2.549110 2.549110 2.549110 0.180014 0.180014 0.180014
3870 2.549110 2.549110 2.549110 0.180014 0.180014 0.180014
3880 2.549110 2.549110 2.549110 0.180014 0.180014 0.180014
3890 2.549110 2.549110 2.549110 0.180014 0.180014 0.180014
3900 2.549110 2.549110 2.549110 0.180014 0.180014 0.180014
3910 2.549110 2.549110 2.549110 0.180014 0.180014 0.180014
3920 2.549110 2.549110 2.549110 0.180014 0.180014 0.180014
3930 2.549110 2.549110 2.549110 0.180014 0.180014 0.180014
3940 2.549110 2.549110 2.549110 0.180014 0.180014 0.180014
3950 2.549110 2.549110 2.549110 0.180014 0.180014 0.180014
3960 2.549110 2.549110 2.549110 0.180014 0.180014 0.180014
3970 2.549110 2.549110 2.549110 0.180014 0.180014 0.180014
3980 2.549110 2.549110 2.549110 0.180014 0.180014 0.180014
3990 2.549110 2.549110 2.549110 0.180014 0.180014 0.180014
4000 2.549110 2.549110 2.549110 0.180014 0.180014 0.180014
4010 2.549110 2.549110 2.549110 0.180014 0.180014 0.180014
4020 2.549110 2.549110 2.549110 0.180014 0.180014 0.180014
4030 2.549110 2.549110 2.549110 0.180014 0.180014 0.180014
4040 2.549110 2.549110 2.549110 0.180014 0.180014 0.180014
4050 2.549110 2.549110 2.549110 0.180014 0.180014 0.180014
4060 2.549110 2.549110 2.549110 0.180014 0.180014 0.180014
4070 2.549110 2.549110 2.549110 0.180014 0.180014 0.180014
4080 2.549110 2.549110 2.549110 0.180014 0.180014 0.180014
4090 2.549110 2.549110 2.549110 0.180014 0.180014 0.180014
4100 2.549110 2.549110 2.549110 0.180014 0.180014 0.180014
4110 2.549110 2.549110 2.549110 0.180014 0.180014 0.180014
4120 2.549110 2.549110 2.549110 0.180014 0.180014 0.180014
4130 2.549110 2.549110 2.549110 0.180014 0.180014 0.180014
4140 2.549110 2.549110 2.549110 0.180014 0.180014 0.180014
4150 2.549110 2.549110 2.549110 0.180014 0.180014 0.180014
4160 2.549110 2.549110 2.549110 0.180014 0.180014 0.180014
4170 2.549110 2.549110 2.549110 0.180014 0.180014 0.180014
4180 2.549110 2.549110 2.549110 0.180014 0.180014 0.180014
4190 2.549110 2.549110 2.549110 0.180014 0.180014 0.180014
4200 2.549110 2.549110 2.549110 0.180014 0.180014 0.180014
4210 2.549110 2.549110 2.549110 0.180014 0.180014 0.180014
4220 2.549110 2.549110 2.549110 0.180014 0.180014 0.180014
4230 2.549110 2.549110 2.549110 0.180014 0.180014 0.180014
4240 2.549110 2.549110 2.549110 0.180014 0.180014 0.180014
4250 2.549110 2.549110 2.549110 0.180014 0.180014 0.180014
4260 2.549110 2.549110 2.549110 0.180014 0.180014 0.180014
4270 2.549110 2.549110 2.549110 0.180014 0.180014 0.180014
4280 2.549110 2.549110 2.549110 0.180014 0.180014 0.180014
4290 2.549110 2.549110 2.549110 0.180014 0.180014 0.180014
4300 2.549110 2.549110 2.549110 0.180014 0.180014 0.180014
4310 2.549110 2.549110 2.549110 0.180014 0.180014 0.180014
4320 2.549110 2.549110 2.549110 0.180014 0.180014 0.180014
4330 2.549110 2.549110 2.549110 0.180014 0.180014 0.180014
4340 2.549110 2.549110 2.549110 0.180014 0.180014 0.180014
4350 2.549110 2.549110 2.549110 0.180014 0.180014 0.180014
4360 2.549110 2.549110 2.549110 0.180014 0.180014 0.180014
4370 2.549110 2.549110 2.549110 0.180014 0.180014 0.180014
4380 2.549110 2.549110 2.549110 0.180014 0.180014 0.180014
4390 2.549110 2.549110 2.549110 0.180014 0.180014 0.180014
4400 2.549110 2.549110 2.549110 0.180014 0.180014 0.180014
4410 2.549110 2.549110 2.549110 0.180014 0.180014 0.180014
4420 2.549110 2.549110 2.549110 0.180014 0.180014 0.180014
4430 2.549110 2.549110 2.549110 0.180014 0.180014 0.180014
4440 2.549110 2.549110 2.549110 0.180014 0.180014 0.180014
4450 2.549110 2.549110 2.549110 0.180014 0.180014 0.180014
4460 2.549110 2.549110 2.549110 0.180014 0.180014 0.180014
4470 2.549110 2.549110 2.549110 0.180014 0.180014 0.180014
4480 2.549110 2.549110 2.549110 0.180014 0.180014 0.180014
4490 2.549110 2.549110 2.549110 0.180014 0.180014 0.180014
4500 2.549110 2.549110 2.549110 0.180014 0.180014 0.180014
4510 2.549110 2.549110 2.549110 0.180014 0.180014 0.180014
4520 2.549110 2.549110 2.549110 0.180014 0.180014 0.180014
4530 2.549110 2.549110 2.549110 0.180014 0.180014 0.180014
4540 2.549110 2.549110 2.549110 0.180014 0.180014 0.180014
4550 2.549110 2.549110 2.549110 0.180014 0.180014 0.180014
4560 2.549110 2.549110 2.549110 0.180014 0.180014 0.180014
4570 2.549110 2.549110 2.549110 0.180014 0.180014 0.180014
4580 2.549110 2.549110 2.549110 0.180014 0.180014 0.180014
4590 2.549110 2.549110 2.549110 0.180014 0.180014 0.180014
4600 2.549110 2.549110 2.549110 0.180014 0.180014 0.180014
4610 2.549110 2.549110 2.549110 0.180014 0.180014 0.180014
4620 2.549110 2.549110 2.549110 0.180014 0.180014 0.180014
4630 2.549110 2.549110 2.549110 0.180014 0.180014 0.180014
4640 2.549110 2.549110 2.549110 0.180014 0.180014 0.180014
4650 2.549110 2.549110 2.549110 0.180014 0.180014 0.180014
4660 2.549110 2.549110 2.549110 0.180014 0.180014 0.180014
4670 2.549110 2.549110 2.549110 0.180014 0.180014 0.180014
4680 2.549110 2.549110 2.549110 0.180014 0.180014 0.180014
4690 2.549110 2.549110 2.549110 0.180014 0.180014 0.180014
4700 2.549110 2.549110 2.549110 0.180014 0.180014 0.180014
4710 2.549110 2.549110 2.549110 0.180014 0.180014 0.180014
4720 2.549110 2.549110 2.549110 0.180014 0.180014 0.180014
4730 2.549110 2.549110 2.549110 0.180014 0.180014 0.180014
4740 2.549110 2.549110 2.549110 0.180014 0.180014 0.180014
4750 2.549110 2.549110 2.549110 0.180014 0.180014 0.180014
4760 2.549110 2.549110 2.549110 0.180014 0.180014 0.180014
4770 2.549110 2.549110 2.549110 0.180014 0.180014 0.180014
4780 2.549110 2.549110 2.549110 0.180014 0.180014 0.180014
4790 2.549110 2.549110 2.549110 0.180014 0.180014 0.180014
4800 2.549110 2.549110 2.549110 0.180014 0.180014 0.180014
4810 2.549110 2.549110 2.549110 0.180014 0.180014 0.180014
4820 2.549110 2.549110 2.549110 0.180014 0.180014 0.180014
4830 2.549110 2.549110 2.549110 0.180014 0.180014 0.180014
4840 2.549110 2.549110 2.549110 0.180014 0.180014 0.180014
4850 2.549110 2.549110 2.549110 0.180014 0.180014 0.180014
4860 2.549110 2.549110 2.549110 0.180014 0.180014 0.180014
4870 2.549110 2.549110 2.549110 0.180014 0.180014 0.180014
4880 2.549110 2.549110 2.549110 0.180014 0.180014 0.180014
4890 2.549110 2.549110 2.549110 0.180014 0.180014 0.180014
4900 2.549110 2.549110 2.549110 0.180014 0.180014 0.180014
4910 2.549110 2.549110 2.549110 0.180014 0.180014 0.180014
4920 2.549110 2.549110 2.549110 0.180014 0.180014 0.180014
4930 2.549110 2.549110 2.549110 0.180014 0.180014 0.180014
4940 2.549110 2.549110 2.549110 0.180014 0.180014 0.180014
4950 2.549110 2.549110 2.549110 0.180014 0.180014 0.180014
4960 2.549110 2.549110 2.549110 0.180014 0.180014 0.180014
4970 2.549110 2.549110 2.549110 0.180014 0.180014 0.180014
4980 2.549110 2.549110 2.549110 0.180014 0.180014 0.180014
4990 2.549110 2.549110 2.549110 0.180014 0.180014 0.180014
5000 2.549110 2.549110 2.549110 0.180014 0.180014 0.180014
5010 2.549110 2.549110 2.549110 0.180014 0.180014 0.180014
5020 2.549110 2.549110 2.549110 0.180014 0.180014 0.180014
5030 2.549110 2.549110 2.549110 0.180014 0.180014 0.180014
5040 2.549110 2.549110 2.549110 0.180014 0.180014 0.180014
5050 2.549110 2.549110 2.549110 0.180014 0.180014 0.180014
5060 2.549110 2.549110 2.549110 0.180014 0.180014 0.180014
5070 2.549110 2.549110 2.549110 0.180014 0.180014 0.180014
5080 2.549110 2.549110 2.549110 0.180014 0.180014 0.180014
5090 2.549110 2.549110 2.549110 0.180014 0.180014 0.180014
5100 2.549110 2.549110 2.549110 0.180014 0.180014 0.180014
5110 2.549110 2.549110 2.549110 0.180014 0.180014 0.180014
5120 2.549110 2.549110 2.549110 0.180014 0.180014 0.180014
5130 2.549110 2.549110 2.549110 0.180014 0.180014 0.180014
5140 2.549110 2.549110 2.549110 0.180014 0.180014 0.180014
5150 2.549110 2.549110 2.549110 0.180014 0.180014 0.180014
5160 2.549110 2.549110 2.549110 0.180014 0.180014 0.180014
5170 2.549110 2.549110 2.549110 0.180014 0.180014 0.180014
5180 2.549110 2.549110 2.549110 0.180014 0.180014 0.180014
5190 2.549110 2.549110 2.549110 0.180014 0.180014 0.180014
5200 2.549110 2.549110 2.549110 0.180014 0.180014 0.180014
5210 2.549110 2.549110 2.549110 0.180014 0.180014 0.180014
5220 2.549110 2.549110 2.549110 0.180014 0.180014 0.180014
5230 2.549110 2.549110 2.549110 0.180014 0.180014 0.180014
5240 2.549110 2.549110 2.549110 0.180014 0.180014 0.180014
5250 2.549110 2.549110 2.549110 0.180014 0.180014 0.180014
5260 2.549110 2.549110 2.549110 0.180014 0.180014 0.180014
5270 2.549110 2.549110 2.549110 0.180014 0.180014 0.180014
5280 2.549110 2.549110 2.549110 0.180014 0.180014 0.180014
5290 2.549110 2.549110 2.549110 0.180014 0.180014 0.180014
5300 2.549110 2.549110 2.549110 0.180014 0.180014 0.180014
5310 2.549110 2.549110 2.549110 0.180014 0.180014 0.180014
5320 2.549110 2.549110 2.549110 0.180014 0.180014 0.180014
5330 2.549110 2.549110 2.549110 0.180014 0.180014 0.180014
5340 2.549110 2.549110 2.549110 0.180014 0.180014 0.180014
5350 2.549110 2.549110 2.549110 0.180014 0.180014 0.180014
5360 2.549110 2.549110 2.549110 0.180014 0.180014 0.180014
5370 2.549110 2.549110 2.549110 0.180014 0.180014 0.180014
5380 2.549110 2.549110 2.549110 0.180014 0.180014 0.180014
5390 2.549110 2.549110 2.549110 0.180014 0.180014 0.180014
5400 2.549110 2.549110 2.549110 0.180014 0.180014 0.180014
5410 2.549110 2.549110 2.549110 0.180014 0.180014 0.180014
5420 2.549110 2.549110 2.549110 0.180014 0.180014 0.180014
5430 2.549110 2.549110 2.549110 0.180014 0.180014 0.180014
5440 2.549110 2.549110 2.549110 0.180014 0.180014 0.180014
5450 2.549110 2.549110 2.549110 0.180014 0.180014 0.180014
5460 2.549110 2.549110 2.549110 0.180014 0.180014 0.180014
5470 2.549110 2.549110 2.549110 0.180014 0.180014 0.180014
5480 2.549110 2.549110 2.549110 0.180014 0.180014 0.180014
5490 2.549110 2.549110 2.549110 0.180014 0.180014 0.180014
5500 2.549110 2.549110 2.549110 0.180014 0.180014 0.180014
5510 2.549110 2.549110 2.549110 0.180014 0.180014 0.180014
5520 2.549110 2.549110 2.549110 0.180014 0.180014 0.180014
5530 2.549110 2.549110 2.549110 0.180014 0.180014 0.180014
5540 2.549110 2.549110 2.549110 0.180014 0.180014 0.180014
5550 2.549110 2.549110 2.549110 0.180014 0.180014 0.180014
5560 2.549110 2.549110 2.549110 0.180014 0.180014 0.180014
5570 2.549110 2.549110 2.549110 0.180014 0.180014 0.180014
5580 2.549110 2.549110 2.549110 0.180014 0.180014 0.180014
5590 2.549110 2.549110 2.549110 0.180014 0.180014 0.180014
5600 2.549110 2.549110 2.549110 0.180014 0.180014 0.180014
5610 2.549110 2.549110 2.549110 0.180014 0.180014 0.180014
5620 2.549110 2.549110 2.549110 0.180014 0.180014 0.180014
5630 2.549110 2.549110 2.549110 0.180014 0.180014 0.180014
5640 2.549110 2.549110 2.549110 0.180014 0.180014 0.180014
5650 2.549110 2.549110 2.549110 0.180014 0.180014 0.180014
5660 2.549110 2.549110 2.549110 0.180014 0.180014 0.180014
5670 2.549110 2.549110 2.549110 0.180014 0.180014 0.180014
5680 2.549110 2.549110 2.549110 0.180014 0.180014 0.180014
5690 2.549110 2.549110 2.549110 0.180014 0.180014 0.180014
5700 2.549110 2.549110 2.549110 0.180014 0.180014 0.180014
5710 2.549110 2.549110 2.549110 0.180014 0.180014 0.180014
5720 2.549110 2.549110 2.549110 0.180014 0.180014 0.180014
5730 2.549110 2.549110 2.549110 0.180014 0.180014 0.180014
5740 2.549110 2.549110 2.549110 0.180014 0.180014 0.180014
5750 2.549110 2.549110 2.549110 0.180014 0.180014 0.180014
5760 2.549110 2.549110 2.549110 0.180014 0.180014 0.180014
5770 2.549110 2.549110 2.549110 0.180014 0.180014 0.180014
5780 2.549110 2.549110 2.549110 0.180014 0.180014 0.180014
5790 2.549110 2.549110 2.549110 0.180014 0.180014 0.180014
5800 2.549110 2.549110 2.549110 0.180014 0.180014 0.180014
5810 2.549110 2.549110 2.549110 0.180014 0.180014 0.180014
5820 2.549110 2.549110 2.549110 0.180014 0.180014 0.180014
5830 2.549110 2.549110 2.549110 0.180014 0.180014 0.180014
5840 2.549110 2.549110 2.549110 0.180014 0.180014 0.180014
5850 2.549110 2.549110 2.549110 0.180014 0.180014 0.180014
5860 2.549110 2.549110 2.549110 0.180014 0.180014 0.180014
5870 2.549110 2.549110 2.549110 0.180014 0.180014 0.180014
5880 2.549110 2.549110 2.549110 0.180014 0.180014 0.180014
5890 2.549110 2.549110 2.549110 0.180014 0.180014 0.180014
5900 2.549110 2.549110 2.549110 0.180014 0.180014 0.180014
5910 2.549110 2.549110 2.549110 0.180014 0.180014 0.180014
5920 2.549110 2.549110 2.549110 0.180014 0.180014 0.180014
5930 2.549110 2.549110 2.549110 0.180014 0.180014 0.180014
5940 2.549110 2.549110 2.549110 0.180014 0.180014 0.180014
5950 2.549110 2.549110 2.549110 0.180014 0.180014 0.180014
5960 2.549110 2.549110 2.549110 0.180014 0.180014 0.180014
5970 2.549110 2.549110 2.549110 0.180014 0.180014 0.180014
5980 2.549110 2.549110 2.549110 0.180014 0.180014 0.180014
5990 2.549110 2.549110 2.549110 0.180014 0.180014 0.180014
6000 2.549110 2.549110 2.549110 0.180014 0.180014 0.180014
6010 2.549110 2.549110 2.549110 0.180014 0.180014 0.180014
6020 2.549110 2.549110 2.549110 0.180014 0.180014 0.180014
6030 2.549110 2.549110 2.549110 0.180014 0.180014 0.180014
6040 2.549110 2.549110 2.549110 0.180014 0.180014 0.180014
6050 2.549110 2.549110 2.549110 0.180014 0.180014 0.180014
6060 2.549110 2.549110 2.549110 0.180014 0.180014 0.180014
6070 2.549110 2.549110 2.549110 0.180014 0.180014 0.180014
6080 2.549110 2.549110 2.549110 0.180014 0.180014 0.180014
6090 2.549110 2.549110 2.549110 0.180014 0.180014 0.180014
6100 2.549110 2.549110 2.549110 0.180014 0.180014 0.180014
6110 2.549110 2.549110 2.549110 0.180014 0.180014 0.180014
6120 2.549110 2.549110 2.549110 0.180014 0.180014 0.180014
6130 2.549110 2.549110 2.549110 0.180014 0.180014 0.180014
6140 2.549110 2.549110 2.549110 0.180014 0.180014 0.180014
6150 2.549110 2.549110 2.549110 0.180014 0.180014 0.180014
6160 2.549110 2.549110 2.549110 0.180014 0.180014 0.180014
6170 2.549110 2.549110 2.549110 0.180014 0.180014 0.180014
6180 2.549110 2.549110 2.549110 0.180014 0.180014 0.180014
6190 2.549110 2.549110 2.549110 0.180014 0.180014 0.180014
6200 2.549110 2.549110 2.549110 0.180014 0.180014 0.180014
6210 2.549110 2.549110 2.549110 0.180014 0.180014 0.180014
6220 2.549110 2.549110 2.549110 0.180014 0.180014 0.180014
6230 2.549110 2.549110 2.549110 0.180014 0.180014 0.180014
6240 2.549110 2.549110 2.549110 0.180014 0.180014 0.180014
6250 2.549110 2.549110 2.549110 0.180014 0.180014 0.180014
6260 2.549110 2.549110 2.549110 0.180014 0.180014 0.180014
6270 2.549110 2.549110 2.549110 0.180014 0.180014 0.180014
6280 2.549110 2.549110 2.549110 0.180014 0.180014 0.180014
6290 2.549110 2.549110 2.549110 0.180014 0.180014 0.180014
6300 2.549110 2.549110 2.549110 0.180014 0.180014 0.180014
6310 2.549110 2.549110 2.549110 0.180014 0.180014 0.180014
6320 2.549110 2.549110 2.549110 0.180014 0.180014 0.180014
6330 2.549110 2.549110 2.549110 0.180014 0.180014 0.180014
6340 2.549110 2.549110 2.549110 0.180014 0.180014 0.180014
6350 2.549110 2.549110 2.549110 0.180014 0.180014 0.180014
6360 2.549110 2.549110 2.549110 0.180014 0.180014 0.180014
6370 2.549110 2.549110 2.549110 0.180014 0.180014 0.180014
6380 2.549110 2.549110 2.549110 0.180014 0.180014 0.180014
6390 2.549110 2.549110 2.549110 0.180014 0.180014 0.180014
6400 2.549110 2.549110 2.549110 0.180014 0.180014 0.180014
6410 2.549110 2.549110 2.549110 0.180014 0.180014 0.180014
6420 2.549110 2.549110 2.549110 0.180014 0.180014 0.180014
6430 2.549110 2.549110 2.549110 0.180014 0.180014 0.180014
6440 2.549110 2.549110 2.549110 0.180014 0.180014 0.180014
6450 2.549110 2.549110 2.549110 0.180014 0.180014 0.180014
6460 2.549110 2.549110 2.549110 0.180014 0.180014 0.180014
6470 2.549110 2.549110 2.549110 0.180014 0.180014 0.180014
6480 2.549110 2.549110 2.549110 0.180014 0.180014 0.180014
6490 2.549110 2.549110 2.549110 0.180014 0.180014 0.180014
6500 2.549110 2.549110 2.549110 0.180014 0.180014 0.180014
6510 2.549110 2.549110 2.549110 0.180014 0.180014 0.180014
6520 2.549110 2.549110 2.549110 0.180014 0.180014 0.180014
6530 2.549110 2.549110 2.549110 0.180014 0.180014 0.180014
6540 2.549110 2.549110 2.549110 0.180014 0.180014 0.180014
6550 2.549110 2.549110 2.549110 0.180014 0.180014 0.180014
6560 2.549110 2.549110 2.549110 0.180014 0.180014 0.180014
6570 2.549110 2.549110 2.549110 0.180014 0.180014 0.180014
6580 2.549110 2.549110 2.549110 0.180014 0.180014 0.180014
6590 2.549110 2.549110 2.549110 0.180014 0.180014 0.180014
6600 2.549110 2.549110 2.549110 0.180014 0.180014 0.180014
6610 2.549110 2.549110 2.549110 0.180014 0.180014 0.180014
6620 2.549110 2.549110 2.549110 0.180014 0.180014 0.180014
6630 2.549110 2.549110 2.549110 0.180014 0.180014 0.180014
6640 2.549110 2.549110 2.549110 0.180014 0.180014 0.180014
6650 2.549110 2.549110 2.549110 0.180014 0.180014 0.180014
6660 2.549110 2.549110 2.549110 0.180014 0.180014 0.180014
6670 2.549110 2.549110 2.549110 0.180014 0.180014 0.180014
6680 2.549110 2.549110 2.549110 0.180014 0.180014 0.180014
6690 2.549110 2.549110 2.549110 0.180014 0.180014 0.180014
6700 2.549110 2.549110 2.549110 0.180014 0.180014 0.180014
6710 2.549110 2.549110 2.549110 0.180014 0.180014 0.180014
6720 2.549110 2.549110 2.549110 0.180014 0.180014 0.180014
6730 2.549110 2.549110 2.549110 0.180014 0.180014 0.180014
6740 2.549110 2.549110 2.549110 0.180014 0.180014 0.180014
6750 2.549110 2.549110 2.549110 0.180014 0.180014 0.180014
6760 2.549110 2.549110 2.549110 0.180014 0.180014 0.180014
6770 2.549110 2.549110 2.549110 0.180014 0.180014 0.180014
6780 2.549110 2.549110 2.549110 0.180014 0.180014 0.180014
6790 2.549110 2.549110 2.549110 0.180014 0.180014 0.180014
6800 2.549110 2.549110 2.549110 0.180014 0.180014 0.180014
6810 2.549110 2.549110 2.549110 0.180014 0.180014 0.180014
6820 2.549110 2.549110 2.549110 0.180014 0.180014 0.180014
6830 2.549110 2.549110 2.549110 0.180014 0.180014 0.180014
6840 2.549110 2.549110 2.549110 0.180014 0.180014 0.180014
6850 2.549110 2.549110 2.549110 0.180014 0.180014 0.180014
6860 2.549110 2.549110 2.549110 0.180014 0.180014 0.180014
6870 2.549110 2.549110 2.549110 0.180014 0.180014 0.180014
6880 2.549110 2.549110 2.549110 0.180014 0.180014 0.180014
6890 2.549110 2.549110 2.549110 0.180014 0.180014 0.180014
6900 2.549110 2.549110 2.549110 0.180014 0.180014 0.180014
6910 2.549110 2.549110 2.549110 0.180014 0.180014 0.180014
6920 2.549110 2.549110 2.549110 0.180014 0.180014 0.180014
6930 2.549110 2.549110 2.549110 0.180014 0.180014 0.180014
6940 2.549110 2.549110 2.549110 0.180014 0.180014 0.180014
6950 2.549110 2.549110 2.549110 0.180014 0.180014 0.180014
6960 2.549110 2.549110 2.549110 0.180014 0.180014 0.180014
6970 2.549110 2.549110 2.549110 0.180014 0.180014 0.180014
6980 2.549110 2.549110 2.549110 0.180014 0.180014 0.180014
6990 2.549110 2.549110 2.549110 0.180014 0.180014 0.180014
7000 2.549110 2.549110 2.549110 0.180014 0.180014 0.180014
7010 2.549110 2.549110 2.549110 0.180014 0.180014 0.180014
7020 2.549110 2.549110 2.549110 0.180014 0.180014 0.180014
7030 2.549110 2.549110 2.549110 0.180014 0.180014 0.180014
7040 2.549110 2.549110 2.549110 0.180014 0.180014 0.180014
7050 2.549110 2.549110 2.549110 0.180014 0.180014 0.180014
7060 2.549110 2.549110 2.549110 0.180014 0.180014 0.180014
7070 2.549110 2.549110 2.549110 0.180014 0.180014 0.180014
7080 2.549110 2.549110 2.549110 0.180014 0.180014 0.180014
7090 2.549110 2.549110 2.549110 0.180014 0.180014 0.180014
7100 2.549110 2.549110 2.549110 0.180014 0.180014 0.180014
7110 2.549110 2.549110 2.549110 0.180014 0.180014 0.180014
7120 2.549110 2.549110 2.549110 0.180014 0.180014 0.180014
7130 2.549110 2.549110 2.549110 0.180014 0.180014 0.180014
7140 2.549110 2.549110 2.549110 0.180014 0.180014 0.180014
7150 2.549110 2.549110 2.549110 0.180014 0.180014 0.180014
7160 2.549110 2.549110 2.549110 0.180014 0.180014 0.180014
7170 2.549110 2.549110 2.549110 0.180014 0.180014 0.180014
7180 2.549110 2.549110 2.549110 0.180014 0.180014 0.180014
7190 2.549110 2.549110 2.549110 0.180014 0.180014 0.180014
7200 2.549110 2.549110 2.549110 0.180014 0.180014 0.180014
7210 2.549110 2.549110 2.549110 0.180014 0.180014 0.180014
7220 2.549110 2.549110 2.549110 0.180014 0.180014 0.180014
7230 2.549110 2.549110 2.549110 0.180014 0.180014 0.180014
7240 2.549110 2.549110 2.549110 0.180014 0.180014 0.180014
7250 2.549110 2.549110 2.549110 0.180014 0.180014 0.180014
7260 2.549110 2.549110 2.549110 0.180014 0.180014 0.180014
7270 2.549110 2.549110 2.549110 0.180014 0.180014 0.180014
7280 2.549110 2.549110 2.549110 0.180014 0.180014 0.180014
7290 2.549110 2.549110 2.549110 0.180014 0.180014 0.180014
7300 2.549110 2.549110 2.549110 0.180014 0.180014 0.180014
7310 2.549110 2.549110 2.549110 0.180014 0.180014 0.180014
7320 2.549110 2.549110 2.549110 0.180014 0.180014 0.180014
7330 2.549110 2.549110 2.549110 0.180014 0.180014 0.180014
7340 2.549110 2.549110 2.549110 0.180014 0.180014 0.180014
7350 2.549110 2.549110 2.549110 0.180014 0.180014 0.180014
7360 2.549110 2.549110 2.549110 0.180014 0.180014 0.180014
7370 2.549110 2.549110 2.549110 0.180014 0.180014 0.180014
7380 2.549110 2.549110 2.549110 0.180014 0.180014 0.180014
7390 2.549110 2.549110 2.549110 0.180014 0.180014 0.180014
7400 2.549110 2.549110 2.549110 0.180014 0.180014 0.180014
7410 2.549110 2.549110 2.549110 0.180014 0.180014 0.180014
7420 2.549110 2.549110 2.549110 0.180014 0.180014 0.180014
7430 2.549110 2.549110 2.549110 0.180014 0.180014 0.180014
7440 2.549110 2.549110 2.549110 0.180014 0.180014 0.180014
7450 2.549110 2.549110 2.549110 0.180014 0.180014 0.180014
7460 2.549110 2.549110 2.549110 0.180014 0.180014 0.180014
7470 2.549110 2.549110 2.549110 0.180014 0.180014 0.180014
7480 2.549110 2.549110 2.549110 0.180014 0.180014 0.180014
7490 2.549110 2.549110 2.549110 0.180014 0.180014 0.180014
7500 2.549110 2.549110 2.549110 0.180014 0.180014 0.180014
7510 2.549110 2.549110 2.549110 0.180014 0.180014 0.180014
7520 2.549110 2.549110 2.549110 0.180014 0.180014 0.180014
7530 2.549110 2.549110 2.549110 0.180014 0.180014 0.180014
7540 2.549110 2.549110 2.549110 0.180014 0.180014 0.180014
7550 2.549110 2.549110 2.549110 0.180014 0.180014 0.180014
7560 2.549110 2.549110 2.549110 0.180014 0.180014 0.180014
7570 2.549110 2.549110 2.549110 0.180014 0.180014 0.180014
7580 2.549110 2.549110 2.549110 0.180014 0.180014 0.180014
7590 2.549110 2.549110 2.549110 0.180014 0.180014 0.180014
7600 2.549110 2.549110 2.549110 0.180014 0.180014 0.180014
7610 2.549110 2.549110 2.549110 0.180014 0.180014 0.180014
7620 2.549110 2.549110 2.549110 0.180014 0.180014 0.180014
7630 2.549110 2.549110 2.549110 0.180014 0.180014 0.180014
7640 2.549110 2.549110 2.549110 0.180014 0.180014 0.180014
7650 2.549110 2.549110 2.549110 0.180014 0.180014 0.180014
7660 2.549110 2.549110 2.549110 0.180014 0.180014 0.180014
7670 2.549110 2.549110 2.549110 0.180014 0.180014 0.180014
7680 2.549110 2.549110 2.549110 0.180014 0.180014 0.180014
7690 2.549110 2.549110 2.549110 0.180014 0.180014 0.180014
7700 2.549110 2.549110 2.549110 0.180014 0.180014 0.180014
7710 2.549110 2.549110 2.549110 0.180014 0.180014 0.180014
7720 2.549110 2.549110 2.549110 0.180014 0.180014 0.180014
7730 2.549110 2.549110 2.549110 0.180014 0.180014 0.180014
7740 2.549110 2.549110 2.549110 0.180014 0.180014 0.180014
7750 2.549110 2.549110 2.549110 0.180014 0.180014 0.180014
7760 2.549110 2.549110 2.549110 0.180014 0.180014 0.180014
7770 2.549110 2.549110 2.549110 0.180014 0.180014 0.180014
7780 2.549110 2.549110 2.549110 0.180014 0.180014 0.180014
7790 2.549110 2.549110 2.549110 0.180014 0.180014 0.180014
7800 2.549110 2.549110 2.549110 0.180014 0.180014 0.180014
7810 2.549110 2.549110 2.549110 0.180014 0.180014 0.180014
7820 2.549110 2.549110 2.549110 0.180014 0.180014 0.180014
7830 2.549110 2.549110 2.549110 0.180014 0.180014 0.180014
7840 2.549110 2.549110 2.549110 0.180014 0.180014 0.180014
7850 2.549110 2.549110 2.549110 0.180014 0.180014 0.180014
7860 2.549110 2.549110 2.549110 0.180014 0.180014 0.180014
7870 2.549110 2.549110 2.549110 0.180014 0.180014 0.180014
7880 2.549110 2.549110 2.549110 0.180014 0.180014 0.180014
7890 2.549110 2.549110 2.549110 0.180014 0.180014 0.180014
7900 2.549110 2.549110 2.549110 0.180014 0.180014 0.180014
7910 2.549110 2.549110 2.549110 0.180014 0.180014 0.180014
7920 2.549110 2.549110 2.549110 0.180014 0.180014 0.180014
7930 2.549110 2.549110 2.549110 0.180014 0.180014 0.180014
7940 2.549110 2.549110 2.549110 0.180014 0.180014 0.180014
7950 2.549110 2.549110 2.549110 0.180014 0.180014 0.180014
7960 2.549110 2.549110 2.549110 0.180014 0.180014 0.180014
7970 2.549110 2.549110 2.549110 0.180014 0.180014 0.180014
7980 2.549110 2.549110 2.549110 0.180014 0.180014 0.180014
7990 2.549110 2.549110 2.549110 0.180014 0.180014 0.180014
8000 2.549110 2.549110 2.549110 0.180014 0.180014 0.180014
8010 2.549110 2.549110 2.549110 0.180014 0.180014 0.180014
8020 2.549110 2.549110 2.549110 0.180014 0.180014 0.180014
8030 2.549110 2.549110 2.549110 0.180014 0.180014 0.180014
8040 2.549110 2.549110 2.549110 0.180014 0.180014 0.180014
8050 2.549110 2.549110 2.549110 0.180014 0.180014 0.180014
8060 2.549110 2.549110 2.549110 0.180014 0.180014 0.180014
8070 2.549110 2.549110 2.549110 0.180014 0.180014 0.180014
8080 2.549110 2.549110 2.549110 0.180014 0.180014 0.180014
8090 2.549110 2.549110 2.549110 0.180014 0.180014 0.180014
8100 2.549110 2.549110 2.549110 0.180014 0.180014 0.180014
8110 2.549110 2.549110 2.549110 0.180014 0.180014 0.180014
8120 2.549110 2.549110 2.549110 0.180014 0.180014 0.180014
8130 2.549110 2.549110 2.549110 0.180014 0.180014 0.180014
8140 2.549110 2.549110 2.549110 0.180014 0.180014 0.180014
8150 2.549110 2.549110 2.549110 0.180014 0.180014 0.180014
8160 2.549110 2.549110 2.549110 0.180014 0.180014 0.180014
8170 2.549110 2.549110 2.549110 0.180014 0.180014 0.180014
8180 2.549110 2.549110 2.549110 0.180014 0.180014 0.180014
8190 2.549110 2.549110 2.549110 0.180014 0.180014 0.180014
8200 2.549110 2.549110 2.549110 0.180014 0.180014 0.180014
8210 2.549110 2.549110 2.549110 0.180014 0.180014 0.180014
8220 2.549110 2.549110 2.549110 0.180014 0.180014 0.180014
8230 2.549110 2.549110 2.549110 0.180014 0.180014 0.180014
8240 2.549110 2.549110 2.549110 0.180014 0.180014 0.180014
8250 2.549110 2.549110 2.549110 0.180014 0.180014 0.180014
8260 2.549110 2.549110 2.549110 0.180014 0.180014 0.180014
8270 2.549110 2.549110 2.549110 0.180014 0.180014 0.180014
8280 2.549110 2.549110 2.549110 0.180014 0.180014 0.180014
8290 2.549110 2.549110 2.549110 0.180014 0.180014 0.180014
8300 2.549110 2.549110 2.549110 0.180014 0.180014 0.180014
8310 2.549110 2.549110 2.549110 0.180014 0.180014 0.180014
8320 2.549110 2.549110 2.549110 0.180014 0.180014 0.180014
8330 2.549110 2.549110 2.549110 0.180014 0.180014 0.180014
8340 2.549110 2.549110 2.549110 0.180014 0.180014 0.180014
8350 2.549110 2.549110 2.549110 0.180014 0.180014 0.180014
8360 2.549110 2.549110 2.549110 0.180014 0.180014 0.180014
8370 2.549110 2.549110 2.549110 0.180014 0.180014 0.180014
8380 2.549110 2.549110 2.549110 0.180014 0.180014 0.180014
8390 2.549110 2.549110 2.549110 0.180014 0.180014 0.180014
8400 2.549110 2.549110 2.549110 0.180014 0.180014 0.180014
8410 2.549110 2.549110 2.549110 0.180014 0.180014 0.180014
8420 2.549110 2.549110 2.549110 0.180014 0.180014 0.180014
8430 2.549110 2.549110 2.549110 0.180014 0.180014 0.180014
8440 2.549110 2.549110 2.549110 0.180014 0.180014 0.180014
8450 2.549110 2.549110 2.549110 0.180014 0.180014 0.180014
8460 2.549110 2.549110 2.549110 0.180014 0.180014 0.180014
8470 2.549110 2.549110 2.549110 0.180014 0.180014 0.180014
8480 2.549110 2.549110 2.549110 0.180014 0.180014 0.180014
8490 2.549110 2.549110 2.549110 0.180014 0.180014 0.180014
8500 2.549110 2.549110 2.549110 0.180014 0.180014 0.180014
8510 2.549110 2.549110 2.549110 0.180014 0.180014 0.180014
8520 2.549110 2.549110 2.549110 0.180014 0.180014 0.180014
8530 2.549110 2.549110 2.549110 0.180014 0.180014 0.180014
8540 2.549110 2.549110 2.549110 0.180014 0.180014 0.180014
8550 2.549110 2.549110 2.549110 0.180014 0.180014 0.180014
8560 2.549110 2.549110 2.549110 0.180014 0.180014 0.180014
8570 2.549110 2.549110 2.549110 0.180014 0.180014 0.180014
8580 2.549110 2.549110 2.549110 0.180014 0.180014 0.180014
8590 2.549110 2.549110 2.549110 0.180014 0.180014 0.180014
8600 2.549110 2.549110 2.549110 0.180014 0.180014 0.180014
8610 2.549110 2.549110 2.549110 0.180014 0.180014 0.180014
8620 2.549110 2.549110 2.549110 0.180014 0.180014 0.180014
8630 2.549110 2.549110 2.549110 0.180014 0.180014 0.180014
8640 2.549110 2.549110 2.549110 0.180014 0.180014 0.180014
8650 2.549110 2.549110 2.549110 0.180014 0.180014 0.180014
8660 2.549110 2.549110 2.549110 0.180014 0.180014 0.180014
8670 2.549110 2.549110 2.549110 0.180014 0.180014 0.180014
8680 2.549110 2.549110 2.549110 0.180014 0.180014 0.180014
8690 2.549110 2.549110 2.549110 0.180014 0.180014 0.180014
8700 2.549110 2.549110 2.549110 0.180014 0.180014 0.180014
8710 2.549110 2.549110 2.549110 0.180014 0.180014 0.180014
8720 2.549110 2.549110 2.549110 0.180014 0.180014 0.180014
8730 2.549110 2.549110 2.549110 0.180014 0.180014 0.180014
8740 2.549110 2.549110 2.549110 0.180014 0.180014 0.180014
8750 2.549110 2.549110 2.549110 0.180014 0.180014 0.180014
8760 2.549110 2.549110 2.549110 0.180014 0.180014 0.180014
8770 2.549110 2.549110 2.549110 0.180014 0.180014 0.180014
8780 2.549110 2.549110 2.549110 0.180014 0.180014 0.180014
8790 2.549110 2.549110 2.549110 0.180014 0.180014 0.180014
8800 2.549110 2.549110 2.549110 0.180014 0.180014 0.180014
8810 2.549110 2.549110 2.549110 0.180014 0.180014 0.180014
8820 2.549110 2.549110 2.549110 0.180014 0.180014 0.180014
8830 2.549110 2.549110 2.549110 0.180014 0.180014 0.180014
8840 2.549110 2.549110 2.549110 0.180014 0.180014 0.180014
8850 2.549110 2.549110 2.549110 0.180014 0.180014 0.180014
8860 2.549110 2.549110 2.549110 0.180014 0.180014 0.180014
8870 2.549110 2.549110 2.549110 0.180014 0.180014 0.180014
8880 2.549110 2.549110 2.549110 0.180014 0.180014 0.180014
8890 2.549110 2.549110 2.549110 0.180014 0.180014 0.180014
8900 2.549110 2.549110 2.549110 0.180014 0.180014 0.180014
8910 2.549110 2.549110 2.549110 0.180014 0.180014 0.180014
8920 2.549110 2.549110 2.549110 0.180014 0.180014 0.180014
8930 2.549110 2.549110 2.549110 0.180014 0.180014 0.180014
8940 2.549110 2.549110 2.549110 0.180014 0.180014 0.180014
8950 2.549110 2.549110 2.549110 0.180014 0.180014 0.180014
8960 2.549110 2.549110 2.549110 0.180014 0.180014 0.180014
8970 2.549110 2.549110 2.549110 0.180014 0.180014 0.180014
8980 2.549110 2.549110 2.549110 0.180014 0.180014 0.180014
8990 2.549110 2.549110 2.549110 0.180014 0.180014 0.180014
9000 2.549110 2.549110 2.549110 0.180014 0.180014 0.180014
9010 2.549110 2.549110 2.549110 0.180014 0.180014 0.180014
9020 2.549110 2.549110 2.549110 0.180014 0.180014 0.180014
9030 2.549110 2.549110 2.549110 0.180014 0.180014 0.180014
9040 2.549110 2.549110 2.549110 0.180014 0.180014 0.180014
9050 2.549110 2.549110 2.549110 0.180014 0.180014 0.180014
9060 2.549110 2.549110 2.549110 0.180014 0.180014 0.180014
9070 2.549110 2.549110 2.549110 0.180014 0.180014 0.180014
9080 2.549110 2.549110 2.549110 0.180014 0.180014 0.180014
9090 2.549110 2.549110 2.549110 0.180014 0.180014 0.180014
9100 2.549110 2.549110 2.549110 0.180014 0.180014 0.180014
9110 2.549110 2.549110 2.549110 0.180014 0.180014 0.180014
9120 2.549110 2.549110 2.549110 0.180014 0.180014 0.180014
9130 2.549110 2.549110 2.549110 0.180014 0.180014 0.180014
9140 2.549110 2.549110 2.549110 0.180014 0.180014 0.180014
9150 2.549110 2.549110 2.549110 0.180014 0.180014 0.180014
9160 2.549110 2.549110 2.549110 0.180014 0.180014 0.180014
9170 2.549110 2.549110 2.549110 0.180014 0.180014 0.180014
9180 2.549110 2.549110 2.549110 0.180014 0.180014 0.180014
9190 2.549110 2.549110 2.549110 0.180014 0.180014 0.180014
9200 2.549110 2.549110 2.549110 0.180014 0.180014 0.180014
9210 2.549110 2.549110 2.549110 0.180014 0.180014 0.180014
9220 2.549110 2.549110 2.549110 0.180014 0.180014 0.180014
9230 2.549110 2.549110 2.549110 0.180014 0.180014 0.180014
9240 2.549110 2.549110 2.549110 0.180014 0.180014 0.180014
9250 2.549110 2.549110 2.549110 0.180014 0.180014 0.180014
9260 2.549110 2.549110 2.549110 0.180014 0.180014 0.180014
9270 2.549110 2.549110 2.549110 0.180014 0.180014 0.180014
9280 2.549110 2.549110 2.549110 0.180014 0.180014 0.180014
9290 2.549110 2.549110 2.549110 0.180014 0.180014 0.180014
9300 2.549110 2.549110 2.549110 0.180014 0.180014 0.180014
9310 2.549110 2.549110 2.549110 0.180014 0.180014 0.180014
9320 2.549110 2.549110 2.549110 0.180014 0.180014 0.180014
9330 2.549110 2.549110 2.549110 0.180014 0.180014 0.180014
9340 2.549110 2.549110 2.549110 0.180014 0.180014 0.180014
9350 2.549110 2.549110 2.549110 0.180014 0.180014 0.180014
9360 2.549110 2.549110 2.549110 0.180014 0.180014 0.180014
9370 2.549110 2.549110 2.549110 0.180014 0.180014 0.180014
9380 2.549110 2.549110 2.549110 0.180014 0.180014 0.180014
9390 2.549110 2.549110 2.549110 0.180014 0.180014 0.180014
9400 2.549110 2.549110 2.549110 0.180014 0.180014 0.180014
9410 2.549110 2.549110 2.549110 0.180014 0.180014 0.180014
9420 2.549110 2.549110 2.549110 0.180014 0.180014 0.180014
9430 2.549110 2.549110 2.549110 0.180014 0.180014 0.180014
9440 2.549110 2.549110 2.549110 0.180014 0.180014 0.180014
9450 2.549110 2.549110 2.549110 0.180014 0.180014 0.180014
9460 2.549110 2.549110 2.549110 0.180014 0.180014 0.180014
9470 2.549110 2.549110 2.549110 0.180014 0.180014 0.180014
9480 2.549110 2.549110 2.549110 0.180014 0.180014 0.180014
9490 2.549110 2.549110 2.549110 0.180014 0.180014 0.180014
9500 2.549110 2.549110 2.549110 0.180014 0.180014 0.180014
9510 2.549110 2.549110 2.549110 0.180014 0.180014 0.180014
9520 2.549110 2.549110 2.549110 0.180014 0.180014 0.180014
9530 2.549110 2.549110 2.549110 0.180014 0.180014 0.180014
9540 2.549110 2.549110 2.549110 0.180014 0.180014 0.180014
9550 2.549110 2.549110 2.549110 0.180014 0.180014 0.180014
9560 2.549110 2.549110 2.549110 0.180014 0.180014 0.180014
9570 2.549110 2.549110 2.549110 0.180014 0.180014 0.180014
9580 2.549110 2.549110 2.549110 0.180014 0.180014 0.180014
9590 2.549110 2.549110 2.549110 0.180014 0.180014 0.180014
9600 2.549110 2.549110 2.549110 0.180014 0.180014 0.180014
9610 2.549110 2.549110 2.549110 0.180014 0.180014 0.180014
9620 2.549110 2.549110 2.549110 0.180014 0.180014 0.180014
9630 2.549110 2.549110 2.549110 0.180014 0.180014 0.180014
9640 2.549110 2.549110 2.549110 0.180014 0.180014 0.180014
9650 2.549110 2.549110 2.549110 0.180014 0.180014 0.180014
9660 2.549110 2.549110 2.549110 0.180014 0.180014 0.180014
9670 2.549110 2.549110 2.549110 0.180014 0.180014 0.180014
9680 2.549110 2.549110 2.549110 0.180014 0.180014 0.180014
9690 2.549110 2.549110 2.549110 0.180014 0.180014 0.180014
9700 2.549110 2.549110 2.549110 0.180014 0.180014 0.180014
9710 2.549110 2.549110 2.549110 0.180014 0.180014 0.180014
9720 2.549110 2.549110 2.549110 0.180014 0.180014 0.180014
9730 2.549110 2.549110 2.549110 0.180014 0.180014 0.180014
9740 2.549110 2.549110 2.549110 0.180014 0.180014 0.180014
9750 2.549110 2.549110 2.549110 0.180014 0.180014 0.180014
9760 2.549110 2.549110 2.549110 0.180014 0.180014 0.180014
9770 2.549110 2.549110 2.549110 0.180014 0.180014 0.180014
9780 2.549110 2.549110 2.549110 0.180014 0.180014 0.180014
9790 2.549110 2.549110 2.549110 0.180014 0.180014 0.180014
9800 2.549110 2.549110 2.549110 0.180014 0.180014 0.180014
9810 2.549110 2.549110 2.549110 0.180014 0.180014 0.180014
9820 2.549110 2.549110 2.549110 0.180014 0.180014 0.180014
9830 2.549110 2.549110 2.549110 0.180014 0.180014 0.180014
9840 2.549110 2.549110 2.549110 0.180014 0.180014 0.180014
9850 2.549110 2.549110 2.549110 0.180014 0.180014 0.180014
9860 2.549110 2.549110 2.549110 0.180014 0.180014 0.180014
9870 2.549110 2.549110 2.549110 0.180014 0.180014 0.180014
9880 2.549110 2.549110 2.549110 0.180014 0.180014 0.180014
9890 2.549110 2.549110 2.549110 0.180014 0.180014 0.180014
9900 2.549110 2.549110 2.549110 0.180014 0.180014 0.180014
9910 2.549110 2.549110 2.549110 0.180014 0.180014 0.180014
9920 2.549110 2.549110 2.549110 0.180014 0.180014 0.180014
9930 2.549110 2.549110 2.549110 0.180014 0.180014 0.180014
9940 2.549110 2.549110 2.549110 0.180014 0.180014 0.180014
9950 2.549110 2.549110 2.549110 0.180014 0.180014 0.180014
9960 2.549110 2.549110 2.549110 0.180014 0.180014 0.180014
9970 2.549110 2.549110 2.549110 0.180014 0.180014 0.180014
9980 2.549110 2.549110 2.549110 0.180014 0.180014 0.180014
9990 2.549110 2.549110 2.549110 0.180014 0.180014 0.180014
10000 2.555886 2.555886 2.555886 0.182191 0.182191 0.182191
