# generation power_min power_avg power_max util_min util_avg util_max
1 10.005195 10.939854 12.517124 0.101158 0.104987 0.107685
10 10.005195 10.798280 11.676190 0.102529 0.105297 0.107685
20 9.846852 10.671226 11.346664 0.103339 0.105605 0.107685
30 9.846852 10.561554 11.240302 0.104087 0.105866 0.107734
40 9.846852 10.467979 11.031568 0.104087 0.106081 0.107734
50 9.846852 10.387267 10.898758 0.104087 0.106250 0.107734
60 9.667596 10.294431 10.810345 0.104877 0.106449 0.107883
70 9.643270 10.207863 10.669658 0.105437 0.106626 0.108211
80 9.580582 10.138038 10.575377 0.105439 0.106778 0.108211
90 9.416571 10.054381 10.461197 0.105439 0.106939 0.108257
100 9.293821 9.973276 10.387406 0.105593 0.107091 0.108975
110 9.293821 9.903901 10.285752 0.105910 0.107245 0.108975
120 9.276406 9.833478 10.213342 0.106107 0.107400 0.109171
130 9.237479 9.760046 10.146282 0.106447 0.107595 0.109270
140 9.104733 9.687277 10.050377 0.106570 0.107765 0.109380
150 9.104733 9.618439 9.989131 0.106570 0.107903 0.109380
160 9.082512 9.555486 9.917922 0.106752 0.108052 0.109720
170 8.960009 9.489088 9.858579 0.106827 0.108233 0.109720
180 8.960009 9.427440 9.789740 0.107220 0.108395 0.109720
190 8.875878 9.365902 9.666240 0.107353 0.108559 0.109776
200 8.638669 9.306287 9.643270 0.107353 0.108697 0.110242
210 8.638669 9.247571 9.569749 0.107461 0.108849 0.110242
220 8.638669 9.196214 9.480212 0.107804 0.109003 0.110242
230 8.638669 9.152763 9.413621 0.107804 0.109125 0.110242
240 8.523986 9.098762 9.383416 0.107804 0.109262 0.110429
250 8.523986 9.045506 9.293821 0.108225 0.109397 0.110429
260 8.523986 9.001974 9.265832 0.108403 0.109510 0.110429
270 8.523986 8.957693 9.211890 0.108403 0.109612 0.110429
280 8.523986 8.919150 9.164275 0.108688 0.109691 0.110429
290 8.523986 8.882238 9.104733 0.109020 0.109768 0.110429
300 8.486805 8.841392 9.082512 0.109020 0.109829 0.110539
310 8.486805 8.811743 8.991919 0.109064 0.109885 0.110539
320 8.486805 8.784221 8.969104 0.109064 0.109930 0.110539
330 8.486805 8.752732 8.955526 0.109555 0.109983 0.110539
340 8.486805 8.720355 8.906602 0.109555 0.110028 0.110539
350 8.428955 8.692230 8.875878 0.109587 0.110077 0.110609
360 8.428955 8.661788 8.823045 0.109587 0.110137 0.110609
370 8.428955 8.638953 8.779550 0.109806 0.110184 0.110609
380 8.428955 8.616211 8.742765 0.109806 0.110225 0.110609
390 8.362040 8.592597 8.742765 0.109806 0.110268 0.110717
400 8.362040 8.568006 8.737951 0.109806 0.110320 0.110717
410 8.362040 8.545363 8.713464 0.110043 0.110380 0.110717
420 8.297686 8.517277 8.638669 0.110047 0.110435 0.110941
430 8.297686 8.503608 8.580820 0.110312 0.110466 0.110941
440 8.297686 8.494415 8.523986 0.110351 0.110484 0.110941
450 8.286065 8.483990 8.523986 0.110351 0.110505 0.110941
460 8.286065 8.474027 8.523986 0.110351 0.110525 0.110941
470 8.286065 8.459387 8.523986 0.110351 0.110552 0.110941
480 8.286065 8.445516 8.523986 0.110351 0.110579 0.110941
490 8.286065 8.431619 8.523986 0.110351 0.110604 0.110941
500 8.286065 8.413814 8.523986 0.110351 0.110636 0.110941
510 8.286065 8.396549 8.523986 0.110351 0.110670 0.110941
520 8.286065 8.376261 8.523986 0.110351 0.110711 0.110941
530 8.286065 8.354042 8.512364 0.110351 0.110758 0.110941
540 8.286065 8.336882 8.428955 0.110531 0.110797 0.110941
550 8.286065 8.325042 8.417334 0.110531 0.110826 0.110941
560 8.286065 8.316715 8.362040 0.110638 0.110852 0.110941
570 8.286065 8.309815 8.362040 0.110638 0.110872 0.110941
580 8.286065 8.302682 8.362040 0.110638 0.110889 0.110941
590 8.286065 8.295433 8.350419 0.110638 0.110906 0.110941
600 8.286065 8.292921 8.297686 0.110863 0.110909 0.110941
610 8.286065 8.291992 8.297686 0.110863 0.110903 0.110941
620 8.286065 8.290946 8.297686 0.110863 0.110896 0.110941
630 8.286065 8.289784 8.297686 0.110863 0.110888 0.110941
640 8.286065 8.288621 8.297686 0.110863 0.110880 0.110941
650 8.286065 8.287459 8.297686 0.110863 0.110872 0.110941
660 8.286065 8.286297 8.297686 0.110863 0.110865 0.110941
670 8.286065 8.286065 8.286065 0.110863 0.110863 0.110863
680 8.286065 8.286065 8.286065 0.110863 0.110863 0.110863
690 8.286065 8.286065 8.286065 0.110863 0.110863 0.110863
700 8.286065 8.286065 8.286065 0.110863 0.110863 0.110863
710 8.286065 8.286065 8.286065 0.110863 0.110863 0.110863
720 8.286065 8.286065 8.286065 0.110863 0.110863 0.110863
730 8.286065 8.286065 8.286065 0.110863 0.110863 0.110863
740 8.286065 8.286065 8.286065 0.110863 0.110863 0.110863
750 8.286065 8.286065 8.286065 0.110863 0.110863 0.110863
760 8.286065 8.286065 8.286065 0.110863 0.110863 0.110863
770 8.286065 8.286065 8.286065 0.110863 0.110863 0.110863
780 8.286065 8.286065 8.286065 0.110863 0.110863 0.110863
790 8.286065 8.286065 8.286065 0.110863 0.110863 0.110863
800 8.286065 8.286065 8.286065 0.110863 0.110863 0.110863
810 8.286065 8.286065 8.286065 0.110863 0.110863 0.110863
820 8.286065 8.286065 8.286065 0.110863 0.110863 0.110863
830 8.286065 8.286065 8.286065 0.110863 0.110863 0.110863
840 8.286065 8.286065 8.286065 0.110863 0.110863 0.110863
850 8.286065 8.286065 8.286065 0.110863 0.110863 0.110863
860 8.286065 8.286065 8.286065 0.110863 0.110863 0.110863
870 8.286065 8.286065 8.286065 0.110863 0.110863 0.110863
880 8.286065 8.286065 8.286065 0.110863 0.110863 0.110863
890 8.286065 8.286065 8.286065 0.110863 0.110863 0.110863
900 8.286065 8.286065 8.286065 0.110863 0.110863 0.110863
910 8.286065 8.286065 8.286065 0.110863 0.110863 0.110863
920 8.286065 8.286065 8.286065 0.110863 0.110863 0.110863
930 8.286065 8.286065 8.286065 0.110863 0.110863 0.110863
940 8.286065 8.286065 8.286065 0.110863 0.110863 0.110863
950 8.286065 8.286065 8.286065 0.110863 0.110863 0.110863
960 8.286065 8.286065 8.286065 0.110863 0.110863 0.110863
970 8.286065 8.286065 8.286065 0.110863 0.110863 0.110863
980 8.286065 8.286065 8.286065 0.110863 0.110863 0.110863
990 8.286065 8.286065 8.286065 0.110863 0.110863 0.110863
1000 8.286065 8.286065 8.286065 0.110863 0.110863 0.110863
1010 8.286065 8.286065 8.286065 0.110863 0.110863 0.110863
1020 8.286065 8.286065 8.286065 0.110863 0.110863 0.110863
1030 8.286065 8.286065 8.286065 0.110863 0.110863 0.110863
1040 8.286065 8.286065 8.286065 0.110863 0.110863 0.110863
1050 8.286065 8.286065 8.286065 0.110863 0.110863 0.110863
1060 8.286065 8.286065 8.286065 0.110863 0.110863 0.110863
1070 8.286065 8.286065 8.286065 0.110863 0.110863 0.110863
1080 8.286065 8.286065 8.286065 0.110863 0.110863 0.110863
1090 8.286065 8.286065 8.286065 0.110863 0.110863 0.110863
1100 8.286065 8.286065 8.286065 0.110863 0.110863 0.110863
1110 8.286065 8.286065 8.286065 0.110863 0.110863 0.110863
1120 8.286065 8.286065 8.286065 0.110863 0.110863 0.110863
1130 8.286065 8.286065 8.286065 0.110863 0.110863 0.110863
1140 8.286065 8.286065 8.286065 0.110863 0.110863 0.110863
1150 8.286065 8.286065 8.286065 0.110863 0.110863 0.110863
1160 8.286065 8.286065 8.286065 0.110863 0.110863 0.110863
1170 8.286065 8.286065 8.286065 0.110863 0.110863 0.110863
1180 8.286065 8.286065 8.286065 0.110863 0.110863 0.110863
1190 8.286065 8.286065 8.286065 0.110863 0.110863 0.110863
1200 8.286065 8.286065 8.286065 0.110863 0.110863 0.110863
1210 8.286065 8.286065 8.286065 0.110863 0.110863 0.110863
1220 8.286065 8.286065 8.286065 0.110863 0.110863 0.110863
1230 8.286065 8.286065 8.286065 0.110863 0.110863 0.110863
1240 8.286065 8.286065 8.286065 0.110863 0.110863 0.110863
1250 8.286065 8.286065 8.286065 0.110863 0.110863 0.110863
1260 8.286065 8.286065 8.286065 0.110863 0.110863 0.110863
1270 8.286065 8.286065 8.286065 0.110863 0.110863 0.110863
1280 8.286065 8.286065 8.286065 0.110863 0.110863 0.110863
1290 8.286065 8.286065 8.286065 0.110863 0.110863 0.110863
1300 8.286065 8.286065 8.286065 0.110863 0.110863 0.110863
1310 8.286065 8.286065 8.286065 0.110863 0.110863 0.110863
1320 8.286065 8.286065 8.286065 0.110863 0.110863 0.110863
1330 8.286065 8.286065 8.286065 0.110863 0.110863 0.110863
1340 8.286065 8.286065 8.286065 0.110863 0.110863 0.110863
1350 8.286065 8.286065 8.286065 0.110863 0.110863 0.110863
1360 8.286065 8.286065 8.286065 0.110863 0.110863 0.110863
1370 8.286065 8.286065 8.286065 0.110863 0.110863 0.110863
1380 8.286065 8.286065 8.286065 0.110863 0.110863 0.110863
1390 8.286065 8.286065 8.286065 0.110863 0.110863 0.110863
1400 8.286065 8.286065 8.286065 0.110863 0.110863 0.110863
1410 8.286065 8.286065 8.286065 0.110863 0.110863 0.110863
1420 8.286065 8.286065 8.286065 0.110863 0.110863 0.110863
1430 8.286065 8.286065 8.286065 0.110863 0.110863 0.110863
1440 8.286065 8.286065 8.286065 0.110863 0.110863 0.110863
1450 8.286065 8.286065 8.286065 0.110863 0.110863 0.110863
1460 8.286065 8.286065 8.286065 0.110863 0.110863 0.110863
1470 8.286065 8.286065 8.286065 0.110863 0.110863 0.110863
1480 8.286065 8.286065 8.286065 0.110863 0.110863 0.110863
1490 8.286065 8.286065 8.286065 0.110863 0.110863 0.110863
1500 8.286065 8.286065 8.286065 0.110863 0.110863 0.110863
1510 8.286065 8.286065 8.286065 0.110863 0.110863 0.110863
1520 8.286065 8.286065 8.286065 0.110863 0.110863 0.110863
1530 8.286065 8.286065 8.286065 0.110863 0.110863 0.110863
1540 8.286065 8.286065 8.286065 0.110863 0.110863 0.110863
1550 8.286065 8.286065 8.286065 0.110863 0.110863 0.110863
1560 8.286065 8.286065 8.286065 0.110863 0.110863 0.110863
1570 8.286065 8.286065 8.286065 0.110863 0.110863 0.110863
1580 8.286065 8.286065 8.286065 0.110863 0.110863 0.110863
1590 8.286065 8.286065 8.286065 0.110863 0.110863 0.110863
1600 8.286065 8.286065 8.286065 0.110863 0.110863 0.110863
1610 8.286065 8.286065 8.286065 0.110863 0.110863 0.110863
1620 8.286065 8.286065 8.286065 0.110863 0.110863 0.110863
1630 8.286065 8.286065 8.286065 0.110863 0.110863 0.110863
1640 8.286065 8.286065 8.286065 0.110863 0.110863 0.110863
1650 8.286065 8.286065 8.286065 0.110863 0.110863 0.110863
1660 8.286065 8.286065 8.286065 0.110863 0.110863 0.110863
1670 8.286065 8.286065 8.286065 0.110863 0.110863 0.110863
1680 8.286065 8.286065 8.286065 0.110863 0.110863 0.110863
1690 8.286065 8.286065 8.286065 0.110863 0.110863 0.110863
1700 8.286065 8.286065 8.286065 0.110863 0.110863 0.110863
1710 8.286065 8.286065 8.286065 0.110863 0.110863 0.110863
1720 8.286065 8.286065 8.286065 0.110863 0.110863 0.110863
1730 8.286065 8.286065 8.286065 0.110863 0.110863 0.110863
1740 8.286065 8.286065 8.286065 0.110863 0.110863 0.110863
1750 8.286065 8.286065 8.286065 0.110863 0.110863 0.110863
1760 8.286065 8.286065 8.286065 0.110863 0.110863 0.110863
1770 8.286065 8.286065 8.286065 0.110863 0.110863 0.110863
1780 8.286065 8.286065 8.286065 0.110863 0.110863 0.110863
1790 8.286065 8.286065 8.286065 0.110863 0.110863 0.110863
1800 8.286065 8.286065 8.286065 0.110863 0.110863 0.110863
1810 8.286065 8.286065 8.286065 0.110863 0.110863 0.110863
1820 8.286065 8.286065 8.286065 0.110863 0.110863 0.110863
1830 8.286065 8.286065 8.286065 0.110863 0.110863 0.110863
1840 8.286065 8.286065 8.286065 0.110863 0.110863 0.110863
1850 8.286065 8.286065 8.286065 0.110863 0.110863 0.110863
1860 8.286065 8.286065 8.286065 0.110863 0.110863 0.110863
1870 8.286065 8.286065 8.286065 0.110863 0.110863 0.110863
1880 8.286065 8.286065 8.286065 0.110863 0.110863 0.110863
1890 8.286065 8.286065 8.286065 0.110863 0.110863 0.110863
1900 8.286065 8.286065 8.286065 0.110863 0.110863 0.110863
1910 8.286065 8.286065 8.286065 0.110863 0.110863 0.110863
1920 8.286065 8.286065 8.286065 0.110863 0.110863 0.110863
1930 8.286065 8.286065 8.286065 0.110863 0.110863 0.110863
1940 8.286065 8.286065 8.286065 0.110863 0.110863 0.110863
1950 8.286065 8.286065 8.286065 0.110863 0.110863 0.110863
1960 8.286065 8.286065 8.286065 0.110863 0.110863 0.110863
1970 8.286065 8.286065 8.286065 0.110863 0.110863 0.110863
1980 8.286065 8.286065 8.286065 0.110863 0.110863 0.110863
1990 8.286065 8.286065 8.286065 0.110863 0.110863 0.110863
2000 8.286065 8.286065 8.286065 0.110863 0.110863 0.110863
2010 8.286065 8.286065 8.286065 0.110863 0.110863 0.110863
2020 8.286065 8.286065 8.286065 0.110863 0.110863 0.110863
2030 8.286065 8.286065 8.286065 0.110863 0.110863 0.110863
2040 8.286065 8.286065 8.286065 0.110863 0.110863 0.110863
2050 8.286065 8.286065 8.286065 0.110863 0.110863 0.110863
2060 8.286065 8.286065 8.286065 0.110863 0.110863 0.110863
2070 8.286065 8.286065 8.286065 0.110863 0.110863 0.110863
2080 8.286065 8.286065 8.286065 0.110863 0.110863 0.110863
2090 8.286065 8.286065 8.286065 0.110863 0.110863 0.110863
2100 8.286065 8.286065 8.286065 0.110863 0.110863 0.110863
2110 8.286065 8.286065 8.286065 0.110863 0.110863 0.110863
2120 8.286065 8.286065 8.286065 0.110863 0.110863 0.110863
2130 8.286065 8.286065 8.286065 0.110863 0.110863 0.110863
2140 8.286065 8.286065 8.286065 0.110863 0.110863 0.110863
2150 8.286065 8.286065 8.286065 0.110863 0.110863 0.110863
2160 8.286065 8.286065 8.286065 0.110863 0.110863 0.110863
2170 8.286065 8.286065 8.286065 0.110863 0.110863 0.110863
2180 8.286065 8.286065 8.286065 0.110863 0.110863 0.110863
2190 8.286065 8.286065 8.286065 0.110863 0.110863 0.110863
2200 8.286065 8.286065 8.286065 0.110863 0.110863 0.110863
2210 8.286065 8.286065 8.286065 0.110863 0.110863 0.110863
2220 8.286065 8.286065 8.286065 0.110863 0.110863 0.110863
2230 8.286065 8.286065 8.286065 0.110863 0.110863 0.110863
2240 8.286065 8.286065 8.286065 0.110863 0.110863 0.110863
2250 8.286065 8.286065 8.286065 0.110863 0.110863 0.110863
2260 8.286065 8.286065 8.286065 0.110863 0.110863 0.110863
2270 8.286065 8.286065 8.286065 0.110863 0.110863 0.110863
2280 8.286065 8.286065 8.286065 0.110863 0.110863 0.110863
2290 8.286065 8.286065 8.286065 0.110863 0.110863 0.110863
2300 8.286065 8.286065 8.286065 0.110863 0.110863 0.110863
2310 8.286065 8.286065 8.286065 0.110863 0.110863 0.110863
2320 8.286065 8.286065 8.286065 0.110863 0.110863 0.110863
2330 8.286065 8.286065 8.286065 0.110863 0.110863 0.110863
2340 8.286065 8.286065 8.286065 0.110863 0.110863 0.110863
2350 8.286065 8.286065 8.286065 0.110863 0.110863 0.110863
2360 8.286065 8.286065 8.286065 0.110863 0.110863 0.110863
2370 8.286065 8.286065 8.286065 0.110863 0.110863 0.110863
2380 8.286065 8.286065 8.286065 0.110863 0.110863 0.110863
2390 8.286065 8.286065 8.286065 0.110863 0.110863 0.110863
2400 8.286065 8.286065 8.286065 0.110863 0.110863 0.110863
2410 8.286065 8.286065 8.286065 0.110863 0.110863 0.110863
2420 8.286065 8.286065 8.286065 0.110863 0.110863 0.110863
2430 8.286065 8.286065 8.286065 0.110863 0.110863 0.110863
2440 8.286065 8.286065 8.286065 0.110863 0.110863 0.110863
2450 8.286065 8.286065 8.286065 0.110863 0.110863 0.110863
2460 8.286065 8.286065 8.286065 0.110863 0.110863 0.110863
2470 8.286065 8.286065 8.286065 0.110863 0.110863 0.110863
2480 8.286065 8.286065 8.286065 0.110863 0.110863 0.110863
2490 8.286065 8.286065 8.286065 0.110863 0.110863 0.110863
2500 8.286065 8.286065 8.286065 0.110863 0.110863 0.110863
2510 8.286065 8.286065 8.286065 0.110863 0.110863 0.110863
2520 8.286065 8.286065 8.286065 0.110863 0.110863 0.110863
2530 8.286065 8.286065 8.286065 0.110863 0.110863 0.110863
2540 8.286065 8.286065 8.286065 0.110863 0.110863 0.110863
2550 8.286065 8.286065 8.286065 0.110863 0.110863 0.110863
2560 8.286065 8.286065 8.286065 0.110863 0.110863 0.110863
2570 8.286065 8.286065 8.286065 0.110863 0.110863 0.110863
2580 8.286065 8.286065 8.286065 0.110863 0.110863 0.110863
2590 8.286065 8.286065 8.286065 0.110863 0.110863 0.110863
2600 8.286065 8.286065 8.286065 0.110863 0.110863 0.110863
2610 8.286065 8.286065 8.286065 0.110863 0.110863 0.110863
2620 8.286065 8.286065 8.286065 0.110863 0.110863 0.110863
2630 8.286065 8.286065 8.286065 0.110863 0.110863 0.110863
2640 8.286065 8.286065 8.286065 0.110863 0.110863 0.110863
2650 8.286065 8.286065 8.286065 0.110863 0.110863 0.110863
2660 8.286065 8.286065 8.286065 0.110863 0.110863 0.110863
2670 8.286065 8.286065 8.286065 0.110863 0.110863 0.110863
2680 8.286065 8.286065 8.286065 0.110863 0.110863 0.110863
2690 8.286065 8.286065 8.286065 0.110863 0.110863 0.110863
2700 8.286065 8.286065 8.286065 0.110863 0.110863 0.110863
2710 8.286065 8.286065 8.286065 0.110863 0.110863 0.110863
2720 8.286065 8.286065 8.286065 0.110863 0.110863 0.110863
2730 8.286065 8.286065 8.286065 0.110863 0.110863 0.110863
2740 8.286065 8.286065 8.286065 0.110863 0.110863 0.110863
2750 8.286065 8.286065 8.286065 0.110863 0.110863 0.110863
2760 8.286065 8.286065 8.286065 0.110863 0.110863 0.110863
2770 8.286065 8.286065 8.286065 0.110863 0.110863 0.110863
2780 8.286065 8.286065 8.286065 0.110863 0.110863 0.110863
2790 8.286065 8.286065 8.286065 0.110863 0.110863 0.110863
2800 8.286065 8.286065 8.286065 0.110863 0.110863 0.110863
2810 8.286065 8.286065 8.286065 0.110863 0.110863 0.110863
2820 8.286065 8.286065 8.286065 0.110863 0.110863 0.110863
2830 8.286065 8.286065 8.286065 0.110863 0.110863 0.110863
2840 8.286065 8.286065 8.286065 0.110863 0.110863 0.110863
2850 8.286065 8.286065 8.286065 0.110863 0.110863 0.110863
2860 8.286065 8.286065 8.286065 0.110863 0.110863 0.110863
2870 8.286065 8.286065 8.286065 0.110863 0.110863 0.110863
2880 8.286065 8.286065 8.286065 0.110863 0.110863 0.110863
2890 8.286065 8.286065 8.286065 0.110863 0.110863 0.110863
2900 8.286065 8.286065 8.286065 0.110863 0.110863 0.110863
2910 8.286065 8.286065 8.286065 0.110863 0.110863 0.110863
2920 8.286065 8.286065 8.286065 0.110863 0.110863 0.110863
2930 8.286065 8.286065 8.286065 0.110863 0.110863 0.110863
2940 8.286065 8.286065 8.286065 0.110863 0.110863 0.110863
2950 8.286065 8.286065 8.286065 0.110863 0.110863 0.110863
2960 8.286065 8.286065 8.286065 0.110863 0.110863 0.110863
2970 8.286065 8.286065 8.286065 0.110863 0.110863 0.110863
2980 8.286065 8.286065 8.286065 0.110863 0.110863 0.110863
2990 8.286065 8.286065 8.286065 0.110863 0.110863 0.110863
3000 8.286065 8.286065 8.286065 0.110863 0.110863 0.110863
3010 8.286065 8.286065 8.286065 0.110863 0.110863 0.110863
3020 8.286065 8.286065 8.286065 0.110863 0.110863 0.110863
3030 8.286065 8.286065 8.286065 0.110863 0.110863 0.110863
3040 8.286065 8.286065 8.286065 0.110863 0.110863 0.110863
3050 8.286065 8.286065 8.286065 0.110863 0.110863 0.110863
3060 8.286065 8.286065 8.286065 0.110863 0.110863 0.110863
3070 8.286065 8.286065 8.286065 0.110863 0.110863 0.110863
3080 8.286065 8.286065 8.286065 0.110863 0.110863 0.110863
3090 8.286065 8.286065 8.286065 0.110863 0.110863 0.110863
3100 8.286065 8.286065 8.286065 0.110863 0.110863 0.110863
3110 8.286065 8.286065 8.286065 0.110863 0.110863 0.110863
3120 8.286065 8.286065 8.286065 0.110863 0.110863 0.110863
3130 8.286065 8.286065 8.286065 0.110863 0.110863 0.110863
3140 8.286065 8.286065 8.286065 0.110863 0.110863 0.110863
3150 8.286065 8.286065 8.286065 0.110863 0.110863 0.110863
3160 8.286065 8.286065 8.286065 0.110863 0.110863 0.110863
3170 8.286065 8.286065 8.286065 0.110863 0.110863 0.110863
3180 8.286065 8.286065 8.286065 0.110863 0.110863 0.110863
3190 8.286065 8.286065 8.286065 0.110863 0.110863 0.110863
3200 8.286065 8.286065 8.286065 0.110863 0.110863 0.110863
3210 8.286065 8.286065 8.286065 0.110863 0.110863 0.110863
3220 8.286065 8.286065 8.286065 0.110863 0.110863 0.110863
3230 8.286065 8.286065 8.286065 0.110863 0.110863 0.110863
3240 8.286065 8.286065 8.286065 0.110863 0.110863 0.110863
3250 8.286065 8.286065 8.286065 0.110863 0.110863 0.110863
3260 8.286065 8.286065 8.286065 0.110863 0.110863 0.110863
3270 8.286065 8.286065 8.286065 0.110863 0.110863 0.110863
3280 8.286065 8.286065 8.286065 0.110863 0.110863 0.110863
3290 8.286065 8.286065 8.286065 0.110863 0.110863 0.110863
3300 8.286065 8.286065 8.286065 0.110863 0.110863 0.110863
3310 8.286065 8.286065 8.286065 0.110863 0.110863 0.110863
3320 8.286065 8.286065 8.286065 0.110863 0.110863 0.110863
3330 8.286065 8.286065 8.286065 0.110863 0.110863 0.110863
3340 8.286065 8.286065 8.286065 0.110863 0.110863 0.110863
3350 8.286065 8.286065 8.286065 0.110863 0.110863 0.110863
3360 8.286065 8.286065 8.286065 0.110863 0.110863 0.110863
3370 8.286065 8.286065 8.286065 0.110863 0.110863 0.110863
3380 8.286065 8.286065 8.286065 0.110863 0.110863 0.110863
3390 8.286065 8.286065 8.286065 0.110863 0.110863 0.110863
3400 8.286065 8.286065 8.286065 0.110863 0.110863 0.110863
3410 8.286065 8.286065 8.286065 0.110863 0.110863 0.110863
3420 8.286065 8.286065 8.286065 0.110863 0.110863 0.110863
3430 8.286065 8.286065 8.286065 0.110863 0.110863 0.110863
3440 8.286065 8.286065 8.286065 0.110863 0.110863 0.110863
3450 8.286065 8.286065 8.286065 0.110863 0.110863 0.110863
3460 8.286065 8.286065 8.286065 0.110863 0.110863 0.110863
3470 8.286065 8.286065 8.286065 0.110863 0.110863 0.110863
3480 8.286065 8.286065 8.286065 0.110863 0.110863 0.110863
3490 8.286065 8.286065 8.286065 0.110863 0.110863 0.110863
3500 8.286065 8.286065 8.286065 0.110863 0.110863 0.110863
3510 8.286065 8.286065 8.286065 0.110863 0.110863 0.110863
3520 8.286065 8.286065 8.286065 0.110863 0.110863 0.110863
3530 8.286065 8.286065 8.286065 0.110863 0.110863 0.110863
3540 8.286065 8.286065 8.286065 0.110863 0.110863 0.110863
3550 8.286065 8.286065 8.286065 0.110863 0.110863 0.110863
3560 8.286065 8.286065 8.286065 0.110863 0.110863 0.110863
3570 8.286065 8.286065 8.286065 0.110863 0.110863 0.110863
3580 8.286065 8.286065 8.286065 0.110863 0.110863 0.110863
3590 8.286065 8.286065 8.286065 0.110863 0.110863 0.110863
3600 8.286065 8.286065 8.286065 0.110863 0.110863 0.110863
3610 8.286065 8.286065 8.286065 0.110863 0.110863 0.110863
3620 8.286065 8.286065 8.286065 0.110863 0.110863 0.110863
3630 8.286065 8.286065 8.286065 0.110863 0.110863 0.110863
3640 8.286065 8.286065 8.286065 0.110863 0.110863 0.110863
3650 8.286065 8.286065 8.286065 0.110863 0.110863 0.110863
3660 8.286065 8.286065 8.286065 0.110863 0.110863 0.110863
3670 8.286065 8.286065 8.286065 0.110863 0.110863 0.110863
3680 8.286065 8.286065 8.286065 0.110863 0.110863 0.110863
3690 8.286065 8.286065 8.286065 0.110863 0.110863 0.110863
3700 8.286065 8.286065 8.286065 0.110863 0.110863 0.110863
3710 8.286065 8.286065 8.286065 0.110863 0.110863 0.110863
3720 8.286065 8.286065 8.286065 0.110863 0.110863 0.110863
3730 8.286065 8.286065 8.286065 0.110863 0.110863 0.110863
3740 8.286065 8.286065 8.286065 0.110863 0.110863 0.110863
3750 8.286065 8.286065 8.286065 0.110863 0.110863 0.110863
3760 8.286065 8.286065 8.286065 0.110863 0.110863 0.110863
3770 8.286065 8.286065 8.286065 0.110863 0.110863 0.110863
3780 8.286065 8.286065 8.286065 0.110863 0.110863 0.110863
3790 8.286065 8.286065 8.286065 0.110863 0.110863 0.110863
3800 8.286065 8.286065 8.286065 0.110863 0.110863 0.110863
3810 8.286065 8.286065 8.286065 0.110863 0.110863 0.110863
3820 8.286065 8.286065 8.286065 0.110863 0.110863 0.110863
3830 8.286065 8.286065 8.286065 0.110863 0.110863 0.110863
3840 8.286065 8.286065 8.286065 0.110863 0.110863 0.110863
3850 8.286065 8.286065 8.286065 0.110863 0.110863 0.110863
3860 8.286065 8.286065 8.286065 0.110863 0.110863 0.110863
3870 8.286065 8.286065 8.286065 0.110863 0.110863 0.110863
3880 8.286065 8.286065 8.286065 0.110863 0.110863 0.110863
3890 8.286065 8.286065 8.286065 0.110863 0.110863 0.110863
3900 8.286065 8.286065 8.286065 0.110863 0.110863 0.110863
3910 8.286065 8.286065 8.286065 0.110863 0.110863 0.110863
3920 8.286065 8.286065 8.286065 0.110863 0.110863 0.110863
3930 8.286065 8.286065 8.286065 0.110863 0.110863 0.110863
3940 8.286065 8.286065 8.286065 0.110863 0.110863 0.110863
3950 8.286065 8.286065 8.286065 0.110863 0.110863 0.110863
3960 8.286065 8.286065 8.286065 0.110863 0.110863 0.110863
3970 8.286065 8.286065 8.286065 0.110863 0.110863 0.110863
3980 8.286065 8.286065 8.286065 0.110863 0.110863 0.110863
3990 8.286065 8.286065 8.286065 0.110863 0.110863 0.110863
4000 8.286065 8.286065 8.286065 0.110863 0.110863 0.110863
4010 8.286065 8.286065 8.286065 0.110863 0.110863 0.110863
4020 8.286065 8.286065 8.286065 0.110863 0.110863 0.110863
4030 8.286065 8.286065 8.286065 0.110863 0.110863 0.110863
4040 8.286065 8.286065 8.286065 0.110863 0.110863 0.110863
4050 8.286065 8.286065 8.286065 0.110863 0.110863 0.110863
4060 8.286065 8.286065 8.286065 0.110863 0.110863 0.110863
4070 8.286065 8.286065 8.286065 0.110863 0.110863 0.110863
4080 8.286065 8.286065 8.286065 0.110863 0.110863 0.110863
4090 8.286065 8.286065 8.286065 0.110863 0.110863 0.110863
4100 8.286065 8.286065 8.286065 0.110863 0.110863 0.110863
4110 8.286065 8.286065 8.286065 0.110863 0.110863 0.110863
4120 8.286065 8.286065 8.286065 0.110863 0.110863 0.110863
4130 8.286065 8.286065 8.286065 0.110863 0.110863 0.110863
4140 8.286065 8.286065 8.286065 0.110863 0.110863 0.110863
4150 8.286065 8.286065 8.286065 0.110863 0.110863 0.110863
4160 8.286065 8.286065 8.286065 0.110863 0.110863 0.110863
4170 8.286065 8.286065 8.286065 0.110863 0.110863 0.110863
4180 8.286065 8.286065 8.286065 0.110863 0.110863 0.110863
4190 8.286065 8.286065 8.286065 0.110863 0.110863 0.110863
4200 8.286065 8.286065 8.286065 0.110863 0.110863 0.110863
4210 8.286065 8.286065 8.286065 0.110863 0.110863 0.110863
4220 8.286065 8.286065 8.286065 0.110863 0.110863 0.110863
4230 8.286065 8.286065 8.286065 0.110863 0.110863 0.110863
4240 8.286065 8.286065 8.286065 0.110863 0.110863 0.110863
4250 8.286065 8.286065 8.286065 0.110863 0.110863 0.110863
4260 8.286065 8.286065 8.286065 0.110863 0.110863 0.110863
4270 8.286065 8.286065 8.286065 0.110863 0.110863 0.110863
4280 8.286065 8.286065 8.286065 0.110863 0.110863 0.110863
4290 8.286065 8.286065 8.286065 0.110863 0.110863 0.110863
4300 8.286065 8.286065 8.286065 0.110863 0.110863 0.110863
4310 8.286065 8.286065 8.286065 0.110863 0.110863 0.110863
4320 8.286065 8.286065 8.286065 0.110863 0.110863 0.110863
4330 8.286065 8.286065 8.286065 0.110863 0.110863 0.110863
4340 8.286065 8.286065 8.286065 0.110863 0.110863 0.110863
4350 8.286065 8.286065 8.286065 0.110863 0.110863 0.110863
4360 8.286065 8.286065 8.286065 0.110863 0.110863 0.110863
4370 8.286065 8.286065 8.286065 0.110863 0.110863 0.110863
4380 8.286065 8.286065 8.286065 0.110863 0.110863 0.110863
4390 8.286065 8.286065 8.286065 0.110863 0.110863 0.110863
4400 8.286065 8.286065 8.286065 0.110863 0.110863 0.110863
4410 8.286065 8.286065 8.286065 0.110863 0.110863 0.110863
4420 8.286065 8.286065 8.286065 0.110863 0.110863 0.110863
4430 8.286065 8.286065 8.286065 0.110863 0.110863 0.110863
4440 8.286065 8.286065 8.286065 0.110863 0.110863 0.110863
4450 8.286065 8.286065 8.286065 0.110863 0.110863 0.110863
4460 8.286065 8.286065 8.286065 0.110863 0.110863 0.110863
4470 8.286065 8.286065 8.286065 0.110863 0.110863 0.110863
4480 8.286065 8.286065 8.286065 0.110863 0.110863 0.110863
4490 8.286065 8.286065 8.286065 0.110863 0.110863 0.110863
4500 8.286065 8.286065 8.286065 0.110863 0.110863 0.110863
4510 8.286065 8.286065 8.286065 0.110863 0.110863 0.110863
4520 8.286065 8.286065 8.286065 0.110863 0.110863 0.110863
4530 8.286065 8.286065 8.286065 0.110863 0.110863 0.110863
4540 8.286065 8.286065 8.286065 0.110863 0.110863 0.110863
4550 8.286065 8.286065 8.286065 0.110863 0.110863 0.110863
4560 8.286065 8.286065 8.286065 0.110863 0.110863 0.110863
4570 8.286065 8.286065 8.286065 0.110863 0.110863 0.110863
4580 8.286065 8.286065 8.286065 0.110863 0.110863 0.110863
4590 8.286065 8.286065 8.286065 0.110863 0.110863 0.110863
4600 8.286065 8.286065 8.286065 0.110863 0.110863 0.110863
4610 8.286065 8.286065 8.286065 0.110863 0.110863 0.110863
4620 8.286065 8.286065 8.286065 0.110863 0.110863 0.110863
4630 8.286065 8.286065 8.286065 0.110863 0.110863 0.110863
4640 8.286065 8.286065 8.286065 0.110863 0.110863 0.110863
4650 8.286065 8.286065 8.286065 0.110863 0.110863 0.110863
4660 8.286065 8.286065 8.286065 0.110863 0.110863 0.110863
4670 8.286065 8.286065 8.286065 0.110863 0.110863 0.110863
4680 8.286065 8.286065 8.286065 0.110863 0.110863 0.110863
4690 8.286065 8.286065 8.286065 0.110863 0.110863 0.110863
4700 8.286065 8.286065 8.286065 0.110863 0.110863 0.110863
4710 8.286065 8.286065 8.286065 0.110863 0.110863 0.110863
4720 8.286065 8.286065 8.286065 0.110863 0.110863 0.110863
4730 8.286065 8.286065 8.286065 0.110863 0.110863 0.110863
4740 8.286065 8.286065 8.286065 0.110863 0.110863 0.110863
4750 8.286065 8.286065 8.286065 0.110863 0.110863 0.110863
4760 8.286065 8.286065 8.286065 0.110863 0.110863 0.110863
4770 8.286065 8.286065 8.286065 0.110863 0.110863 0.110863
4780 8.286065 8.286065 8.286065 0.110863 0.110863 0.110863
4790 8.286065 8.286065 8.286065 0.110863 0.110863 0.110863
4800 8.286065 8.286065 8.286065 0.110863 0.110863 0.110863
4810 8.286065 8.286065 8.286065 0.110863 0.110863 0.110863
4820 8.286065 8.286065 8.286065 0.110863 0.110863 0.110863
4830 8.286065 8.286065 8.286065 0.110863 0.110863 0.110863
4840 8.286065 8.286065 8.286065 0.110863 0.110863 0.110863
4850 8.286065 8.286065 8.286065 0.110863 0.110863 0.110863
4860 8.286065 8.286065 8.286065 0.110863 0.110863 0.110863
4870 8.286065 8.286065 8.286065 0.110863 0.110863 0.110863
4880 8.286065 8.286065 8.286065 0.110863 0.110863 0.110863
4890 8.286065 8.286065 8.286065 0.110863 0.110863 0.110863
4900 8.286065 8.286065 8.286065 0.110863 0.110863 0.110863
4910 8.286065 8.286065 8.286065 0.110863 0.110863 0.110863
4920 8.286065 8.286065 8.286065 0.110863 0.110863 0.110863
4930 8.286065 8.286065 8.286065 0.110863 0.110863 0.110863
4940 8.286065 8.286065 8.286065 0.110863 0.110863 0.110863
4950 8.286065 8.286065 8.286065 0.110863 0.110863 0.110863
4960 8.286065 8.286065 8.286065 0.110863 0.110863 0.110863
4970 8.286065 8.286065 8.286065 0.110863 0.110863 0.110863
4980 8.286065 8.286065 8.286065 0.110863 0.110863 0.110863
4990 8.286065 8.286065 8.286065 0.110863 0.110863 0.110863
5000 8.286065 8.286065 8.286065 0.110863 0.110863 0.110863
5010 8.286065 8.286065 8.286065 0.110863 0.110863 0.110863
5020 8.286065 8.286065 8.286065 0.110863 0.110863 0.110863
5030 8.286065 8.286065 8.286065 0.110863 0.110863 0.110863
5040 8.286065 8.286065 8.286065 0.110863 0.110863 0.110863
5050 8.286065 8.286065 8.286065 0.110863 0.110863 0.110863
5060 8.286065 8.286065 8.286065 0.110863 0.110863 0.110863
5070 8.286065 8.286065 8.286065 0.110863 0.110863 0.110863
5080 8.286065 8.286065 8.286065 0.110863 0.110863 0.110863
5090 8.286065 8.286065 8.286065 0.110863 0.110863 0.110863
5100 8.286065 8.286065 8.286065 0.110863 0.110863 0.110863
5110 8.286065 8.286065 8.286065 0.110863 0.110863 0.110863
5120 8.286065 8.286065 8.286065 0.110863 0.110863 0.110863
5130 8.286065 8.286065 8.286065 0.110863 0.110863 0.110863
5140 8.286065 8.286065 8.286065 0.110863 0.110863 0.110863
5150 8.286065 8.286065 8.286065 0.110863 0.110863 0.110863
5160 8.286065 8.286065 8.286065 0.110863 0.110863 0.110863
5170 8.286065 8.286065 8.286065 0.110863 0.110863 0.110863
5180 8.286065 8.286065 8.286065 0.110863 0.110863 0.110863
5190 8.286065 8.286065 8.286065 0.110863 0.110863 0.110863
5200 8.286065 8.286065 8.286065 0.110863 0.110863 0.110863
5210 8.286065 8.286065 8.286065 0.110863 0.110863 0.110863
5220 8.286065 8.286065 8.286065 0.110863 0.110863 0.110863
5230 8.286065 8.286065 8.286065 0.110863 0.110863 0.110863
5240 8.286065 8.286065 8.286065 0.110863 0.110863 0.110863
5250 8.286065 8.286065 8.286065 0.110863 0.110863 0.110863
5260 8.286065 8.286065 8.286065 0.110863 0.110863 0.110863
5270 8.286065 8.286065 8.286065 0.110863 0.110863 0.110863
5280 8.286065 8.286065 8.286065 0.110863 0.110863 0.110863
5290 8.286065 8.286065 8.286065 0.110863 0.110863 0.110863
5300 8.286065 8.286065 8.286065 0.110863 0.110863 0.110863
5310 8.286065 8.286065 8.286065 0.110863 0.110863 0.110863
5320 8.286065 8.286065 8.286065 0.110863 0.110863 0.110863
5330 8.286065 8.286065 8.286065 0.110863 0.110863 0.110863
5340 8.286065 8.286065 8.286065 0.110863 0.110863 0.110863
5350 8.286065 8.286065 8.286065 0.110863 0.110863 0.110863
5360 8.286065 8.286065 8.286065 0.110863 0.110863 0.110863
5370 8.286065 8.286065 8.286065 0.110863 0.110863 0.110863
5380 8.286065 8.286065 8.286065 0.110863 0.110863 0.110863
5390 8.286065 8.286065 8.286065 0.110863 0.110863 0.110863
5400 8.286065 8.286065 8.286065 0.110863 0.110863 0.110863
5410 8.286065 8.286065 8.286065 0.110863 0.110863 0.110863
5420 8.286065 8.286065 8.286065 0.110863 0.110863 0.110863
5430 8.286065 8.286065 8.286065 0.110863 0.110863 0.110863
5440 8.286065 8.286065 8.286065 0.110863 0.110863 0.110863
5450 8.286065 8.286065 8.286065 0.110863 0.110863 0.110863
5460 8.286065 8.286065 8.286065 0.110863 0.110863 0.110863
5470 8.286065 8.286065 8.286065 0.110863 0.110863 0.110863
5480 8.286065 8.286065 8.286065 0.110863 0.110863 0.110863
5490 8.286065 8.286065 8.286065 0.110863 0.110863 0.110863
5500 8.286065 8.286065 8.286065 0.110863 0.110863 0.110863
5510 8.286065 8.286065 8.286065 0.110863 0.110863 0.110863
5520 8.286065 8.286065 8.286065 0.110863 0.110863 0.110863
5530 8.286065 8.286065 8.286065 0.110863 0.110863 0.110863
5540 8.286065 8.286065 8.286065 0.110863 0.110863 0.110863
5550 8.286065 8.286065 8.286065 0.110863 0.110863 0.110863
5560 8.286065 8.286065 8.286065 0.110863 0.110863 0.110863
5570 8.286065 8.286065 8.286065 0.110863 0.110863 0.110863
5580 8.286065 8.286065 8.286065 0.110863 0.110863 0.110863
5590 8.286065 8.286065 8.286065 0.110863 0.110863 0.110863
5600 8.286065 8.286065 8.286065 0.110863 0.110863 0.110863
5610 8.286065 8.286065 8.286065 0.110863 0.110863 0.110863
5620 8.286065 8.286065 8.286065 0.110863 0.110863 0.110863
5630 8.286065 8.286065 8.286065 0.110863 0.110863 0.110863
5640 8.286065 8.286065 8.286065 0.110863 0.110863 0.110863
5650 8.286065 8.286065 8.286065 0.110863 0.110863 0.110863
5660 8.286065 8.286065 8.286065 0.110863 0.110863 0.110863
5670 8.286065 8.286065 8.286065 0.110863 0.110863 0.110863
5680 8.286065 8.286065 8.286065 0.110863 0.110863 0.110863
5690 8.286065 8.286065 8.286065 0.110863 0.110863 0.110863
5700 8.286065 8.286065 8.286065 0.110863 0.110863 0.110863
5710 8.286065 8.286065 8.286065 0.110863 0.110863 0.110863
5720 8.286065 8.286065 8.286065 0.110863 0.110863 0.110863
5730 8.286065 8.286065 8.286065 0.110863 0.110863 0.110863
5740 8.286065 8.286065 8.286065 0.110863 0.110863 0.110863
5750 8.286065 8.286065 8.286065 0.110863 0.110863 0.110863
5760 8.286065 8.286065 8.286065 0.110863 0.110863 0.110863
5770 8.286065 8.286065 8.286065 0.110863 0.110863 0.110863
5780 8.286065 8.286065 8.286065 0.110863 0.110863 0.110863
5790 8.286065 8.286065 8.286065 0.110863 0.110863 0.110863
5800 8.286065 8.286065 8.286065 0.110863 0.110863 0.110863
5810 8.286065 8.286065 8.286065 0.110863 0.110863 0.110863
5820 8.286065 8.286065 8.286065 0.110863 0.110863 0.110863
5830 8.286065 8.286065 8.286065 0.110863 0.110863 0.110863
5840 8.286065 8.286065 8.286065 0.110863 0.110863 0.110863
5850 8.286065 8.286065 8.286065 0.110863 0.110863 0.110863
5860 8.286065 8.286065 8.286065 0.110863 0.110863 0.110863
5870 8.286065 8.286065 8.286065 0.110863 0.110863 0.110863
5880 8.286065 8.286065 8.286065 0.110863 0.110863 0.110863
5890 8.286065 8.286065 8.286065 0.110863 0.110863 0.110863
5900 8.286065 8.286065 8.286065 0.110863 0.110863 0.110863
5910 8.286065 8.286065 8.286065 0.110863 0.110863 0.110863
5920 8.286065 8.286065 8.286065 0.110863 0.110863 0.110863
5930 8.286065 8.286065 8.286065 0.110863 0.110863 0.110863
5940 8.286065 8.286065 8.286065 0.110863 0.110863 0.110863
5950 8.286065 8.286065 8.286065 0.110863 0.110863 0.110863
5960 8.286065 8.286065 8.286065 0.110863 0.110863 0.110863
5970 8.286065 8.286065 8.286065 0.110863 0.110863 0.110863
5980 8.286065 8.286065 8.286065 0.110863 0.110863 0.110863
5990 8.286065 8.286065 8.286065 0.110863 0.110863 0.110863
6000 8.286065 8.286065 8.286065 0.110863 0.110863 0.110863
6010 8.286065 8.286065 8.286065 0.110863 0.110863 0.110863
6020 8.286065 8.286065 8.286065 0.110863 0.110863 0.110863
6030 8.286065 8.286065 8.286065 0.110863 0.110863 0.110863
6040 8.286065 8.286065 8.286065 0.110863 0.110863 0.110863
6050 8.286065 8.286065 8.286065 0.110863 0.110863 0.110863
6060 8.286065 8.286065 8.286065 0.110863 0.110863 0.110863
6070 8.286065 8.286065 8.286065 0.110863 0.110863 0.110863
6080 8.286065 8.286065 8.286065 0.110863 0.110863 0.110863
6090 8.286065 8.286065 8.286065 0.110863 0.110863 0.110863
6100 8.286065 8.286065 8.286065 0.110863 0.110863 0.110863
6110 8.286065 8.286065 8.286065 0.110863 0.110863 0.110863
6120 8.286065 8.286065 8.286065 0.110863 0.110863 0.110863
6130 8.286065 8.286065 8.286065 0.110863 0.110863 0.110863
6140 8.286065 8.286065 8.286065 0.110863 0.110863 0.110863
6150 8.286065 8.286065 8.286065 0.110863 0.110863 0.110863
6160 8.286065 8.286065 8.286065 0.110863 0.110863 0.110863
6170 8.286065 8.286065 8.286065 0.110863 0.110863 0.110863
6180 8.286065 8.286065 8.286065 0.110863 0.110863 0.110863
6190 8.286065 8.286065 8.286065 0.110863 0.110863 0.110863
6200 8.286065 8.286065 8.286065 0.110863 0.110863 0.110863
6210 8.286065 8.286065 8.286065 0.110863 0.110863 0.110863
6220 8.286065 8.286065 8.286065 0.110863 0.110863 0.110863
6230 8.286065 8.286065 8.286065 0.110863 0.110863 0.110863
6240 8.286065 8.286065 8.286065 0.110863 0.110863 0.110863
6250 8.286065 8.286065 8.286065 0.110863 0.110863 0.110863
6260 8.286065 8.286065 8.286065 0.110863 0.110863 0.110863
6270 8.286065 8.286065 8.286065 0.110863 0.110863 0.110863
6280 8.286065 8.286065 8.286065 0.110863 0.110863 0.110863
6290 8.286065 8.286065 8.286065 0.110863 0.110863 0.110863
6300 8.286065 8.286065 8.286065 0.110863 0.110863 0.110863
6310 8.286065 8.286065 8.286065 0.110863 0.110863 0.110863
6320 8.286065 8.286065 8.286065 0.110863 0.110863 0.110863
6330 8.286065 8.286065 8.286065 0.110863 0.110863 0.110863
6340 8.286065 8.286065 8.286065 0.110863 0.110863 0.110863
6350 8.286065 8.286065 8.286065 0.110863 0.110863 0.110863
6360 8.286065 8.286065 8.286065 0.110863 0.110863 0.110863
6370 8.286065 8.286065 8.286065 0.110863 0.110863 0.110863
6380 8.286065 8.286065 8.286065 0.110863 0.110863 0.110863
6390 8.286065 8.286065 8.286065 0.110863 0.110863 0.110863
6400 8.286065 8.286065 8.286065 0.110863 0.110863 0.110863
6410 8.286065 8.286065 8.286065 0.110863 0.110863 0.110863
6420 8.286065 8.286065 8.286065 0.110863 0.110863 0.110863
6430 8.286065 8.286065 8.286065 0.110863 0.110863 0.110863
6440 8.286065 8.286065 8.286065 0.110863 0.110863 0.110863
6450 8.286065 8.286065 8.286065 0.110863 0.110863 0.110863
6460 8.286065 8.286065 8.286065 0.110863 0.110863 0.110863
6470 8.286065 8.286065 8.286065 0.110863 0.110863 0.110863
6480 8.286065 8.286065 8.286065 0.110863 0.110863 0.110863
6490 8.286065 8.286065 8.286065 0.110863 0.110863 0.110863
6500 8.286065 8.286065 8.286065 0.110863 0.110863 0.110863
6510 8.286065 8.286065 8.286065 0.110863 0.110863 0.110863
6520 8.286065 8.286065 8.286065 0.110863 0.110863 0.110863
6530 8.286065 8.286065 8.286065 0.110863 0.110863 0.110863
6540 8.286065 8.286065 8.286065 0.110863 0.110863 0.110863
6550 8.286065 8.286065 8.286065 0.110863 0.110863 0.110863
6560 8.286065 8.286065 8.286065 0.110863 0.110863 0.110863
6570 8.286065 8.286065 8.286065 0.110863 0.110863 0.110863
6580 8.286065 8.286065 8.286065 0.110863 0.110863 0.110863
6590 8.286065 8.286065 8.286065 0.110863 0.110863 0.110863
6600 8.286065 8.286065 8.286065 0.110863 0.110863 0.110863
6610 8.286065 8.286065 8.286065 0.110863 0.110863 0.110863
6620 8.286065 8.286065 8.286065 0.110863 0.110863 0.110863
6630 8.286065 8.286065 8.286065 0.110863 0.110863 0.110863
6640 8.286065 8.286065 8.286065 0.110863 0.110863 0.110863
6650 8.286065 8.286065 8.286065 0.110863 0.110863 0.110863
6660 8.286065 8.286065 8.286065 0.110863 0.110863 0.110863
6670 8.286065 8.286065 8.286065 0.110863 0.110863 0.110863
6680 8.286065 8.286065 8.286065 0.110863 0.110863 0.110863
6690 8.286065 8.286065 8.286065 0.110863 0.110863 0.110863
6700 8.286065 8.286065 8.286065 0.110863 0.110863 0.110863
6710 8.286065 8.286065 8.286065 0.110863 0.110863 0.110863
6720 8.286065 8.286065 8.286065 0.110863 0.110863 0.110863
6730 8.286065 8.286065 8.286065 0.110863 0.110863 0.110863
6740 8.286065 8.286065 8.286065 0.110863 0.110863 0.110863
6750 8.286065 8.286065 8.286065 0.110863 0.110863 0.110863
6760 8.286065 8.286065 8.286065 0.110863 0.110863 0.110863
6770 8.286065 8.286065 8.286065 0.110863 0.110863 0.110863
6780 8.286065 8.286065 8.286065 0.110863 0.110863 0.110863
6790 8.286065 8.286065 8.286065 0.110863 0.110863 0.110863
6800 8.286065 8.286065 8.286065 0.110863 0.110863 0.110863
6810 8.286065 8.286065 8.286065 0.110863 0.110863 0.110863
6820 8.286065 8.286065 8.286065 0.110863 0.110863 0.110863
6830 8.286065 8.286065 8.286065 0.110863 0.110863 0.110863
6840 8.286065 8.286065 8.286065 0.110863 0.110863 0.110863
6850 8.286065 8.286065 8.286065 0.110863 0.110863 0.110863
6860 8.286065 8.286065 8.286065 0.110863 0.110863 0.110863
6870 8.286065 8.286065 8.286065 0.110863 0.110863 0.110863
6880 8.286065 8.286065 8.286065 0.110863 0.110863 0.110863
6890 8.286065 8.286065 8.286065 0.110863 0.110863 0.110863
6900 8.286065 8.286065 8.286065 0.110863 0.110863 0.110863
6910 8.286065 8.286065 8.286065 0.110863 0.110863 0.110863
6920 8.286065 8.286065 8.286065 0.110863 0.110863 0.110863
6930 8.286065 8.286065 8.286065 0.110863 0.110863 0.110863
6940 8.286065 8.286065 8.286065 0.110863 0.110863 0.110863
6950 8.286065 8.286065 8.286065 0.110863 0.110863 0.110863
6960 8.286065 8.286065 8.286065 0.110863 0.110863 0.110863
6970 8.286065 8.286065 8.286065 0.110863 0.110863 0.110863
6980 8.286065 8.286065 8.286065 0.110863 0.110863 0.110863
6990 8.286065 8.286065 8.286065 0.110863 0.110863 0.110863
7000 8.286065 8.286065 8.286065 0.110863 0.110863 0.110863
7010 8.286065 8.286065 8.286065 0.110863 0.110863 0.110863
7020 8.286065 8.286065 8.286065 0.110863 0.110863 0.110863
7030 8.286065 8.286065 8.286065 0.110863 0.110863 0.110863
7040 8.286065 8.286065 8.286065 0.110863 0.110863 0.110863
7050 8.286065 8.286065 8.286065 0.110863 0.110863 0.110863
7060 8.286065 8.286065 8.286065 0.110863 0.110863 0.110863
7070 8.286065 8.286065 8.286065 0.110863 0.110863 0.110863
7080 8.286065 8.286065 8.286065 0.110863 0.110863 0.110863
7090 8.286065 8.286065 8.286065 0.110863 0.110863 0.110863
7100 8.286065 8.286065 8.286065 0.110863 0.110863 0.110863
7110 8.286065 8.286065 8.286065 0.110863 0.110863 0.110863
7120 8.286065 8.286065 8.286065 0.110863 0.110863 0.110863
7130 8.286065 8.286065 8.286065 0.110863 0.110863 0.110863
7140 8.286065 8.286065 8.286065 0.110863 0.110863 0.110863
7150 8.286065 8.286065 8.286065 0.110863 0.110863 0.110863
7160 8.286065 8.286065 8.286065 0.110863 0.110863 0.110863
7170 8.286065 8.286065 8.286065 0.110863 0.110863 0.110863
7180 8.286065 8.286065 8.286065 0.110863 0.110863 0.110863
7190 8.286065 8.286065 8.286065 0.110863 0.110863 0.110863
7200 8.286065 8.286065 8.286065 0.110863 0.110863 0.110863
7210 8.286065 8.286065 8.286065 0.110863 0.110863 0.110863
7220 8.286065 8.286065 8.286065 0.110863 0.110863 0.110863
7230 8.286065 8.286065 8.286065 0.110863 0.110863 0.110863
7240 8.286065 8.286065 8.286065 0.110863 0.110863 0.110863
7250 8.286065 8.286065 8.286065 0.110863 0.110863 0.110863
7260 8.286065 8.286065 8.286065 0.110863 0.110863 0.110863
7270 8.286065 8.286065 8.286065 0.110863 0.110863 0.110863
7280 8.286065 8.286065 8.286065 0.110863 0.110863 0.110863
7290 8.286065 8.286065 8.286065 0.110863 0.110863 0.110863
7300 8.286065 8.286065 8.286065 0.110863 0.110863 0.110863
7310 8.286065 8.286065 8.286065 0.110863 0.110863 0.110863
7320 8.286065 8.286065 8.286065 0.110863 0.110863 0.110863
7330 8.286065 8.286065 8.286065 0.110863 0.110863 0.110863
7340 8.286065 8.286065 8.286065 0.110863 0.110863 0.110863
7350 8.286065 8.286065 8.286065 0.110863 0.110863 0.110863
7360 8.286065 8.286065 8.286065 0.110863 0.110863 0.110863
7370 8.286065 8.286065 8.286065 0.110863 0.110863 0.110863
7380 8.286065 8.286065 8.286065 0.110863 0.110863 0.110863
7390 8.286065 8.286065 8.286065 0.110863 0.110863 0.110863
7400 8.286065 8.286065 8.286065 0.110863 0.110863 0.110863
7410 8.286065 8.286065 8.286065 0.110863 0.110863 0.110863
7420 8.286065 8.286065 8.286065 0.110863 0.110863 0.110863
7430 8.286065 8.286065 8.286065 0.110863 0.110863 0.110863
7440 8.286065 8.286065 8.286065 0.110863 0.110863 0.110863
7450 8.286065 8.286065 8.286065 0.110863 0.110863 0.110863
7460 8.286065 8.286065 8.286065 0.110863 0.110863 0.110863
7470 8.286065 8.286065 8.286065 0.110863 0.110863 0.110863
7480 8.286065 8.286065 8.286065 0.110863 0.110863 0.110863
7490 8.286065 8.286065 8.286065 0.110863 0.110863 0.110863
7500 8.286065 8.286065 8.286065 0.110863 0.110863 0.110863
7510 8.286065 8.286065 8.286065 0.110863 0.110863 0.110863
7520 8.286065 8.286065 8.286065 0.110863 0.110863 0.110863
7530 8.286065 8.286065 8.286065 0.110863 0.110863 0.110863
7540 8.286065 8.286065 8.286065 0.110863 0.110863 0.110863
7550 8.286065 8.286065 8.286065 0.110863 0.110863 0.110863
7560 8.286065 8.286065 8.286065 0.110863 0.110863 0.110863
7570 8.286065 8.286065 8.286065 0.110863 0.110863 0.110863
7580 8.286065 8.286065 8.286065 0.110863 0.110863 0.110863
7590 8.286065 8.286065 8.286065 0.110863 0.110863 0.110863
7600 8.286065 8.286065 8.286065 0.110863 0.110863 0.110863
7610 8.286065 8.286065 8.286065 0.110863 0.110863 0.110863
7620 8.286065 8.286065 8.286065 0.110863 0.110863 0.110863
7630 8.286065 8.286065 8.286065 0.110863 0.110863 0.110863
7640 8.286065 8.286065 8.286065 0.110863 0.110863 0.110863
7650 8.286065 8.286065 8.286065 0.110863 0.110863 0.110863
7660 8.286065 8.286065 8.286065 0.110863 0.110863 0.110863
7670 8.286065 8.286065 8.286065 0.110863 0.110863 0.110863
7680 8.286065 8.286065 8.286065 0.110863 0.110863 0.110863
7690 8.286065 8.286065 8.286065 0.110863 0.110863 0.110863
7700 8.286065 8.286065 8.286065 0.110863 0.110863 0.110863
7710 8.286065 8.286065 8.286065 0.110863 0.110863 0.110863
7720 8.286065 8.286065 8.286065 0.110863 0.110863 0.110863
7730 8.286065 8.286065 8.286065 0.110863 0.110863 0.110863
7740 8.286065 8.286065 8.286065 0.110863 0.110863 0.110863
7750 8.286065 8.286065 8.286065 0.110863 0.110863 0.110863
7760 8.286065 8.286065 8.286065 0.110863 0.110863 0.110863
7770 8.286065 8.286065 8.286065 0.110863 0.110863 0.110863
7780 8.286065 8.286065 8.286065 0.110863 0.110863 0.110863
7790 8.286065 8.286065 8.286065 0.110863 0.110863 0.110863
7800 8.286065 8.286065 8.286065 0.110863 0.110863 0.110863
7810 8.286065 8.286065 8.286065 0.110863 0.110863 0.110863
7820 8.286065 8.286065 8.286065 0.110863 0.110863 0.110863
7830 8.286065 8.286065 8.286065 0.110863 0.110863 0.110863
7840 8.286065 8.286065 8.286065 0.110863 0.110863 0.110863
7850 8.286065 8.286065 8.286065 0.110863 0.110863 0.110863
7860 8.286065 8.286065 8.286065 0.110863 0.110863 0.110863
7870 8.286065 8.286065 8.286065 0.110863 0.110863 0.110863
7880 8.286065 8.286065 8.286065 0.110863 0.110863 0.110863
7890 8.286065 8.286065 8.286065 0.110863 0.110863 0.110863
7900 8.286065 8.286065 8.286065 0.110863 0.110863 0.110863
7910 8.286065 8.286065 8.286065 0.110863 0.110863 0.110863
7920 8.286065 8.286065 8.286065 0.110863 0.110863 0.110863
7930 8.286065 8.286065 8.286065 0.110863 0.110863 0.110863
7940 8.286065 8.286065 8.286065 0.110863 0.110863 0.110863
7950 8.286065 8.286065 8.286065 0.110863 0.110863 0.110863
7960 8.286065 8.286065 8.286065 0.110863 0.110863 0.110863
7970 8.286065 8.286065 8.286065 0.110863 0.110863 0.110863
7980 8.286065 8.286065 8.286065 0.110863 0.110863 0.110863
7990 8.286065 8.286065 8.286065 0.110863 0.110863 0.110863
8000 8.286065 8.286065 8.286065 0.110863 0.110863 0.110863
8010 8.286065 8.286065 8.286065 0.110863 0.110863 0.110863
8020 8.286065 8.286065 8.286065 0.110863 0.110863 0.110863
8030 8.286065 8.286065 8.286065 0.110863 0.110863 0.110863
8040 8.286065 8.286065 8.286065 0.110863 0.110863 0.110863
8050 8.286065 8.286065 8.286065 0.110863 0.110863 0.110863
8060 8.286065 8.286065 8.286065 0.110863 0.110863 0.110863
8070 8.286065 8.286065 8.286065 0.110863 0.110863 0.110863
8080 8.286065 8.286065 8.286065 0.110863 0.110863 0.110863
8090 8.286065 8.286065 8.286065 0.110863 0.110863 0.110863
8100 8.286065 8.286065 8.286065 0.110863 0.110863 0.110863
8110 8.286065 8.286065 8.286065 0.110863 0.110863 0.110863
8120 8.286065 8.286065 8.286065 0.110863 0.110863 0.110863
8130 8.286065 8.286065 8.286065 0.110863 0.110863 0.110863
8140 8.286065 8.286065 8.286065 0.110863 0.110863 0.110863
8150 8.286065 8.286065 8.286065 0.110863 0.110863 0.110863
8160 8.286065 8.286065 8.286065 0.110863 0.110863 0.110863
8170 8.286065 8.286065 8.286065 0.110863 0.110863 0.110863
8180 8.286065 8.286065 8.286065 0.110863 0.110863 0.110863
8190 8.286065 8.286065 8.286065 0.110863 0.110863 0.110863
8200 8.286065 8.286065 8.286065 0.110863 0.110863 0.110863
8210 8.286065 8.286065 8.286065 0.110863 0.110863 0.110863
8220 8.286065 8.286065 8.286065 0.110863 0.110863 0.110863
8230 8.286065 8.286065 8.286065 0.110863 0.110863 0.110863
8240 8.286065 8.286065 8.286065 0.110863 0.110863 0.110863
8250 8.286065 8.286065 8.286065 0.110863 0.110863 0.110863
8260 8.286065 8.286065 8.286065 0.110863 0.110863 0.110863
8270 8.286065 8.286065 8.286065 0.110863 0.110863 0.110863
8280 8.286065 8.286065 8.286065 0.110863 0.110863 0.110863
8290 8.286065 8.286065 8.286065 0.110863 0.110863 0.110863
8300 8.286065 8.286065 8.286065 0.110863 0.110863 0.110863
8310 8.286065 8.286065 8.286065 0.110863 0.110863 0.110863
8320 8.286065 8.286065 8.286065 0.110863 0.110863 0.110863
8330 8.286065 8.286065 8.286065 0.110863 0.110863 0.110863
8340 8.286065 8.286065 8.286065 0.110863 0.110863 0.110863
8350 8.286065 8.286065 8.286065 0.110863 0.110863 0.110863
8360 8.286065 8.286065 8.286065 0.110863 0.110863 0.110863
8370 8.286065 8.286065 8.286065 0.110863 0.110863 0.110863
8380 8.286065 8.286065 8.286065 0.110863 0.110863 0.110863
8390 8.286065 8.286065 8.286065 0.110863 0.110863 0.110863
8400 8.286065 8.286065 8.286065 0.110863 0.110863 0.110863
8410 8.286065 8.286065 8.286065 0.110863 0.110863 0.110863
8420 8.286065 8.286065 8.286065 0.110863 0.110863 0.110863
8430 8.286065 8.286065 8.286065 0.110863 0.110863 0.110863
8440 8.286065 8.286065 8.286065 0.110863 0.110863 0.110863
8450 8.286065 8.286065 8.286065 0.110863 0.110863 0.110863
8460 8.286065 8.286065 8.286065 0.110863 0.110863 0.110863
8470 8.286065 8.286065 8.286065 0.110863 0.110863 0.110863
8480 8.286065 8.286065 8.286065 0.110863 0.110863 0.110863
8490 8.286065 8.286065 8.286065 0.110863 0.110863 0.110863
8500 8.286065 8.286065 8.286065 0.110863 0.110863 0.110863
8510 8.286065 8.286065 8.286065 0.110863 0.110863 0.110863
8520 8.286065 8.286065 8.286065 0.110863 0.110863 0.110863
8530 8.286065 8.286065 8.286065 0.110863 0.110863 0.110863
8540 8.286065 8.286065 8.286065 0.110863 0.110863 0.110863
8550 8.286065 8.286065 8.286065 0.110863 0.110863 0.110863
8560 8.286065 8.286065 8.286065 0.110863 0.110863 0.110863
8570 8.286065 8.286065 8.286065 0.110863 0.110863 0.110863
8580 8.286065 8.286065 8.286065 0.110863 0.110863 0.110863
8590 8.286065 8.286065 8.286065 0.110863 0.110863 0.110863
8600 8.286065 8.286065 8.286065 0.110863 0.110863 0.110863
8610 8.286065 8.286065 8.286065 0.110863 0.110863 0.110863
8620 8.286065 8.286065 8.286065 0.110863 0.110863 0.110863
8630 8.286065 8.286065 8.286065 0.110863 0.110863 0.110863
8640 8.286065 8.286065 8.286065 0.110863 0.110863 0.110863
8650 8.286065 8.286065 8.286065 0.110863 0.110863 0.110863
8660 8.286065 8.286065 8.286065 0.110863 0.110863 0.110863
8670 8.286065 8.286065 8.286065 0.110863 0.110863 0.110863
8680 8.286065 8.286065 8.286065 0.110863 0.110863 0.110863
8690 8.286065 8.286065 8.286065 0.110863 0.110863 0.110863
8700 8.286065 8.286065 8.286065 0.110863 0.110863 0.110863
8710 8.286065 8.286065 8.286065 0.110863 0.110863 0.110863
8720 8.286065 8.286065 8.286065 0.110863 0.110863 0.110863
8730 8.286065 8.286065 8.286065 0.110863 0.110863 0.110863
8740 8.286065 8.286065 8.286065 0.110863 0.110863 0.110863
8750 8.286065 8.286065 8.286065 0.110863 0.110863 0.110863
8760 8.286065 8.286065 8.286065 0.110863 0.110863 0.110863
8770 8.286065 8.286065 8.286065 0.110863 0.110863 0.110863
8780 8.286065 8.286065 8.286065 0.110863 0.110863 0.110863
8790 8.286065 8.286065 8.286065 0.110863 0.110863 0.110863
8800 8.286065 8.286065 8.286065 0.110863 0.110863 0.110863
8810 8.286065 8.286065 8.286065 0.110863 0.110863 0.110863
8820 8.286065 8.286065 8.286065 0.110863 0.110863 0.110863
8830 8.286065 8.286065 8.286065 0.110863 0.110863 0.110863
8840 8.286065 8.286065 8.286065 0.110863 0.110863 0.110863
8850 8.286065 8.286065 8.286065 0.110863 0.110863 0.110863
8860 8.286065 8.286065 8.286065 0.110863 0.110863 0.110863
8870 8.286065 8.286065 8.286065 0.110863 0.110863 0.110863
8880 8.286065 8.286065 8.286065 0.110863 0.110863 0.110863
8890 8.286065 8.286065 8.286065 0.110863 0.110863 0.110863
8900 8.286065 8.286065 8.286065 0.110863 0.110863 0.110863
8910 8.286065 8.286065 8.286065 0.110863 0.110863 0.110863
8920 8.286065 8.286065 8.286065 0.110863 0.110863 0.110863
8930 8.286065 8.286065 8.286065 0.110863 0.110863 0.110863
8940 8.286065 8.286065 8.286065 0.110863 0.110863 0.110863
8950 8.286065 8.286065 8.286065 0.110863 0.110863 0.110863
8960 8.286065 8.286065 8.286065 0.110863 0.110863 0.110863
8970 8.286065 8.286065 8.286065 0.110863 0.110863 0.110863
8980 8.286065 8.286065 8.286065 0.110863 0.110863 0.110863
8990 8.286065 8.286065 8.286065 0.110863 0.110863 0.110863
9000 8.286065 8.286065 8.286065 0.110863 0.110863 0.110863
9010 8.286065 8.286065 8.286065 0.110863 0.110863 0.110863
9020 8.286065 8.286065 8.286065 0.110863 0.110863 0.110863
9030 8.286065 8.286065 8.286065 0.110863 0.110863 0.110863
9040 8.286065 8.286065 8.286065 0.110863 0.110863 0.110863
9050 8.286065 8.286065 8.286065 0.110863 0.110863 0.110863
9060 8.286065 8.286065 8.286065 0.110863 0.110863 0.110863
9070 8.286065 8.286065 8.286065 0.110863 0.110863 0.110863
9080 8.286065 8.286065 8.286065 0.110863 0.110863 0.110863
9090 8.286065 8.286065 8.286065 0.110863 0.110863 0.110863
9100 8.286065 8.286065 8.286065 0.110863 0.110863 0.110863
9110 8.286065 8.286065 8.286065 0.110863 0.110863 0.110863
9120 8.286065 8.286065 8.286065 0.110863 0.110863 0.110863
9130 8.286065 8.286065 8.286065 0.110863 0.110863 0.110863
9140 8.286065 8.286065 8.286065 0.110863 0.110863 0.110863
9150 8.286065 8.286065 8.286065 0.110863 0.110863 0.110863
9160 8.286065 8.286065 8.286065 0.110863 0.110863 0.110863
9170 8.286065 8.286065 8.286065 0.110863 0.110863 0.110863
9180 8.286065 8.286065 8.286065 0.110863 0.110863 0.110863
9190 8.286065 8.286065 8.286065 0.110863 0.110863 0.110863
9200 8.286065 8.286065 8.286065 0.110863 0.110863 0.110863
9210 8.286065 8.286065 8.286065 0.110863 0.110863 0.110863
9220 8.286065 8.286065 8.286065 0.110863 0.110863 0.110863
9230 8.286065 8.286065 8.286065 0.110863 0.110863 0.110863
9240 8.286065 8.286065 8.286065 0.110863 0.110863 0.110863
9250 8.286065 8.286065 8.286065 0.110863 0.110863 0.110863
9260 8.286065 8.286065 8.286065 0.110863 0.110863 0.110863
9270 8.286065 8.286065 8.286065 0.110863 0.110863 0.110863
9280 8.286065 8.286065 8.286065 0.110863 0.110863 0.110863
9290 8.286065 8.286065 8.286065 0.110863 0.110863 0.110863
9300 8.286065 8.286065 8.286065 0.110863 0.110863 0.110863
9310 8.286065 8.286065 8.286065 0.110863 0.110863 0.110863
9320 8.286065 8.286065 8.286065 0.110863 0.110863 0.110863
9330 8.286065 8.286065 8.286065 0.110863 0.110863 0.110863
9340 8.286065 8.286065 8.286065 0.110863 0.110863 0.110863
9350 8.286065 8.286065 8.286065 0.110863 0.110863 0.110863
9360 8.286065 8.286065 8.286065 0.110863 0.110863 0.110863
9370 8.286065 8.286065 8.286065 0.110863 0.110863 0.110863
9380 8.286065 8.286065 8.286065 0.110863 0.110863 0.110863
9390 8.286065 8.286065 8.286065 0.110863 0.110863 0.110863
9400 8.286065 8.286065 8.286065 0.110863 0.110863 0.110863
9410 8.286065 8.286065 8.286065 0.110863 0.110863 0.110863
9420 8.286065 8.286065 8.286065 0.110863 0.110863 0.110863
9430 8.286065 8.286065 8.286065 0.110863 0.110863 0.110863
9440 8.286065 8.286065 8.286065 0.110863 0.110863 0.110863
9450 8.286065 8.286065 8.286065 0.110863 0.110863 0.110863
9460 8.286065 8.286065 8.286065 0.110863 0.110863 0.110863
9470 8.286065 8.286065 8.286065 0.110863 0.110863 0.110863
9480 8.286065 8.286065 8.286065 0.110863 0.110863 0.110863
9490 8.286065 8.286065 8.286065 0.110863 0.110863 0.110863
9500 8.286065 8.286065 8.286065 0.110863 0.110863 0.110863
9510 8.286065 8.286065 8.286065 0.110863 0.110863 0.110863
9520 8.286065 8.286065 8.286065 0.110863 0.110863 0.110863
9530 8.286065 8.286065 8.286065 0.110863 0.110863 0.110863
9540 8.286065 8.286065 8.286065 0.110863 0.110863 0.110863
9550 8.286065 8.286065 8.286065 0.110863 0.110863 0.110863
9560 8.286065 8.286065 8.286065 0.110863 0.110863 0.110863
9570 8.286065 8.286065 8.286065 0.110863 0.110863 0.110863
9580 8.286065 8.286065 8.286065 0.110863 0.110863 0.110863
9590 8.286065 8.286065 8.286065 0.110863 0.110863 0.110863
9600 8.286065 8.286065 8.286065 0.110863 0.110863 0.110863
9610 8.286065 8.286065 8.286065 0.110863 0.110863 0.110863
9620 8.286065 8.286065 8.286065 0.110863 0.110863 0.110863
9630 8.286065 8.286065 8.286065 0.110863 0.110863 0.110863
9640 8.286065 8.286065 8.286065 0.110863 0.110863 0.110863
9650 8.286065 8.286065 8.286065 0.110863 0.110863 0.110863
9660 8.286065 8.286065 8.286065 0.110863 0.110863 0.110863
9670 8.286065 8.286065 8.286065 0.110863 0.110863 0.110863
9680 8.286065 8.286065 8.286065 0.110863 0.110863 0.110863
9690 8.286065 8.286065 8.286065 0.110863 0.110863 0.110863
9700 8.286065 8.286065 8.286065 0.110863 0.110863 0.110863
9710 8.286065 8.286065 8.286065 0.110863 0.110863 0.110863
9720 8.286065 8.286065 8.286065 0.110863 0.110863 0.110863
9730 8.286065 8.286065 8.286065 0.110863 0.110863 0.110863
9740 8.286065 8.286065 8.286065 0.110863 0.110863 0.110863
9750 8.286065 8.286065 8.286065 0.110863 0.110863 0.110863
9760 8.286065 8.286065 8.286065 0.110863 0.110863 0.110863
9770 8.286065 8.286065 8.286065 0.110863 0.110863 0.110863
9780 8.286065 8.286065 8.286065 0.110863 0.110863 0.110863
9790 8.286065 8.286065 8.286065 0.110863 0.110863 0.110863
9800 8.286065 8.286065 8.286065 0.110863 0.110863 0.110863
9810 8.286065 8.286065 8.286065 0.110863 0.110863 0.110863
9820 8.286065 8.286065 8.286065 0.110863 0.110863 0.110863
9830 8.286065 8.286065 8.286065 0.110863 0.110863 0.110863
9840 8.286065 8.286065 8.286065 0.110863 0.110863 0.110863
9850 8.286065 8.286065 8.286065 0.110863 0.110863 0.110863
9860 8.286065 8.286065 8.286065 0.110863 0.110863 0.110863
9870 8.286065 8.286065 8.286065 0.110863 0.110863 0.110863
9880 8.286065 8.286065 8.286065 0.110863 0.110863 0.110863
9890 8.286065 8.286065 8.286065 0.110863 0.110863 0.110863
9900 8.286065 8.286065 8.286065 0.110863 0.110863 0.110863
9910 8.286065 8.286065 8.286065 0.110863 0.110863 0.110863
9920 8.286065 8.286065 8.286065 0.110863 0.110863 0.110863
9930 8.286065 8.286065 8.286065 0.110863 0.110863 0.110863
9940 8.286065 8.286065 8.286065 0.110863 0.110863 0.110863
9950 8.286065 8.286065 8.286065 0.110863 0.110863 0.110863
9960 8.286065 8.286065 8.286065 0.110863 0.110863 0.110863
9970 8.286065 8.286065 8.286065 0.110863 0.110863 0.110863
9980 8.286065 8.286065 8.286065 0.110863 0.110863 0.110863
9990 8.286065 8.286065 8.286065 0.110863 0.110863 0.110863
10000 8.286065 8.286065 8.286065 0.110863 0.110863 0.110863
