# generation power_min power_avg power_max util_min util_avg util_max
1 5.302123 6.807243 8.405463 0.132602 0.209153 0.297094
10 5.302123 6.636443 7.615691 0.132602 0.210216 0.297094
20 5.109768 6.472089 7.359966 0.131416 0.209912 0.297094
30 5.109768 6.340488 7.102772 0.131416 0.209746 0.297094
40 4.827878 6.188778 6.955294 0.131416 0.209766 0.297094
50 4.827878 6.071317 6.791647 0.131416 0.207623 0.261532
60 4.827878 5.955055 6.603633 0.131416 0.207231 0.261532
70 4.827878 5.846644 6.474205 0.131416 0.208901 0.260603
80 4.663087 5.720169 6.352572 0.131416 0.209788 0.260603
90 4.663087 5.608601 6.235541 0.131416 0.209299 0.260603
100 4.495754 5.495162 6.117197 0.131416 0.210012 0.260603
110 4.495754 5.372641 5.972409 0.131416 0.209905 0.260603
120 4.495754 5.266550 5.854974 0.131416 0.209154 0.260603
130 4.362430 5.166904 5.726557 0.131416 0.208079 0.254670
140 4.362430 5.066795 5.609287 0.131416 0.206824 0.254670
150 4.114892 4.965862 5.526994 0.162113 0.205480 0.254670
160 4.114892 4.869401 5.442550 0.151057 0.203710 0.254670
170 4.114892 4.771426 5.334296 0.151057 0.200664 0.254251
180 4.114892 4.684464 5.194337 0.151057 0.198629 0.254251
190 4.114892 4.597970 5.109768 0.151057 0.197975 0.254251
200 3.966236 4.523042 4.889068 0.133690 0.196408 0.254251
210 3.913071 4.451037 4.819134 0.133690 0.194790 0.254251
220 3.892587 4.389346 4.758112 0.133690 0.192502 0.254251
230 3.892587 4.341264 4.668307 0.133690 0.189672 0.252932
240 3.827245 4.278476 4.596910 0.133690 0.187572 0.252932
250 3.789058 4.224814 4.534146 0.133690 0.186224 0.240989
260 3.660929 4.166598 4.484028 0.133690 0.184424 0.240989
270 3.610492 4.102982 4.406187 0.129849 0.183150 0.240989
280 3.610492 4.048901 4.362430 0.129849 0.182022 0.236403
290 3.541440 3.992514 4.276593 0.129849 0.180840 0.236403
300 3.541440 3.938129 4.238040 0.129849 0.181497 0.236403
310 3.523371 3.885401 4.157984 0.129849 0.180189 0.236403
320 3.319942 3.834826 4.125202 0.129849 0.180494 0.231873
330 3.292892 3.776455 4.094901 0.129849 0.180908 0.231873
340 3.284623 3.724308 4.012237 0.135751 0.181558 0.231873
350 3.284623 3.672028 3.966236 0.135751 0.182427 0.231873
360 3.284623 3.630901 3.892587 0.144169 0.181660 0.231873
370 3.256735 3.582298 3.837045 0.144169 0.181406 0.231873
380 3.245059 3.537100 3.799914 0.144169 0.183251 0.231873
390 3.233803 3.498455 3.715858 0.144169 0.183451 0.231873
400 3.170252 3.458639 3.676983 0.144169 0.184339 0.215109
410 3.026720 3.416361 3.638925 0.144169 0.184649 0.215109
420 2.861669 3.365911 3.596336 0.144169 0.185438 0.212719
430 2.757799 3.322813 3.547648 0.156329 0.187023 0.212719
440 2.757799 3.280487 3.510371 0.156329 0.188856 0.214601
450 2.757799 3.243524 3.467529 0.162730 0.191140 0.218407
460 2.757799 3.204228 3.402148 0.162730 0.191961 0.218407
470 2.757799 3.167751 3.365875 0.162730 0.193087 0.218407
480 2.757799 3.125713 3.330640 0.162730 0.194155 0.220046
490 2.718551 3.086185 3.300051 0.162730 0.195981 0.221504
500 2.708233 3.047795 3.261781 0.162730 0.198378 0.223090
510 2.704646 3.008115 3.219761 0.162730 0.199047 0.223090
520 2.646576 2.972367 3.176222 0.171683 0.199938 0.223090
530 2.612865 2.929854 3.136155 0.172061 0.200247 0.226151
540 2.467195 2.890332 3.099595 0.173246 0.200705 0.226151
550 2.467195 2.852862 3.050979 0.173246 0.200647 0.227335
560 2.467195 2.815576 3.026720 0.173246 0.199346 0.227335
570 2.467195 2.780403 2.968634 0.173246 0.199226 0.227335
580 2.467195 2.749671 2.942846 0.173246 0.199356 0.227335
590 2.467195 2.715084 2.914803 0.173246 0.199573 0.230322
600 2.467195 2.686517 2.861669 0.173246 0.199301 0.230322
610 2.467195 2.660102 2.826353 0.173246 0.198546 0.230322
620 2.467195 2.637099 2.772101 0.173246 0.197983 0.230322
630 2.460769 2.613978 2.742813 0.173246 0.197658 0.230322
640 2.448815 2.595449 2.702953 0.174941 0.198046 0.230322
650 2.444158 2.578226 2.672209 0.174941 0.198209 0.230322
660 2.444158 2.562576 2.646576 0.175365 0.199440 0.230322
670 2.444158 2.550328 2.632812 0.175365 0.199480 0.230322
680 2.433547 2.534408 2.612364 0.176887 0.199864 0.230322
690 2.431543 2.518911 2.593019 0.176887 0.200139 0.230322
700 2.407178 2.504535 2.580987 0.176887 0.199934 0.226419
710 2.407178 2.491534 2.570332 0.176887 0.200077 0.226419
720 2.407178 2.478860 2.557371 0.176887 0.200433 0.226419
730 2.398062 2.466459 2.550338 0.182389 0.200693 0.226419
740 2.398062 2.455341 2.534819 0.182389 0.200949 0.226419
750 2.386141 2.444984 2.497275 0.182389 0.199765 0.226003
760 2.380484 2.438026 2.483006 0.182389 0.199803 0.226003
770 2.380484 2.432291 2.460769 0.188641 0.200136 0.226003
780 2.380484 2.426528 2.457922 0.183260 0.200248 0.226003
790 2.380484 2.421412 2.452203 0.183260 0.200463 0.226003
800 2.380484 2.416869 2.443819 0.183260 0.200572 0.226003
810 2.376446 2.411947 2.439332 0.183260 0.200374 0.226003
820 2.361050 2.406839 2.433547 0.183260 0.200385 0.226003
830 2.361050 2.402530 2.427479 0.183260 0.200224 0.226003
840 2.361050 2.399108 2.420707 0.183260 0.199424 0.219361
850 2.361050 2.395379 2.415884 0.183260 0.199585 0.213313
860 2.361050 2.391944 2.415538 0.183260 0.200132 0.213313
870 2.361050 2.388615 2.410929 0.183260 0.200331 0.213313
880 2.360702 2.385200 2.406933 0.183260 0.200090 0.213313
890 2.358159 2.382628 2.399058 0.183260 0.199803 0.213313
900 2.358159 2.380595 2.394838 0.183260 0.200428 0.213313
910 2.358159 2.379158 2.387261 0.183260 0.199789 0.202855
920 2.358159 2.378013 2.381249 0.187530 0.200428 0.202855
930 2.358159 2.377621 2.380484 0.187530 0.200351 0.202855
940 2.349847 2.376884 2.380373 0.187530 0.200088 0.202855
950 2.349532 2.375901 2.380373 0.187530 0.199812 0.202855
960 2.347470 2.373841 2.380373 0.185124 0.199162 0.202855
970 2.347470 2.372068 2.380373 0.185124 0.198585 0.202855
980 2.342240 2.369885 2.379969 0.185124 0.197871 0.202855
990 2.342240 2.367979 2.378234 0.184553 0.197310 0.202855
1000 2.337836 2.365418 2.378234 0.184553 0.196803 0.202855
1010 2.337836 2.362283 2.377688 0.184553 0.195918 0.202855
1020 2.337836 2.359084 2.376768 0.184553 0.194992 0.202855
1030 2.331281 2.355517 2.376315 0.183039 0.194105 0.202263
1040 2.330443 2.351928 2.374518 0.182633 0.192989 0.201244
1050 2.329928 2.348439 2.369376 0.182633 0.191969 0.200025
1060 2.329613 2.345317 2.365486 0.182633 0.191501 0.200025
1070 2.329613 2.342984 2.359543 0.177742 0.190592 0.200025
1080 2.329613 2.341075 2.350686 0.177742 0.189862 0.200025
1090 2.329613 2.339689 2.349633 0.177742 0.189686 0.200025
1100 2.329160 2.337937 2.347792 0.177742 0.188540 0.193190
1110 2.329160 2.336628 2.344523 0.177742 0.187931 0.193190
1120 2.329160 2.335335 2.342240 0.177742 0.186929 0.192793
1130 2.329160 2.334098 2.342240 0.177742 0.185938 0.192793
1140 2.329160 2.332829 2.342240 0.177742 0.184946 0.192793
1150 2.329160 2.331609 2.341725 0.177742 0.183977 0.192529
1160 2.329160 2.330451 2.337836 0.182633 0.183442 0.190326
1170 2.329160 2.329835 2.331281 0.182633 0.182862 0.183107
1180 2.328824 2.329701 2.330443 0.182688 0.182864 0.183119
1190 2.328824 2.329623 2.329928 0.182688 0.182842 0.183119
1200 2.328824 2.329587 2.329928 0.182688 0.182859 0.183119
1210 2.328824 2.329567 2.329613 0.182830 0.182856 0.183119
1220 2.328824 2.329555 2.329613 0.182830 0.182863 0.183119
1230 2.328824 2.329541 2.329613 0.182830 0.182872 0.183119
1240 2.328824 2.329527 2.329613 0.182830 0.182878 0.183119
1250 2.328824 2.329508 2.329613 0.182830 0.182887 0.183119
1260 2.328824 2.329488 2.329613 0.182830 0.182897 0.183119
1270 2.328824 2.329469 2.329613 0.182830 0.182906 0.183119
1280 2.328824 2.329433 2.329613 0.182830 0.182924 0.183119
1290 2.328824 2.329388 2.329613 0.182830 0.182947 0.183119
1300 2.328824 2.329344 2.329613 0.182830 0.182962 0.183119
1310 2.328824 2.329292 2.329613 0.182830 0.182980 0.183119
1320 2.328824 2.329238 2.329613 0.182830 0.183005 0.183119
1330 2.328824 2.329178 2.329613 0.182830 0.183026 0.183119
1340 2.328824 2.329113 2.329613 0.182830 0.183049 0.183119
1350 2.328824 2.329063 2.329160 0.182929 0.183056 0.183119
1360 2.328824 2.329047 2.329160 0.182929 0.183045 0.183119
1370 2.328824 2.329019 2.329160 0.182929 0.183045 0.183119
1380 2.328824 2.328990 2.329160 0.182929 0.183042 0.183119
1390 2.328824 2.328958 2.329160 0.182929 0.183041 0.183119
1400 2.328824 2.328929 2.329160 0.182929 0.183039 0.183119
1410 2.328824 2.328903 2.329050 0.182929 0.183052 0.183119
1420 2.328824 2.328881 2.329050 0.182929 0.183071 0.183119
1430 2.328824 2.328858 2.329050 0.182929 0.183090 0.183119
1440 2.328824 2.328836 2.329050 0.182929 0.183109 0.183119
1450 2.328824 2.328824 2.328824 0.183119 0.183119 0.183119
1460 2.328824 2.328824 2.328824 0.183119 0.183119 0.183119
1470 2.328824 2.328824 2.328824 0.183119 0.183119 0.183119
1480 2.328824 2.328824 2.328824 0.183119 0.183119 0.183119
1490 2.328824 2.328824 2.328824 0.183119 0.183119 0.183119
1500 2.328824 2.328824 2.328824 0.183119 0.183119 0.183119
1510 2.328824 2.328824 2.328824 0.183119 0.183119 0.183119
1520 2.328824 2.328824 2.328824 0.183119 0.183119 0.183119
1530 2.328824 2.328824 2.328824 0.183119 0.183119 0.183119
1540 2.328824 2.328824 2.328824 0.183119 0.183119 0.183119
1550 2.328824 2.328824 2.328824 0.183119 0.183119 0.183119
1560 2.328824 2.328824 2.328824 0.183119 0.183119 0.183119
1570 2.328824 2.328824 2.328824 0.183119 0.183119 0.183119
1580 2.328824 2.328824 2.328824 0.183119 0.183119 0.183119
1590 2.328824 2.328824 2.328824 0.183119 0.183119 0.183119
1600 2.328824 2.328824 2.328824 0.183119 0.183119 0.183119
1610 2.328824 2.328824 2.328824 0.183119 0.183119 0.183119
1620 2.328824 2.328824 2.328824 0.183119 0.183119 0.183119
1630 2.328824 2.328824 2.328824 0.183119 0.183119 0.183119
1640 2.328824 2.328824 2.328824 0.183119 0.183119 0.183119
1650 2.328824 2.328824 2.328824 0.183119 0.183119 0.183119
1660 2.328824 2.328824 2.328824 0.183119 0.183119 0.183119
1670 2.328824 2.328824 2.328824 0.183119 0.183119 0.183119
1680 2.328824 2.328824 2.328824 0.183119 0.183119 0.183119
1690 2.328824 2.328824 2.328824 0.183119 0.183119 0.183119
1700 2.328824 2.328824 2.328824 0.183119 0.183119 0.183119
1710 2.328824 2.328824 2.328824 0.183119 0.183119 0.183119
1720 2.328824 2.328824 2.328824 0.183119 0.183119 0.183119
1730 2.328824 2.328824 2.328824 0.183119 0.183119 0.183119
1740 2.328824 2.328824 2.328824 0.183119 0.183119 0.183119
1750 2.328824 2.328824 2.328824 0.183119 0.183119 0.183119
1760 2.328824 2.328824 2.328824 0.183119 0.183119 0.183119
1770 2.328824 2.328824 2.328824 0.183119 0.183119 0.183119
1780 2.328824 2.328824 2.328824 0.183119 0.183119 0.183119
1790 2.328824 2.328824 2.328824 0.183119 0.183119 0.183119
1800 2.328824 2.328824 2.328824 0.183119 0.183119 0.183119
1810 2.328824 2.328824 2.328824 0.183119 0.183119 0.183119
1820 2.328824 2.328824 2.328824 0.183119 0.183119 0.183119
1830 2.328824 2.328824 2.328824 0.183119 0.183119 0.183119
1840 2.328824 2.328824 2.328824 0.183119 0.183119 0.183119
1850 2.328824 2.328824 2.328824 0.183119 0.183119 0.183119
1860 2.328824 2.328824 2.328824 0.183119 0.183119 0.183119
1870 2.328824 2.328824 2.328824 0.183119 0.183119 0.183119
1880 2.328824 2.328824 2.328824 0.183119 0.183119 0.183119
1890 2.328824 2.328824 2.328824 0.183119 0.183119 0.183119
1900 2.328824 2.328824 2.328824 0.183119 0.183119 0.183119
1910 2.328824 2.328824 2.328824 0.183119 0.183119 0.183119
1920 2.328824 2.328824 2.328824 0.183119 0.183119 0.183119
1930 2.328824 2.328824 2.328824 0.183119 0.183119 0.183119
1940 2.328824 2.328824 2.328824 0.183119 0.183119 0.183119
1950 2.328824 2.328824 2.328824 0.183119 0.183119 0.183119
1960 2.328824 2.328824 2.328824 0.183119 0.183119 0.183119
1970 2.328824 2.328824 2.328824 0.183119 0.183119 0.183119
1980 2.328824 2.328824 2.328824 0.183119 0.183119 0.183119
1990 2.328824 2.328824 2.328824 0.183119 0.183119 0.183119
2000 2.328824 2.328824 2.328824 0.183119 0.183119 0.183119
2010 2.328824 2.328824 2.328824 0.183119 0.183119 0.183119
2020 2.328824 2.328824 2.328824 0.183119 0.183119 0.183119
2030 2.328824 2.328824 2.328824 0.183119 0.183119 0.183119
2040 2.328824 2.328824 2.328824 0.183119 0.183119 0.183119
2050 2.328824 2.328824 2.328824 0.183119 0.183119 0.183119
2060 2.328824 2.328824 2.328824 0.183119 0.183119 0.183119
2070 2.328824 2.328824 2.328824 0.183119 0.183119 0.183119
2080 2.328824 2.328824 2.328824 0.183119 0.183119 0.183119
2090 2.328824 2.328824 2.328824 0.183119 0.183119 0.183119
2100 2.328824 2.328824 2.328824 0.183119 0.183119 0.183119
2110 2.328824 2.328824 2.328824 0.183119 0.183119 0.183119
2120 2.328824 2.328824 2.328824 0.183119 0.183119 0.183119
2130 2.328824 2.328824 2.328824 0.183119 0.183119 0.183119
2140 2.328824 2.328824 2.328824 0.183119 0.183119 0.183119
2150 2.328824 2.328824 2.328824 0.183119 0.183119 0.183119
2160 2.328824 2.328824 2.328824 0.183119 0.183119 0.183119
2170 2.328824 2.328824 2.328824 0.183119 0.183119 0.183119
2180 2.328824 2.328824 2.328824 0.183119 0.183119 0.183119
2190 2.328824 2.328824 2.328824 0.183119 0.183119 0.183119
2200 2.328824 2.328824 2.328824 0.183119 0.183119 0.183119
2210 2.328824 2.328824 2.328824 0.183119 0.183119 0.183119
2220 2.328824 2.328824 2.328824 0.183119 0.183119 0.183119
2230 2.328824 2.328824 2.328824 0.183119 0.183119 0.183119
2240 2.328824 2.328824 2.328824 0.183119 0.183119 0.183119
2250 2.328824 2.328824 2.328824 0.183119 0.183119 0.183119
2260 2.328824 2.328824 2.328824 0.183119 0.183119 0.183119
2270 2.328824 2.328824 2.328824 0.183119 0.183119 0.183119
2280 2.328824 2.328824 2.328824 0.183119 0.183119 0.183119
2290 2.328824 2.328824 2.328824 0.183119 0.183119 0.183119
2300 2.328824 2.328824 2.328824 0.183119 0.183119 0.183119
2310 2.328824 2.328824 2.328824 0.183119 0.183119 0.183119
2320 2.328824 2.328824 2.328824 0.183119 0.183119 0.183119
2330 2.328824 2.328824 2.328824 0.183119 0.183119 0.183119
2340 2.328824 2.328824 2.328824 0.183119 0.183119 0.183119
2350 2.328824 2.328824 2.328824 0.183119 0.183119 0.183119
2360 2.328824 2.328824 2.328824 0.183119 0.183119 0.183119
2370 2.328824 2.328824 2.328824 0.183119 0.183119 0.183119
2380 2.328824 2.328824 2.328824 0.183119 0.183119 0.183119
2390 2.328824 2.328824 2.328824 0.183119 0.183119 0.183119
2400 2.328824 2.328824 2.328824 0.183119 0.183119 0.183119
2410 2.328824 2.328824 2.328824 0.183119 0.183119 0.183119
2420 2.328824 2.328824 2.328824 0.183119 0.183119 0.183119
2430 2.328824 2.328824 2.328824 0.183119 0.183119 0.183119
2440 2.328824 2.328824 2.328824 0.183119 0.183119 0.183119
2450 2.328824 2.328824 2.328824 0.183119 0.183119 0.183119
2460 2.328824 2.328824 2.328824 0.183119 0.183119 0.183119
2470 2.328824 2.328824 2.328824 0.183119 0.183119 0.183119
2480 2.328824 2.328824 2.328824 0.183119 0.183119 0.183119
2490 2.328824 2.328824 2.328824 0.183119 0.183119 0.183119
2500 2.328824 2.328824 2.328824 0.183119 0.183119 0.183119
2510 2.328824 2.328824 2.328824 0.183119 0.183119 0.183119
2520 2.328824 2.328824 2.328824 0.183119 0.183119 0.183119
2530 2.328824 2.328824 2.328824 0.183119 0.183119 0.183119
2540 2.328824 2.328824 2.328824 0.183119 0.183119 0.183119
2550 2.328824 2.328824 2.328824 0.183119 0.183119 0.183119
2560 2.328824 2.328824 2.328824 0.183119 0.183119 0.183119
2570 2.328824 2.328824 2.328824 0.183119 0.183119 0.183119
2580 2.328824 2.328824 2.328824 0.183119 0.183119 0.183119
2590 2.328824 2.328824 2.328824 0.183119 0.183119 0.183119
2600 2.328824 2.328824 2.328824 0.183119 0.183119 0.183119
2610 2.328824 2.328824 2.328824 0.183119 0.183119 0.183119
2620 2.328824 2.328824 2.328824 0.183119 0.183119 0.183119
2630 2.328824 2.328824 2.328824 0.183119 0.183119 0.183119
2640 2.328824 2.328824 2.328824 0.183119 0.183119 0.183119
2650 2.328824 2.328824 2.328824 0.183119 0.183119 0.183119
2660 2.328824 2.328824 2.328824 0.183119 0.183119 0.183119
2670 2.328824 2.328824 2.328824 0.183119 0.183119 0.183119
2680 2.328824 2.328824 2.328824 0.183119 0.183119 0.183119
2690 2.328824 2.328824 2.328824 0.183119 0.183119 0.183119
2700 2.328824 2.328824 2.328824 0.183119 0.183119 0.183119
2710 2.328824 2.328824 2.328824 0.183119 0.183119 0.183119
2720 2.328824 2.328824 2.328824 0.183119 0.183119 0.183119
2730 2.328824 2.328824 2.328824 0.183119 0.183119 0.183119
2740 2.328824 2.328824 2.328824 0.183119 0.183119 0.183119
2750 2.328824 2.328824 2.328824 0.183119 0.183119 0.183119
2760 2.328824 2.328824 2.328824 0.183119 0.183119 0.183119
2770 2.328824 2.328824 2.328824 0.183119 0.183119 0.183119
2780 2.328824 2.328824 2.328824 0.183119 0.183119 0.183119
2790 2.328824 2.328824 2.328824 0.183119 0.183119 0.183119
2800 2.328824 2.328824 2.328824 0.183119 0.183119 0.183119
2810 2.328824 2.328824 2.328824 0.183119 0.183119 0.183119
2820 2.328824 2.328824 2.328824 0.183119 0.183119 0.183119
2830 2.328824 2.328824 2.328824 0.183119 0.183119 0.183119
2840 2.328824 2.328824 2.328824 0.183119 0.183119 0.183119
2850 2.328824 2.328824 2.328824 0.183119 0.183119 0.183119
2860 2.328824 2.328824 2.328824 0.183119 0.183119 0.183119
2870 2.328824 2.328824 2.328824 0.183119 0.183119 0.183119
2880 2.328824 2.328824 2.328824 0.183119 0.183119 0.183119
2890 2.328824 2.328824 2.328824 0.183119 0.183119 0.183119
2900 2.328824 2.328824 2.328824 0.183119 0.183119 0.183119
2910 2.328824 2.328824 2.328824 0.183119 0.183119 0.183119
2920 2.328824 2.328824 2.328824 0.183119 0.183119 0.183119
2930 2.328824 2.328824 2.328824 0.183119 0.183119 0.183119
2940 2.328824 2.328824 2.328824 0.183119 0.183119 0.183119
2950 2.328824 2.328824 2.328824 0.183119 0.183119 0.183119
2960 2.328824 2.328824 2.328824 0.183119 0.183119 0.183119
2970 2.328824 2.328824 2.328824 0.183119 0.183119 0.183119
2980 2.328824 2.328824 2.328824 0.183119 0.183119 0.183119
2990 2.328824 2.328824 2.328824 0.183119 0.183119 0.183119
3000 2.328824 2.328824 2.328824 0.183119 0.183119 0.183119
3010 2.328824 2.328824 2.328824 0.183119 0.183119 0.183119
3020 2.328824 2.328824 2.328824 0.183119 0.183119 0.183119
3030 2.328824 2.328824 2.328824 0.183119 0.183119 0.183119
3040 2.328824 2.328824 2.328824 0.183119 0.183119 0.183119
3050 2.328824 2.328824 2.328824 0.183119 0.183119 0.183119
3060 2.328824 2.328824 2.328824 0.183119 0.183119 0.183119
3070 2.328824 2.328824 2.328824 0.183119 0.183119 0.183119
3080 2.328824 2.328824 2.328824 0.183119 0.183119 0.183119
3090 2.328824 2.328824 2.328824 0.183119 0.183119 0.183119
3100 2.328824 2.328824 2.328824 0.183119 0.183119 0.183119
3110 2.328824 2.328824 2.328824 0.183119 0.183119 0.183119
3120 2.328824 2.328824 2.328824 0.183119 0.183119 0.183119
3130 2.328824 2.328824 2.328824 0.183119 0.183119 0.183119
3140 2.328824 2.328824 2.328824 0.183119 0.183119 0.183119
3150 2.328824 2.328824 2.328824 0.183119 0.183119 0.183119
3160 2.328824 2.328824 2.328824 0.183119 0.183119 0.183119
3170 2.328824 2.328824 2.328824 0.183119 0.183119 0.183119
3180 2.328824 2.328824 2.328824 0.183119 0.183119 0.183119
3190 2.328824 2.328824 2.328824 0.183119 0.183119 0.183119
3200 2.328824 2.328824 2.328824 0.183119 0.183119 0.183119
3210 2.328824 2.328824 2.328824 0.183119 0.183119 0.183119
3220 2.328824 2.328824 2.328824 0.183119 0.183119 0.183119
3230 2.328824 2.328824 2.328824 0.183119 0.183119 0.183119
3240 2.328824 2.328824 2.328824 0.183119 0.183119 0.183119
3250 2.328824 2.328824 2.328824 0.183119 0.183119 0.183119
3260 2.328824 2.328824 2.328824 0.183119 0.183119 0.183119
3270 2.328824 2.328824 2.328824 0.183119 0.183119 0.183119
3280 2.328824 2.328824 2.328824 0.183119 0.183119 0.183119
3290 2.328824 2.328824 2.328824 0.183119 0.183119 0.183119
3300 2.328824 2.328824 2.328824 0.183119 0.183119 0.183119
3310 2.328824 2.328824 2.328824 0.183119 0.183119 0.183119
3320 2.328824 2.328824 2.328824 0.183119 0.183119 0.183119
3330 2.328824 2.328824 2.328824 0.183119 0.183119 0.183119
3340 2.328824 2.328824 2.328824 0.183119 0.183119 0.183119
3350 2.328824 2.328824 2.328824 0.183119 0.183119 0.183119
3360 2.328824 2.328824 2.328824 0.183119 0.183119 0.183119
3370 2.328824 2.328824 2.328824 0.183119 0.183119 0.183119
3380 2.328824 2.328824 2.328824 0.183119 0.183119 0.183119
3390 2.328824 2.328824 2.328824 0.183119 0.183119 0.183119
3400 2.328824 2.328824 2.328824 0.183119 0.183119 0.183119
3410 2.328824 2.328824 2.328824 0.183119 0.183119 0.183119
3420 2.328824 2.328824 2.328824 0.183119 0.183119 0.183119
3430 2.328824 2.328824 2.328824 0.183119 0.183119 0.183119
3440 2.328824 2.328824 2.328824 0.183119 0.183119 0.183119
3450 2.328824 2.328824 2.328824 0.183119 0.183119 0.183119
3460 2.328824 2.328824 2.328824 0.183119 0.183119 0.183119
3470 2.328824 2.328824 2.328824 0.183119 0.183119 0.183119
3480 2.328824 2.328824 2.328824 0.183119 0.183119 0.183119
3490 2.328824 2.328824 2.328824 0.183119 0.183119 0.183119
3500 2.328824 2.328824 2.328824 0.183119 0.183119 0.183119
3510 2.328824 2.328824 2.328824 0.183119 0.183119 0.183119
3520 2.328824 2.328824 2.328824 0.183119 0.183119 0.183119
3530 2.328824 2.328824 2.328824 0.183119 0.183119 0.183119
3540 2.328824 2.328824 2.328824 0.183119 0.183119 0.183119
3550 2.328824 2.328824 2.328824 0.183119 0.183119 0.183119
3560 2.328824 2.328824 2.328824 0.183119 0.183119 0.183119
3570 2.328824 2.328824 2.328824 0.183119 0.183119 0.183119
3580 2.328824 2.328824 2.328824 0.183119 0.183119 0.183119
3590 2.328824 2.328824 2.328824 0.183119 0.183119 0.183119
3600 2.328824 2.328824 2.328824 0.183119 0.183119 0.183119
3610 2.328824 2.328824 2.328824 0.183119 0.183119 0.183119
3620 2.328824 2.328824 2.328824 0.183119 0.183119 0.183119
3630 2.328824 2.328824 2.328824 0.183119 0.183119 0.183119
3640 2.328824 2.328824 2.328824 0.183119 0.183119 0.183119
3650 2.328824 2.328824 2.328824 0.183119 0.183119 0.183119
3660 2.328824 2.328824 2.328824 0.183119 0.183119 0.183119
3670 2.328824 2.328824 2.328824 0.183119 0.183119 0.183119
3680 2.328824 2.328824 2.328824 0.183119 0.183119 0.183119
3690 2.328824 2.328824 2.328824 0.183119 0.183119 0.183119
3700 2.328824 2.328824 2.328824 0.183119 0.183119 0.183119
3710 2.328824 2.328824 2.328824 0.183119 0.183119 0.183119
3720 2.328824 2.328824 2.328824 0.183119 0.183119 0.183119
3730 2.328824 2.328824 2.328824 0.183119 0.183119 0.183119
3740 2.328824 2.328824 2.328824 0.183119 0.183119 0.183119
3750 2.328824 2.328824 2.328824 0.183119 0.183119 0.183119
3760 2.328824 2.328824 2.328824 0.183119 0.183119 0.183119
3770 2.328824 2.328824 2.328824 0.183119 0.183119 0.183119
3780 2.328824 2.328824 2.328824 0.183119 0.183119 0.183119
3790 2.328824 2.328824 2.328824 0.183119 0.183119 0.183119
3800 2.328824 2.328824 2.328824 0.183119 0.183119 0.183119
3810 2.328824 2.328824 2.328824 0.183119 0.183119 0.183119
3820 2.328824 2.328824 2.328824 0.183119 0.183119 0.183119
3830 2.328824 2.328824 2.328824 0.183119 0.183119 0.183119
3840 2.328824 2.328824 2.328824 0.183119 0.183119 0.183119
3850 2.328824 2.328824 2.328824 0.183119 0.183119 0.183119
3860 2.328824 2.328824 2.328824 0.183119 0.183119 0.183119
3870 2.328824 2.328824 2.328824 0.183119 0.183119 0.183119
3880 2.328824 2.328824 2.328824 0.183119 0.183119 0.183119
3890 2.328824 2.328824 2.328824 0.183119 0.183119 0.183119
3900 2.328824 2.328824 2.328824 0.183119 0.183119 0.183119
3910 2.328824 2.328824 2.328824 0.183119 0.183119 0.183119
3920 2.328824 2.328824 2.328824 0.183119 0.183119 0.183119
3930 2.328824 2.328824 2.328824 0.183119 0.183119 0.183119
3940 2.328824 2.328824 2.328824 0.183119 0.183119 0.183119
3950 2.328824 2.328824 2.328824 0.183119 0.183119 0.183119
3960 2.328824 2.328824 2.328824 0.183119 0.183119 0.183119
3970 2.328824 2.328824 2.328824 0.183119 0.183119 0.183119
3980 2.328824 2.328824 2.328824 0.183119 0.183119 0.183119
3990 2.328824 2.328824 2.328824 0.183119 0.183119 0.183119
4000 2.328824 2.328824 2.328824 0.183119 0.183119 0.183119
4010 2.328824 2.328824 2.328824 0.183119 0.183119 0.183119
4020 2.328824 2.328824 2.328824 0.183119 0.183119 0.183119
4030 2.328824 2.328824 2.328824 0.183119 0.183119 0.183119
4040 2.328824 2.328824 2.328824 0.183119 0.183119 0.183119
4050 2.328824 2.328824 2.328824 0.183119 0.183119 0.183119
4060 2.328824 2.328824 2.328824 0.183119 0.183119 0.183119
4070 2.328824 2.328824 2.328824 0.183119 0.183119 0.183119
4080 2.328824 2.328824 2.328824 0.183119 0.183119 0.183119
4090 2.328824 2.328824 2.328824 0.183119 0.183119 0.183119
4100 2.328824 2.328824 2.328824 0.183119 0.183119 0.183119
4110 2.328824 2.328824 2.328824 0.183119 0.183119 0.183119
4120 2.328824 2.328824 2.328824 0.183119 0.183119 0.183119
4130 2.328824 2.328824 2.328824 0.183119 0.183119 0.183119
4140 2.328824 2.328824 2.328824 0.183119 0.183119 0.183119
4150 2.328824 2.328824 2.328824 0.183119 0.183119 0.183119
4160 2.328824 2.328824 2.328824 0.183119 0.183119 0.183119
4170 2.328824 2.328824 2.328824 0.183119 0.183119 0.183119
4180 2.328824 2.328824 2.328824 0.183119 0.183119 0.183119
4190 2.328824 2.328824 2.328824 0.183119 0.183119 0.183119
4200 2.328824 2.328824 2.328824 0.183119 0.183119 0.183119
4210 2.328824 2.328824 2.328824 0.183119 0.183119 0.183119
4220 2.328824 2.328824 2.328824 0.183119 0.183119 0.183119
4230 2.328824 2.328824 2.328824 0.183119 0.183119 0.183119
4240 2.328824 2.328824 2.328824 0.183119 0.183119 0.183119
4250 2.328824 2.328824 2.328824 0.183119 0.183119 0.183119
4260 2.328824 2.328824 2.328824 0.183119 0.183119 0.183119
4270 2.328824 2.328824 2.328824 0.183119 0.183119 0.183119
4280 2.328824 2.328824 2.328824 0.183119 0.183119 0.183119
4290 2.328824 2.328824 2.328824 0.183119 0.183119 0.183119
4300 2.328824 2.328824 2.328824 0.183119 0.183119 0.183119
4310 2.328824 2.328824 2.328824 0.183119 0.183119 0.183119
4320 2.328824 2.328824 2.328824 0.183119 0.183119 0.183119
4330 2.328824 2.328824 2.328824 0.183119 0.183119 0.183119
4340 2.328824 2.328824 2.328824 0.183119 0.183119 0.183119
4350 2.328824 2.328824 2.328824 0.183119 0.183119 0.183119
4360 2.328824 2.328824 2.328824 0.183119 0.183119 0.183119
4370 2.328824 2.328824 2.328824 0.183119 0.183119 0.183119
4380 2.328824 2.328824 2.328824 0.183119 0.183119 0.183119
4390 2.328824 2.328824 2.328824 0.183119 0.183119 0.183119
4400 2.328824 2.328824 2.328824 0.183119 0.183119 0.183119
4410 2.328824 2.328824 2.328824 0.183119 0.183119 0.183119
4420 2.328824 2.328824 2.328824 0.183119 0.183119 0.183119
4430 2.328824 2.328824 2.328824 0.183119 0.183119 0.183119
4440 2.328824 2.328824 2.328824 0.183119 0.183119 0.183119
4450 2.328824 2.328824 2.328824 0.183119 0.183119 0.183119
4460 2.328824 2.328824 2.328824 0.183119 0.183119 0.183119
4470 2.328824 2.328824 2.328824 0.183119 0.183119 0.183119
4480 2.328824 2.328824 2.328824 0.183119 0.183119 0.183119
4490 2.328824 2.328824 2.328824 0.183119 0.183119 0.183119
4500 2.328824 2.328824 2.328824 0.183119 0.183119 0.183119
4510 2.328824 2.328824 2.328824 0.183119 0.183119 0.183119
4520 2.328824 2.328824 2.328824 0.183119 0.183119 0.183119
4530 2.328824 2.328824 2.328824 0.183119 0.183119 0.183119
4540 2.328824 2.328824 2.328824 0.183119 0.183119 0.183119
4550 2.328824 2.328824 2.328824 0.183119 0.183119 0.183119
4560 2.328824 2.328824 2.328824 0.183119 0.183119 0.183119
4570 2.328824 2.328824 2.328824 0.183119 0.183119 0.183119
4580 2.328824 2.328824 2.328824 0.183119 0.183119 0.183119
4590 2.328824 2.328824 2.328824 0.183119 0.183119 0.183119
4600 2.328824 2.328824 2.328824 0.183119 0.183119 0.183119
4610 2.328824 2.328824 2.328824 0.183119 0.183119 0.183119
4620 2.328824 2.328824 2.328824 0.183119 0.183119 0.183119
4630 2.328824 2.328824 2.328824 0.183119 0.183119 0.183119
4640 2.328824 2.328824 2.328824 0.183119 0.183119 0.183119
4650 2.328824 2.328824 2.328824 0.183119 0.183119 0.183119
4660 2.328824 2.328824 2.328824 0.183119 0.183119 0.183119
4670 2.328824 2.328824 2.328824 0.183119 0.183119 0.183119
4680 2.328824 2.328824 2.328824 0.183119 0.183119 0.183119
4690 2.328824 2.328824 2.328824 0.183119 0.183119 0.183119
4700 2.328824 2.328824 2.328824 0.183119 0.183119 0.183119
4710 2.328824 2.328824 2.328824 0.183119 0.183119 0.183119
4720 2.328824 2.328824 2.328824 0.183119 0.183119 0.183119
4730 2.328824 2.328824 2.328824 0.183119 0.183119 0.183119
4740 2.328824 2.328824 2.328824 0.183119 0.183119 0.183119
4750 2.328824 2.328824 2.328824 0.183119 0.183119 0.183119
4760 2.328824 2.328824 2.328824 0.183119 0.183119 0.183119
4770 2.328824 2.328824 2.328824 0.183119 0.183119 0.183119
4780 2.328824 2.328824 2.328824 0.183119 0.183119 0.183119
4790 2.328824 2.328824 2.328824 0.183119 0.183119 0.183119
4800 2.328824 2.328824 2.328824 0.183119 0.183119 0.183119
4810 2.328824 2.328824 2.328824 0.183119 0.183119 0.183119
4820 2.328824 2.328824 2.328824 0.183119 0.183119 0.183119
4830 2.328824 2.328824 2.328824 0.183119 0.183119 0.183119
4840 2.328824 2.328824 2.328824 0.183119 0.183119 0.183119
4850 2.328824 2.328824 2.328824 0.183119 0.183119 0.183119
4860 2.328824 2.328824 2.328824 0.183119 0.183119 0.183119
4870 2.328824 2.328824 2.328824 0.183119 0.183119 0.183119
4880 2.328824 2.328824 2.328824 0.183119 0.183119 0.183119
4890 2.328824 2.328824 2.328824 0.183119 0.183119 0.183119
4900 2.328824 2.328824 2.328824 0.183119 0.183119 0.183119
4910 2.328824 2.328824 2.328824 0.183119 0.183119 0.183119
4920 2.328824 2.328824 2.328824 0.183119 0.183119 0.183119
4930 2.328824 2.328824 2.328824 0.183119 0.183119 0.183119
4940 2.328824 2.328824 2.328824 0.183119 0.183119 0.183119
4950 2.328824 2.328824 2.328824 0.183119 0.183119 0.183119
4960 2.328824 2.328824 2.328824 0.183119 0.183119 0.183119
4970 2.328824 2.328824 2.328824 0.183119 0.183119 0.183119
4980 2.328824 2.328824 2.328824 0.183119 0.183119 0.183119
4990 2.328824 2.328824 2.328824 0.183119 0.183119 0.183119
5000 2.328824 2.328824 2.328824 0.183119 0.183119 0.183119
5010 2.328824 2.328824 2.328824 0.183119 0.183119 0.183119
5020 2.328824 2.328824 2.328824 0.183119 0.183119 0.183119
5030 2.328824 2.328824 2.328824 0.183119 0.183119 0.183119
5040 2.328824 2.328824 2.328824 0.183119 0.183119 0.183119
5050 2.328824 2.328824 2.328824 0.183119 0.183119 0.183119
5060 2.328824 2.328824 2.328824 0.183119 0.183119 0.183119
5070 2.328824 2.328824 2.328824 0.183119 0.183119 0.183119
5080 2.328824 2.328824 2.328824 0.183119 0.183119 0.183119
5090 2.328824 2.328824 2.328824 0.183119 0.183119 0.183119
5100 2.328824 2.328824 2.328824 0.183119 0.183119 0.183119
5110 2.328824 2.328824 2.328824 0.183119 0.183119 0.183119
5120 2.328824 2.328824 2.328824 0.183119 0.183119 0.183119
5130 2.328824 2.328824 2.328824 0.183119 0.183119 0.183119
5140 2.328824 2.328824 2.328824 0.183119 0.183119 0.183119
5150 2.328824 2.328824 2.328824 0.183119 0.183119 0.183119
5160 2.328824 2.328824 2.328824 0.183119 0.183119 0.183119
5170 2.328824 2.328824 2.328824 0.183119 0.183119 0.183119
5180 2.328824 2.328824 2.328824 0.183119 0.183119 0.183119
5190 2.328824 2.328824 2.328824 0.183119 0.183119 0.183119
5200 2.328824 2.328824 2.328824 0.183119 0.183119 0.183119
5210 2.328824 2.328824 2.328824 0.183119 0.183119 0.183119
5220 2.328824 2.328824 2.328824 0.183119 0.183119 0.183119
5230 2.328824 2.328824 2.328824 0.183119 0.183119 0.183119
5240 2.328824 2.328824 2.328824 0.183119 0.183119 0.183119
5250 2.328824 2.328824 2.328824 0.183119 0.183119 0.183119
5260 2.328824 2.328824 2.328824 0.183119 0.183119 0.183119
5270 2.328824 2.328824 2.328824 0.183119 0.183119 0.183119
5280 2.328824 2.328824 2.328824 0.183119 0.183119 0.183119
5290 2.328824 2.328824 2.328824 0.183119 0.183119 0.183119
5300 2.328824 2.328824 2.328824 0.183119 0.183119 0.183119
5310 2.328824 2.328824 2.328824 0.183119 0.183119 0.183119
5320 2.328824 2.328824 2.328824 0.183119 0.183119 0.183119
5330 2.328824 2.328824 2.328824 0.183119 0.183119 0.183119
5340 2.328824 2.328824 2.328824 0.183119 0.183119 0.183119
5350 2.328824 2.328824 2.328824 0.183119 0.183119 0.183119
5360 2.328824 2.328824 2.328824 0.183119 0.183119 0.183119
5370 2.328824 2.328824 2.328824 0.183119 0.183119 0.183119
5380 2.328824 2.328824 2.328824 0.183119 0.183119 0.183119
5390 2.328824 2.328824 2.328824 0.183119 0.183119 0.183119
5400 2.328824 2.328824 2.328824 0.183119 0.183119 0.183119
5410 2.328824 2.328824 2.328824 0.183119 0.183119 0.183119
5420 2.328824 2.328824 2.328824 0.183119 0.183119 0.183119
5430 2.328824 2.328824 2.328824 0.183119 0.183119 0.183119
5440 2.328824 2.328824 2.328824 0.183119 0.183119 0.183119
5450 2.328824 2.328824 2.328824 0.183119 0.183119 0.183119
5460 2.328824 2.328824 2.328824 0.183119 0.183119 0.183119
5470 2.328824 2.328824 2.328824 0.183119 0.183119 0.183119
5480 2.328824 2.328824 2.328824 0.183119 0.183119 0.183119
5490 2.328824 2.328824 2.328824 0.183119 0.183119 0.183119
5500 2.328824 2.328824 2.328824 0.183119 0.183119 0.183119
5510 2.328824 2.328824 2.328824 0.183119 0.183119 0.183119
5520 2.328824 2.328824 2.328824 0.183119 0.183119 0.183119
5530 2.328824 2.328824 2.328824 0.183119 0.183119 0.183119
5540 2.328824 2.328824 2.328824 0.183119 0.183119 0.183119
5550 2.328824 2.328824 2.328824 0.183119 0.183119 0.183119
5560 2.328824 2.328824 2.328824 0.183119 0.183119 0.183119
5570 2.328824 2.328824 2.328824 0.183119 0.183119 0.183119
5580 2.328824 2.328824 2.328824 0.183119 0.183119 0.183119
5590 2.328824 2.328824 2.328824 0.183119 0.183119 0.183119
5600 2.328824 2.328824 2.328824 0.183119 0.183119 0.183119
5610 2.328824 2.328824 2.328824 0.183119 0.183119 0.183119
5620 2.328824 2.328824 2.328824 0.183119 0.183119 0.183119
5630 2.328824 2.328824 2.328824 0.183119 0.183119 0.183119
5640 2.328824 2.328824 2.328824 0.183119 0.183119 0.183119
5650 2.328824 2.328824 2.328824 0.183119 0.183119 0.183119
5660 2.328824 2.328824 2.328824 0.183119 0.183119 0.183119
5670 2.328824 2.328824 2.328824 0.183119 0.183119 0.183119
5680 2.328824 2.328824 2.328824 0.183119 0.183119 0.183119
5690 2.328824 2.328824 2.328824 0.183119 0.183119 0.183119
5700 2.328824 2.328824 2.328824 0.183119 0.183119 0.183119
5710 2.328824 2.328824 2.328824 0.183119 0.183119 0.183119
5720 2.328824 2.328824 2.328824 0.183119 0.183119 0.183119
5730 2.328824 2.328824 2.328824 0.183119 0.183119 0.183119
5740 2.328824 2.328824 2.328824 0.183119 0.183119 0.183119
5750 2.328824 2.328824 2.328824 0.183119 0.183119 0.183119
5760 2.328824 2.328824 2.328824 0.183119 0.183119 0.183119
5770 2.328824 2.328824 2.328824 0.183119 0.183119 0.183119
5780 2.328824 2.328824 2.328824 0.183119 0.183119 0.183119
5790 2.328824 2.328824 2.328824 0.183119 0.183119 0.183119
5800 2.328824 2.328824 2.328824 0.183119 0.183119 0.183119
5810 2.328824 2.328824 2.328824 0.183119 0.183119 0.183119
5820 2.328824 2.328824 2.328824 0.183119 0.183119 0.183119
5830 2.328824 2.328824 2.328824 0.183119 0.183119 0.183119
5840 2.328824 2.328824 2.328824 0.183119 0.183119 0.183119
5850 2.328824 2.328824 2.328824 0.183119 0.183119 0.183119
5860 2.328824 2.328824 2.328824 0.183119 0.183119 0.183119
5870 2.328824 2.328824 2.328824 0.183119 0.183119 0.183119
5880 2.328824 2.328824 2.328824 0.183119 0.183119 0.183119
5890 2.328824 2.328824 2.328824 0.183119 0.183119 0.183119
5900 2.328824 2.328824 2.328824 0.183119 0.183119 0.183119
5910 2.328824 2.328824 2.328824 0.183119 0.183119 0.183119
5920 2.328824 2.328824 2.328824 0.183119 0.183119 0.183119
5930 2.328824 2.328824 2.328824 0.183119 0.183119 0.183119
5940 2.328824 2.328824 2.328824 0.183119 0.183119 0.183119
5950 2.328824 2.328824 2.328824 0.183119 0.183119 0.183119
5960 2.328824 2.328824 2.328824 0.183119 0.183119 0.183119
5970 2.328824 2.328824 2.328824 0.183119 0.183119 0.183119
5980 2.328824 2.328824 2.328824 0.183119 0.183119 0.183119
5990 2.328824 2.328824 2.328824 0.183119 0.183119 0.183119
6000 2.328824 2.328824 2.328824 0.183119 0.183119 0.183119
6010 2.328824 2.328824 2.328824 0.183119 0.183119 0.183119
6020 2.328824 2.328824 2.328824 0.183119 0.183119 0.183119
6030 2.328824 2.328824 2.328824 0.183119 0.183119 0.183119
6040 2.328824 2.328824 2.328824 0.183119 0.183119 0.183119
6050 2.328824 2.328824 2.328824 0.183119 0.183119 0.183119
6060 2.328824 2.328824 2.328824 0.183119 0.183119 0.183119
6070 2.328824 2.328824 2.328824 0.183119 0.183119 0.183119
6080 2.328824 2.328824 2.328824 0.183119 0.183119 0.183119
6090 2.328824 2.328824 2.328824 0.183119 0.183119 0.183119
6100 2.328824 2.328824 2.328824 0.183119 0.183119 0.183119
6110 2.328824 2.328824 2.328824 0.183119 0.183119 0.183119
6120 2.328824 2.328824 2.328824 0.183119 0.183119 0.183119
6130 2.328824 2.328824 2.328824 0.183119 0.183119 0.183119
6140 2.328824 2.328824 2.328824 0.183119 0.183119 0.183119
6150 2.328824 2.328824 2.328824 0.183119 0.183119 0.183119
6160 2.328824 2.328824 2.328824 0.183119 0.183119 0.183119
6170 2.328824 2.328824 2.328824 0.183119 0.183119 0.183119
6180 2.328824 2.328824 2.328824 0.183119 0.183119 0.183119
6190 2.328824 2.328824 2.328824 0.183119 0.183119 0.183119
6200 2.328824 2.328824 2.328824 0.183119 0.183119 0.183119
6210 2.328824 2.328824 2.328824 0.183119 0.183119 0.183119
6220 2.328824 2.328824 2.328824 0.183119 0.183119 0.183119
6230 2.328824 2.328824 2.328824 0.183119 0.183119 0.183119
6240 2.328824 2.328824 2.328824 0.183119 0.183119 0.183119
6250 2.328824 2.328824 2.328824 0.183119 0.183119 0.183119
6260 2.328824 2.328824 2.328824 0.183119 0.183119 0.183119
6270 2.328824 2.328824 2.328824 0.183119 0.183119 0.183119
6280 2.328824 2.328824 2.328824 0.183119 0.183119 0.183119
6290 2.328824 2.328824 2.328824 0.183119 0.183119 0.183119
6300 2.328824 2.328824 2.328824 0.183119 0.183119 0.183119
6310 2.328824 2.328824 2.328824 0.183119 0.183119 0.183119
6320 2.328824 2.328824 2.328824 0.183119 0.183119 0.183119
6330 2.328824 2.328824 2.328824 0.183119 0.183119 0.183119
6340 2.328824 2.328824 2.328824 0.183119 0.183119 0.183119
6350 2.328824 2.328824 2.328824 0.183119 0.183119 0.183119
6360 2.328824 2.328824 2.328824 0.183119 0.183119 0.183119
6370 2.328824 2.328824 2.328824 0.183119 0.183119 0.183119
6380 2.328824 2.328824 2.328824 0.183119 0.183119 0.183119
6390 2.328824 2.328824 2.328824 0.183119 0.183119 0.183119
6400 2.328824 2.328824 2.328824 0.183119 0.183119 0.183119
6410 2.328824 2.328824 2.328824 0.183119 0.183119 0.183119
6420 2.328824 2.328824 2.328824 0.183119 0.183119 0.183119
6430 2.328824 2.328824 2.328824 0.183119 0.183119 0.183119
6440 2.328824 2.328824 2.328824 0.183119 0.183119 0.183119
6450 2.328824 2.328824 2.328824 0.183119 0.183119 0.183119
6460 2.328824 2.328824 2.328824 0.183119 0.183119 0.183119
6470 2.328824 2.328824 2.328824 0.183119 0.183119 0.183119
6480 2.328824 2.328824 2.328824 0.183119 0.183119 0.183119
6490 2.328824 2.328824 2.328824 0.183119 0.183119 0.183119
6500 2.328824 2.328824 2.328824 0.183119 0.183119 0.183119
6510 2.328824 2.328824 2.328824 0.183119 0.183119 0.183119
6520 2.328824 2.328824 2.328824 0.183119 0.183119 0.183119
6530 2.328824 2.328824 2.328824 0.183119 0.183119 0.183119
6540 2.328824 2.328824 2.328824 0.183119 0.183119 0.183119
6550 2.328824 2.328824 2.328824 0.183119 0.183119 0.183119
6560 2.328824 2.328824 2.328824 0.183119 0.183119 0.183119
6570 2.328824 2.328824 2.328824 0.183119 0.183119 0.183119
6580 2.328824 2.328824 2.328824 0.183119 0.183119 0.183119
6590 2.328824 2.328824 2.328824 0.183119 0.183119 0.183119
6600 2.328824 2.328824 2.328824 0.183119 0.183119 0.183119
6610 2.328824 2.328824 2.328824 0.183119 0.183119 0.183119
6620 2.328824 2.328824 2.328824 0.183119 0.183119 0.183119
6630 2.328824 2.328824 2.328824 0.183119 0.183119 0.183119
6640 2.328824 2.328824 2.328824 0.183119 0.183119 0.183119
6650 2.328824 2.328824 2.328824 0.183119 0.183119 0.183119
6660 2.328824 2.328824 2.328824 0.183119 0.183119 0.183119
6670 2.328824 2.328824 2.328824 0.183119 0.183119 0.183119
6680 2.328824 2.328824 2.328824 0.183119 0.183119 0.183119
6690 2.328824 2.328824 2.328824 0.183119 0.183119 0.183119
6700 2.328824 2.328824 2.328824 0.183119 0.183119 0.183119
6710 2.328824 2.328824 2.328824 0.183119 0.183119 0.183119
6720 2.328824 2.328824 2.328824 0.183119 0.183119 0.183119
6730 2.328824 2.328824 2.328824 0.183119 0.183119 0.183119
6740 2.328824 2.328824 2.328824 0.183119 0.183119 0.183119
6750 2.328824 2.328824 2.328824 0.183119 0.183119 0.183119
6760 2.328824 2.328824 2.328824 0.183119 0.183119 0.183119
6770 2.328824 2.328824 2.328824 0.183119 0.183119 0.183119
6780 2.328824 2.328824 2.328824 0.183119 0.183119 0.183119
6790 2.328824 2.328824 2.328824 0.183119 0.183119 0.183119
6800 2.328824 2.328824 2.328824 0.183119 0.183119 0.183119
6810 2.328824 2.328824 2.328824 0.183119 0.183119 0.183119
6820 2.328824 2.328824 2.328824 0.183119 0.183119 0.183119
6830 2.328824 2.328824 2.328824 0.183119 0.183119 0.183119
6840 2.328824 2.328824 2.328824 0.183119 0.183119 0.183119
6850 2.328824 2.328824 2.328824 0.183119 0.183119 0.183119
6860 2.328824 2.328824 2.328824 0.183119 0.183119 0.183119
6870 2.328824 2.328824 2.328824 0.183119 0.183119 0.183119
6880 2.328824 2.328824 2.328824 0.183119 0.183119 0.183119
6890 2.328824 2.328824 2.328824 0.183119 0.183119 0.183119
6900 2.328824 2.328824 2.328824 0.183119 0.183119 0.183119
6910 2.328824 2.328824 2.328824 0.183119 0.183119 0.183119
6920 2.328824 2.328824 2.328824 0.183119 0.183119 0.183119
6930 2.328824 2.328824 2.328824 0.183119 0.183119 0.183119
6940 2.328824 2.328824 2.328824 0.183119 0.183119 0.183119
6950 2.328824 2.328824 2.328824 0.183119 0.183119 0.183119
6960 2.328824 2.328824 2.328824 0.183119 0.183119 0.183119
6970 2.328824 2.328824 2.328824 0.183119 0.183119 0.183119
6980 2.328824 2.328824 2.328824 0.183119 0.183119 0.183119
6990 2.328824 2.328824 2.328824 0.183119 0.183119 0.183119
7000 2.328824 2.328824 2.328824 0.183119 0.183119 0.183119
7010 2.328824 2.328824 2.328824 0.183119 0.183119 0.183119
7020 2.328824 2.328824 2.328824 0.183119 0.183119 0.183119
7030 2.328824 2.328824 2.328824 0.183119 0.183119 0.183119
7040 2.328824 2.328824 2.328824 0.183119 0.183119 0.183119
7050 2.328824 2.328824 2.328824 0.183119 0.183119 0.183119
7060 2.328824 2.328824 2.328824 0.183119 0.183119 0.183119
7070 2.328824 2.328824 2.328824 0.183119 0.183119 0.183119
7080 2.328824 2.328824 2.328824 0.183119 0.183119 0.183119
7090 2.328824 2.328824 2.328824 0.183119 0.183119 0.183119
7100 2.328824 2.328824 2.328824 0.183119 0.183119 0.183119
7110 2.328824 2.328824 2.328824 0.183119 0.183119 0.183119
7120 2.328824 2.328824 2.328824 0.183119 0.183119 0.183119
7130 2.328824 2.328824 2.328824 0.183119 0.183119 0.183119
7140 2.328824 2.328824 2.328824 0.183119 0.183119 0.183119
7150 2.328824 2.328824 2.328824 0.183119 0.183119 0.183119
7160 2.328824 2.328824 2.328824 0.183119 0.183119 0.183119
7170 2.328824 2.328824 2.328824 0.183119 0.183119 0.183119
7180 2.328824 2.328824 2.328824 0.183119 0.183119 0.183119
7190 2.328824 2.328824 2.328824 0.183119 0.183119 0.183119
7200 2.328824 2.328824 2.328824 0.183119 0.183119 0.183119
7210 2.328824 2.328824 2.328824 0.183119 0.183119 0.183119
7220 2.328824 2.328824 2.328824 0.183119 0.183119 0.183119
7230 2.328824 2.328824 2.328824 0.183119 0.183119 0.183119
7240 2.328824 2.328824 2.328824 0.183119 0.183119 0.183119
7250 2.328824 2.328824 2.328824 0.183119 0.183119 0.183119
7260 2.328824 2.328824 2.328824 0.183119 0.183119 0.183119
7270 2.328824 2.328824 2.328824 0.183119 0.183119 0.183119
7280 2.328824 2.328824 2.328824 0.183119 0.183119 0.183119
7290 2.328824 2.328824 2.328824 0.183119 0.183119 0.183119
7300 2.328824 2.328824 2.328824 0.183119 0.183119 0.183119
7310 2.328824 2.328824 2.328824 0.183119 0.183119 0.183119
7320 2.328824 2.328824 2.328824 0.183119 0.183119 0.183119
7330 2.328824 2.328824 2.328824 0.183119 0.183119 0.183119
7340 2.328824 2.328824 2.328824 0.183119 0.183119 0.183119
7350 2.328824 2.328824 2.328824 0.183119 0.183119 0.183119
7360 2.328824 2.328824 2.328824 0.183119 0.183119 0.183119
7370 2.328824 2.328824 2.328824 0.183119 0.183119 0.183119
7380 2.328824 2.328824 2.328824 0.183119 0.183119 0.183119
7390 2.328824 2.328824 2.328824 0.183119 0.183119 0.183119
7400 2.328824 2.328824 2.328824 0.183119 0.183119 0.183119
7410 2.328824 2.328824 2.328824 0.183119 0.183119 0.183119
7420 2.328824 2.328824 2.328824 0.183119 0.183119 0.183119
7430 2.328824 2.328824 2.328824 0.183119 0.183119 0.183119
7440 2.328824 2.328824 2.328824 0.183119 0.183119 0.183119
7450 2.328824 2.328824 2.328824 0.183119 0.183119 0.183119
7460 2.328824 2.328824 2.328824 0.183119 0.183119 0.183119
7470 2.328824 2.328824 2.328824 0.183119 0.183119 0.183119
7480 2.328824 2.328824 2.328824 0.183119 0.183119 0.183119
7490 2.328824 2.328824 2.328824 0.183119 0.183119 0.183119
7500 2.328824 2.328824 2.328824 0.183119 0.183119 0.183119
7510 2.328824 2.328824 2.328824 0.183119 0.183119 0.183119
7520 2.328824 2.328824 2.328824 0.183119 0.183119 0.183119
7530 2.328824 2.328824 2.328824 0.183119 0.183119 0.183119
7540 2.328824 2.328824 2.328824 0.183119 0.183119 0.183119
7550 2.328824 2.328824 2.328824 0.183119 0.183119 0.183119
7560 2.328824 2.328824 2.328824 0.183119 0.183119 0.183119
7570 2.328824 2.328824 2.328824 0.183119 0.183119 0.183119
7580 2.328824 2.328824 2.328824 0.183119 0.183119 0.183119
7590 2.328824 2.328824 2.328824 0.183119 0.183119 0.183119
7600 2.328824 2.328824 2.328824 0.183119 0.183119 0.183119
7610 2.328824 2.328824 2.328824 0.183119 0.183119 0.183119
7620 2.328824 2.328824 2.328824 0.183119 0.183119 0.183119
7630 2.328824 2.328824 2.328824 0.183119 0.183119 0.183119
7640 2.328824 2.328824 2.328824 0.183119 0.183119 0.183119
7650 2.328824 2.328824 2.328824 0.183119 0.183119 0.183119
7660 2.328824 2.328824 2.328824 0.183119 0.183119 0.183119
7670 2.328824 2.328824 2.328824 0.183119 0.183119 0.183119
7680 2.328824 2.328824 2.328824 0.183119 0.183119 0.183119
7690 2.328824 2.328824 2.328824 0.183119 0.183119 0.183119
7700 2.328824 2.328824 2.328824 0.183119 0.183119 0.183119
7710 2.328824 2.328824 2.328824 0.183119 0.183119 0.183119
7720 2.328824 2.328824 2.328824 0.183119 0.183119 0.183119
7730 2.328824 2.328824 2.328824 0.183119 0.183119 0.183119
7740 2.328824 2.328824 2.328824 0.183119 0.183119 0.183119
7750 2.328824 2.328824 2.328824 0.183119 0.183119 0.183119
7760 2.328824 2.328824 2.328824 0.183119 0.183119 0.183119
7770 2.328824 2.328824 2.328824 0.183119 0.183119 0.183119
7780 2.328824 2.328824 2.328824 0.183119 0.183119 0.183119
7790 2.328824 2.328824 2.328824 0.183119 0.183119 0.183119
7800 2.328824 2.328824 2.328824 0.183119 0.183119 0.183119
7810 2.328824 2.328824 2.328824 0.183119 0.183119 0.183119
7820 2.328824 2.328824 2.328824 0.183119 0.183119 0.183119
7830 2.328824 2.328824 2.328824 0.183119 0.183119 0.183119
7840 2.328824 2.328824 2.328824 0.183119 0.183119 0.183119
7850 2.328824 2.328824 2.328824 0.183119 0.183119 0.183119
7860 2.328824 2.328824 2.328824 0.183119 0.183119 0.183119
7870 2.328824 2.328824 2.328824 0.183119 0.183119 0.183119
7880 2.328824 2.328824 2.328824 0.183119 0.183119 0.183119
7890 2.328824 2.328824 2.328824 0.183119 0.183119 0.183119
7900 2.328824 2.328824 2.328824 0.183119 0.183119 0.183119
7910 2.328824 2.328824 2.328824 0.183119 0.183119 0.183119
7920 2.328824 2.328824 2.328824 0.183119 0.183119 0.183119
7930 2.328824 2.328824 2.328824 0.183119 0.183119 0.183119
7940 2.328824 2.328824 2.328824 0.183119 0.183119 0.183119
7950 2.328824 2.328824 2.328824 0.183119 0.183119 0.183119
7960 2.328824 2.328824 2.328824 0.183119 0.183119 0.183119
7970 2.328824 2.328824 2.328824 0.183119 0.183119 0.183119
7980 2.328824 2.328824 2.328824 0.183119 0.183119 0.183119
7990 2.328824 2.328824 2.328824 0.183119 0.183119 0.183119
8000 2.328824 2.328824 2.328824 0.183119 0.183119 0.183119
8010 2.328824 2.328824 2.328824 0.183119 0.183119 0.183119
8020 2.328824 2.328824 2.328824 0.183119 0.183119 0.183119
8030 2.328824 2.328824 2.328824 0.183119 0.183119 0.183119
8040 2.328824 2.328824 2.328824 0.183119 0.183119 0.183119
8050 2.328824 2.328824 2.328824 0.183119 0.183119 0.183119
8060 2.328824 2.328824 2.328824 0.183119 0.183119 0.183119
8070 2.328824 2.328824 2.328824 0.183119 0.183119 0.183119
8080 2.328824 2.328824 2.328824 0.183119 0.183119 0.183119
8090 2.328824 2.328824 2.328824 0.183119 0.183119 0.183119
8100 2.328824 2.328824 2.328824 0.183119 0.183119 0.183119
8110 2.328824 2.328824 2.328824 0.183119 0.183119 0.183119
8120 2.328824 2.328824 2.328824 0.183119 0.183119 0.183119
8130 2.328824 2.328824 2.328824 0.183119 0.183119 0.183119
8140 2.328824 2.328824 2.328824 0.183119 0.183119 0.183119
8150 2.328824 2.328824 2.328824 0.183119 0.183119 0.183119
8160 2.328824 2.328824 2.328824 0.183119 0.183119 0.183119
8170 2.328824 2.328824 2.328824 0.183119 0.183119 0.183119
8180 2.328824 2.328824 2.328824 0.183119 0.183119 0.183119
8190 2.328824 2.328824 2.328824 0.183119 0.183119 0.183119
8200 2.328824 2.328824 2.328824 0.183119 0.183119 0.183119
8210 2.328824 2.328824 2.328824 0.183119 0.183119 0.183119
8220 2.328824 2.328824 2.328824 0.183119 0.183119 0.183119
8230 2.328824 2.328824 2.328824 0.183119 0.183119 0.183119
8240 2.328824 2.328824 2.328824 0.183119 0.183119 0.183119
8250 2.328824 2.328824 2.328824 0.183119 0.183119 0.183119
8260 2.328824 2.328824 2.328824 0.183119 0.183119 0.183119
8270 2.328824 2.328824 2.328824 0.183119 0.183119 0.183119
8280 2.328824 2.328824 2.328824 0.183119 0.183119 0.183119
8290 2.328824 2.328824 2.328824 0.183119 0.183119 0.183119
8300 2.328824 2.328824 2.328824 0.183119 0.183119 0.183119
8310 2.328824 2.328824 2.328824 0.183119 0.183119 0.183119
8320 2.328824 2.328824 2.328824 0.183119 0.183119 0.183119
8330 2.328824 2.328824 2.328824 0.183119 0.183119 0.183119
8340 2.328824 2.328824 2.328824 0.183119 0.183119 0.183119
8350 2.328824 2.328824 2.328824 0.183119 0.183119 0.183119
8360 2.328824 2.328824 2.328824 0.183119 0.183119 0.183119
8370 2.328824 2.328824 2.328824 0.183119 0.183119 0.183119
8380 2.328824 2.328824 2.328824 0.183119 0.183119 0.183119
8390 2.328824 2.328824 2.328824 0.183119 0.183119 0.183119
8400 2.328824 2.328824 2.328824 0.183119 0.183119 0.183119
8410 2.328824 2.328824 2.328824 0.183119 0.183119 0.183119
8420 2.328824 2.328824 2.328824 0.183119 0.183119 0.183119
8430 2.328824 2.328824 2.328824 0.183119 0.183119 0.183119
8440 2.328824 2.328824 2.328824 0.183119 0.183119 0.183119
8450 2.328824 2.328824 2.328824 0.183119 0.183119 0.183119
8460 2.328824 2.328824 2.328824 0.183119 0.183119 0.183119
8470 2.328824 2.328824 2.328824 0.183119 0.183119 0.183119
8480 2.328824 2.328824 2.328824 0.183119 0.183119 0.183119
8490 2.328824 2.328824 2.328824 0.183119 0.183119 0.183119
8500 2.328824 2.328824 2.328824 0.183119 0.183119 0.183119
8510 2.328824 2.328824 2.328824 0.183119 0.183119 0.183119
8520 2.328824 2.328824 2.328824 0.183119 0.183119 0.183119
8530 2.328824 2.328824 2.328824 0.183119 0.183119 0.183119
8540 2.328824 2.328824 2.328824 0.183119 0.183119 0.183119
8550 2.328824 2.328824 2.328824 0.183119 0.183119 0.183119
8560 2.328824 2.328824 2.328824 0.183119 0.183119 0.183119
8570 2.328824 2.328824 2.328824 0.183119 0.183119 0.183119
8580 2.328824 2.328824 2.328824 0.183119 0.183119 0.183119
8590 2.328824 2.328824 2.328824 0.183119 0.183119 0.183119
8600 2.328824 2.328824 2.328824 0.183119 0.183119 0.183119
8610 2.328824 2.328824 2.328824 0.183119 0.183119 0.183119
8620 2.328824 2.328824 2.328824 0.183119 0.183119 0.183119
8630 2.328824 2.328824 2.328824 0.183119 0.183119 0.183119
8640 2.328824 2.328824 2.328824 0.183119 0.183119 0.183119
8650 2.328824 2.328824 2.328824 0.183119 0.183119 0.183119
8660 2.328824 2.328824 2.328824 0.183119 0.183119 0.183119
8670 2.328824 2.328824 2.328824 0.183119 0.183119 0.183119
8680 2.328824 2.328824 2.328824 0.183119 0.183119 0.183119
8690 2.328824 2.328824 2.328824 0.183119 0.183119 0.183119
8700 2.328824 2.328824 2.328824 0.183119 0.183119 0.183119
8710 2.328824 2.328824 2.328824 0.183119 0.183119 0.183119
8720 2.328824 2.328824 2.328824 0.183119 0.183119 0.183119
8730 2.328824 2.328824 2.328824 0.183119 0.183119 0.183119
8740 2.328824 2.328824 2.328824 0.183119 0.183119 0.183119
8750 2.328824 2.328824 2.328824 0.183119 0.183119 0.183119
8760 2.328824 2.328824 2.328824 0.183119 0.183119 0.183119
8770 2.328824 2.328824 2.328824 0.183119 0.183119 0.183119
8780 2.328824 2.328824 2.328824 0.183119 0.183119 0.183119
8790 2.328824 2.328824 2.328824 0.183119 0.183119 0.183119
8800 2.328824 2.328824 2.328824 0.183119 0.183119 0.183119
8810 2.328824 2.328824 2.328824 0.183119 0.183119 0.183119
8820 2.328824 2.328824 2.328824 0.183119 0.183119 0.183119
8830 2.328824 2.328824 2.328824 0.183119 0.183119 0.183119
8840 2.328824 2.328824 2.328824 0.183119 0.183119 0.183119
8850 2.328824 2.328824 2.328824 0.183119 0.183119 0.183119
8860 2.328824 2.328824 2.328824 0.183119 0.183119 0.183119
8870 2.328824 2.328824 2.328824 0.183119 0.183119 0.183119
8880 2.328824 2.328824 2.328824 0.183119 0.183119 0.183119
8890 2.328824 2.328824 2.328824 0.183119 0.183119 0.183119
8900 2.328824 2.328824 2.328824 0.183119 0.183119 0.183119
8910 2.328824 2.328824 2.328824 0.183119 0.183119 0.183119
8920 2.328824 2.328824 2.328824 0.183119 0.183119 0.183119
8930 2.328824 2.328824 2.328824 0.183119 0.183119 0.183119
8940 2.328824 2.328824 2.328824 0.183119 0.183119 0.183119
8950 2.328824 2.328824 2.328824 0.183119 0.183119 0.183119
8960 2.328824 2.328824 2.328824 0.183119 0.183119 0.183119
8970 2.328824 2.328824 2.328824 0.183119 0.183119 0.183119
8980 2.328824 2.328824 2.328824 0.183119 0.183119 0.183119
8990 2.328824 2.328824 2.328824 0.183119 0.183119 0.183119
9000 2.328824 2.328824 2.328824 0.183119 0.183119 0.183119
9010 2.328824 2.328824 2.328824 0.183119 0.183119 0.183119
9020 2.328824 2.328824 2.328824 0.183119 0.183119 0.183119
9030 2.328824 2.328824 2.328824 0.183119 0.183119 0.183119
9040 2.328824 2.328824 2.328824 0.183119 0.183119 0.183119
9050 2.328824 2.328824 2.328824 0.183119 0.183119 0.183119
9060 2.328824 2.328824 2.328824 0.183119 0.183119 0.183119
9070 2.328824 2.328824 2.328824 0.183119 0.183119 0.183119
9080 2.328824 2.328824 2.328824 0.183119 0.183119 0.183119
9090 2.328824 2.328824 2.328824 0.183119 0.183119 0.183119
9100 2.328824 2.328824 2.328824 0.183119 0.183119 0.183119
9110 2.328824 2.328824 2.328824 0.183119 0.183119 0.183119
9120 2.328824 2.328824 2.328824 0.183119 0.183119 0.183119
9130 2.328824 2.328824 2.328824 0.183119 0.183119 0.183119
9140 2.328824 2.328824 2.328824 0.183119 0.183119 0.183119
9150 2.328824 2.328824 2.328824 0.183119 0.183119 0.183119
9160 2.328824 2.328824 2.328824 0.183119 0.183119 0.183119
9170 2.328824 2.328824 2.328824 0.183119 0.183119 0.183119
9180 2.328824 2.328824 2.328824 0.183119 0.183119 0.183119
9190 2.328824 2.328824 2.328824 0.183119 0.183119 0.183119
9200 2.328824 2.328824 2.328824 0.183119 0.183119 0.183119
9210 2.328824 2.328824 2.328824 0.183119 0.183119 0.183119
9220 2.328824 2.328824 2.328824 0.183119 0.183119 0.183119
9230 2.328824 2.328824 2.328824 0.183119 0.183119 0.183119
9240 2.328824 2.328824 2.328824 0.183119 0.183119 0.183119
9250 2.328824 2.328824 2.328824 0.183119 0.183119 0.183119
9260 2.328824 2.328824 2.328824 0.183119 0.183119 0.183119
9270 2.328824 2.328824 2.328824 0.183119 0.183119 0.183119
9280 2.328824 2.328824 2.328824 0.183119 0.183119 0.183119
9290 2.328824 2.328824 2.328824 0.183119 0.183119 0.183119
9300 2.328824 2.328824 2.328824 0.183119 0.183119 0.183119
9310 2.328824 2.328824 2.328824 0.183119 0.183119 0.183119
9320 2.328824 2.328824 2.328824 0.183119 0.183119 0.183119
9330 2.328824 2.328824 2.328824 0.183119 0.183119 0.183119
9340 2.328824 2.328824 2.328824 0.183119 0.183119 0.183119
9350 2.328824 2.328824 2.328824 0.183119 0.183119 0.183119
9360 2.328824 2.328824 2.328824 0.183119 0.183119 0.183119
9370 2.328824 2.328824 2.328824 0.183119 0.183119 0.183119
9380 2.328824 2.328824 2.328824 0.183119 0.183119 0.183119
9390 2.328824 2.328824 2.328824 0.183119 0.183119 0.183119
9400 2.328824 2.328824 2.328824 0.183119 0.183119 0.183119
9410 2.328824 2.328824 2.328824 0.183119 0.183119 0.183119
9420 2.328824 2.328824 2.328824 0.183119 0.183119 0.183119
9430 2.328824 2.328824 2.328824 0.183119 0.183119 0.183119
9440 2.328824 2.328824 2.328824 0.183119 0.183119 0.183119
9450 2.328824 2.328824 2.328824 0.183119 0.183119 0.183119
9460 2.328824 2.328824 2.328824 0.183119 0.183119 0.183119
9470 2.328824 2.328824 2.328824 0.183119 0.183119 0.183119
9480 2.328824 2.328824 2.328824 0.183119 0.183119 0.183119
9490 2.328824 2.328824 2.328824 0.183119 0.183119 0.183119
9500 2.328824 2.328824 2.328824 0.183119 0.183119 0.183119
9510 2.328824 2.328824 2.328824 0.183119 0.183119 0.183119
9520 2.328824 2.328824 2.328824 0.183119 0.183119 0.183119
9530 2.328824 2.328824 2.328824 0.183119 0.183119 0.183119
9540 2.328824 2.328824 2.328824 0.183119 0.183119 0.183119
9550 2.328824 2.328824 2.328824 0.183119 0.183119 0.183119
9560 2.328824 2.328824 2.328824 0.183119 0.183119 0.183119
9570 2.328824 2.328824 2.328824 0.183119 0.183119 0.183119
9580 2.328824 2.328824 2.328824 0.183119 0.183119 0.183119
9590 2.328824 2.328824 2.328824 0.183119 0.183119 0.183119
9600 2.328824 2.328824 2.328824 0.183119 0.183119 0.183119
9610 2.328824 2.328824 2.328824 0.183119 0.183119 0.183119
9620 2.328824 2.328824 2.328824 0.183119 0.183119 0.183119
9630 2.328824 2.328824 2.328824 0.183119 0.183119 0.183119
9640 2.328824 2.328824 2.328824 0.183119 0.183119 0.183119
9650 2.328824 2.328824 2.328824 0.183119 0.183119 0.183119
9660 2.328824 2.328824 2.328824 0.183119 0.183119 0.183119
9670 2.328824 2.328824 2.328824 0.183119 0.183119 0.183119
9680 2.328824 2.328824 2.328824 0.183119 0.183119 0.183119
9690 2.328824 2.328824 2.328824 0.183119 0.183119 0.183119
9700 2.328824 2.328824 2.328824 0.183119 0.183119 0.183119
9710 2.328824 2.328824 2.328824 0.183119 0.183119 0.183119
9720 2.328824 2.328824 2.328824 0.183119 0.183119 0.183119
9730 2.328824 2.328824 2.328824 0.183119 0.183119 0.183119
9740 2.328824 2.328824 2.328824 0.183119 0.183119 0.183119
9750 2.328824 2.328824 2.328824 0.183119 0.183119 0.183119
9760 2.328824 2.328824 2.328824 0.183119 0.183119 0.183119
9770 2.328824 2.328824 2.328824 0.183119 0.183119 0.183119
9780 2.328824 2.328824 2.328824 0.183119 0.183119 0.183119
9790 2.328824 2.328824 2.328824 0.183119 0.183119 0.183119
9800 2.328824 2.328824 2.328824 0.183119 0.183119 0.183119
9810 2.328824 2.328824 2.328824 0.183119 0.183119 0.183119
9820 2.328824 2.328824 2.328824 0.183119 0.183119 0.183119
9830 2.328824 2.328824 2.328824 0.183119 0.183119 0.183119
9840 2.328824 2.328824 2.328824 0.183119 0.183119 0.183119
9850 2.328824 2.328824 2.328824 0.183119 0.183119 0.183119
9860 2.328824 2.328824 2.328824 0.183119 0.183119 0.183119
9870 2.328824 2.328824 2.328824 0.183119 0.183119 0.183119
9880 2.328824 2.328824 2.328824 0.183119 0.183119 0.183119
9890 2.328824 2.328824 2.328824 0.183119 0.183119 0.183119
9900 2.328824 2.328824 2.328824 0.183119 0.183119 0.183119
9910 2.328824 2.328824 2.328824 0.183119 0.183119 0.183119
9920 2.328824 2.328824 2.328824 0.183119 0.183119 0.183119
9930 2.328824 2.328824 2.328824 0.183119 0.183119 0.183119
9940 2.328824 2.328824 2.328824 0.183119 0.183119 0.183119
9950 2.328824 2.328824 2.328824 0.183119 0.183119 0.183119
9960 2.328824 2.328824 2.328824 0.183119 0.183119 0.183119
9970 2.328824 2.328824 2.328824 0.183119 0.183119 0.183119
9980 2.328824 2.328824 2.328824 0.183119 0.183119 0.183119
9990 2.328824 2.328824 2.328824 0.183119 0.183119 0.183119
10000 2.328824 2.328824 2.328824 0.183119 0.183119 0.183119
