# generation power_min power_avg power_max util_min util_avg util_max
1 6.998629 8.147132 9.772017 0.311349 0.403233 0.498777
10 6.998629 8.000268 8.882732 0.322518 0.406409 0.498777
20 6.998629 7.851092 8.612422 0.322518 0.409392 0.473746
30 6.732436 7.726933 8.422530 0.322587 0.412049 0.475060
40 6.701691 7.605928 8.321659 0.347823 0.414980 0.475060
50 6.701691 7.489980 8.118146 0.347823 0.418311 0.481140
60 6.479093 7.373405 7.999288 0.365762 0.423737 0.495401
70 6.479093 7.259365 7.849733 0.365762 0.428121 0.495401
80 6.325238 7.144698 7.728257 0.365762 0.432114 0.495401
90 6.123804 7.032388 7.660100 0.365762 0.437825 0.495401
100 6.123804 6.933640 7.539976 0.379221 0.442914 0.495401
110 6.123804 6.838969 7.377104 0.379221 0.445824 0.495401
120 6.060630 6.738461 7.307281 0.395344 0.450938 0.495401
130 6.011603 6.643078 7.182756 0.395344 0.452226 0.500520
140 6.011603 6.554769 6.999813 0.411200 0.455971 0.521370
150 5.730010 6.488617 6.929700 0.400782 0.457425 0.521370
160 5.730010 6.416790 6.843351 0.400782 0.459470 0.521370
170 5.730010 6.336947 6.750787 0.400782 0.462191 0.521370
180 5.730010 6.271884 6.626428 0.412269 0.467354 0.521370
190 5.578499 6.206847 6.541304 0.413576 0.471700 0.528012
200 5.550412 6.140796 6.494413 0.413576 0.476245 0.542133
210 5.515469 6.080455 6.432700 0.413576 0.480585 0.542133
220 5.396504 6.014486 6.351276 0.439761 0.486138 0.542133
230 5.357402 5.945204 6.288753 0.439761 0.490019 0.542133
240 5.357402 5.883445 6.219954 0.446589 0.495349 0.542133
250 5.357402 5.821376 6.147274 0.459800 0.499147 0.542133
260 5.045743 5.751787 6.084965 0.462608 0.502811 0.542133
270 4.988104 5.679604 6.030545 0.462608 0.506365 0.542133
280 4.988104 5.622453 5.988079 0.466352 0.508993 0.542133
290 4.988104 5.559854 5.925754 0.466352 0.511991 0.549202
300 4.988104 5.497648 5.841307 0.466352 0.515112 0.549202
310 4.919570 5.432809 5.777966 0.466352 0.517789 0.554241
320 4.919570 5.380044 5.705519 0.479429 0.518916 0.554241
330 4.919570 5.329597 5.635113 0.479429 0.520992 0.564463
340 4.871429 5.273479 5.550412 0.479429 0.523479 0.564463
350 4.817540 5.220134 5.485320 0.479429 0.525607 0.573068
360 4.729961 5.161338 5.433516 0.491318 0.527569 0.573068
370 4.729961 5.110556 5.422044 0.491318 0.529964 0.573068
380 4.630224 5.055384 5.351439 0.492333 0.530980 0.573068
390 4.630224 5.010837 5.304155 0.504214 0.532722 0.573068
400 4.622650 4.958354 5.252938 0.504214 0.534343 0.573068
410 4.611242 4.911558 5.170178 0.508447 0.535440 0.573068
420 4.444631 4.861105 5.109018 0.513017 0.538361 0.595013
430 4.437313 4.818318 5.045743 0.514360 0.541873 0.595013
440 4.368093 4.771731 4.988631 0.514360 0.544016 0.595081
450 4.368093 4.729239 4.969713 0.517106 0.546129 0.595081
460 4.294754 4.688924 4.908319 0.517106 0.548564 0.595081
470 4.294754 4.647977 4.869231 0.517106 0.551577 0.601513
480 4.266366 4.600362 4.849192 0.517106 0.552755 0.601513
490 4.190269 4.552865 4.794391 0.519223 0.555973 0.601513
500 4.179490 4.505145 4.743519 0.519223 0.558940 0.601513
510 4.179490 4.470535 4.694140 0.519223 0.561504 0.601513
520 4.179490 4.429981 4.631681 0.519223 0.564731 0.601513
530 4.132865 4.389685 4.612165 0.531423 0.568881 0.605970
540 4.032288 4.350478 4.574243 0.532595 0.572292 0.614482
550 4.032288 4.315915 4.519498 0.532595 0.575764 0.614482
560 4.032288 4.284332 4.496747 0.532595 0.577421 0.614482
570 4.029310 4.250609 4.455338 0.532595 0.579242 0.614482
580 4.029310 4.223188 4.418264 0.541421 0.583461 0.614482
590 4.029310 4.203042 4.327098 0.541421 0.586124 0.614482
600 4.029310 4.183982 4.294754 0.549536 0.587608 0.614482
610 4.007028 4.167003 4.266366 0.561992 0.590308 0.617408
620 3.997644 4.149408 4.228764 0.564072 0.592000 0.617408
630 3.997644 4.137046 4.206704 0.574289 0.593239 0.617408
640 3.987007 4.121912 4.206704 0.574289 0.595076 0.617408
650 3.919359 4.104921 4.183555 0.574289 0.597150 0.617408
660 3.899781 4.086291 4.183091 0.574289 0.597798 0.617408
670 3.899781 4.069338 4.168381 0.574289 0.599062 0.617408
680 3.868546 4.049590 4.159549 0.574289 0.599652 0.623359
690 3.868546 4.032507 4.145778 0.574289 0.600097 0.623359
700 3.868546 4.013505 4.127765 0.574289 0.601862 0.623359
710 3.829578 3.991978 4.099912 0.583937 0.603377 0.626368
720 3.819053 3.972866 4.069968 0.583937 0.604519 0.626368
730 3.819053 3.957554 4.032288 0.591800 0.606050 0.626368
740 3.817929 3.942978 4.029310 0.591800 0.607095 0.626368
750 3.817929 3.927314 4.011397 0.593024 0.609387 0.626368
760 3.811440 3.912069 4.000475 0.593024 0.610644 0.626368
770 3.808416 3.897141 3.989677 0.593024 0.612161 0.626368
780 3.800055 3.882478 3.965733 0.593024 0.613557 0.626368
790 3.800055 3.870262 3.946254 0.593024 0.614300 0.626368
800 3.777161 3.860239 3.923322 0.593024 0.614677 0.635104
810 3.777161 3.850649 3.912538 0.599924 0.616196 0.635104
820 3.777161 3.841718 3.899781 0.599924 0.617559 0.635104
830 3.777161 3.833505 3.894220 0.599924 0.619011 0.635104
840 3.777161 3.826317 3.876206 0.610376 0.620121 0.635104
850 3.756563 3.821259 3.855608 0.614828 0.621162 0.637491
860 3.756563 3.817774 3.829578 0.618363 0.621954 0.637491
870 3.748202 3.814314 3.829578 0.618363 0.622944 0.638643
880 3.748202 3.810631 3.829578 0.618363 0.623987 0.638643
890 3.748202 3.805791 3.829578 0.618363 0.625276 0.638643
900 3.748202 3.803310 3.829578 0.618363 0.626035 0.638643
910 3.748202 3.798657 3.829578 0.618363 0.627313 0.638643
920 3.748202 3.793576 3.816640 0.623239 0.628534 0.638643
930 3.748202 3.787863 3.816640 0.623239 0.629856 0.638643
940 3.748202 3.782343 3.816640 0.623239 0.631128 0.638643
950 3.748202 3.776126 3.811440 0.624302 0.632569 0.638643
960 3.748202 3.770264 3.811440 0.624302 0.633905 0.638643
970 3.748202 3.764418 3.795478 0.629529 0.635247 0.638643
980 3.727040 3.760090 3.787117 0.630681 0.636171 0.644933
990 3.727040 3.756522 3.781917 0.631202 0.636912 0.644933
1000 3.727040 3.753232 3.777724 0.631202 0.637703 0.644933
1010 3.727040 3.749517 3.777724 0.631202 0.638687 0.644933
1020 3.727040 3.747460 3.756563 0.637491 0.639128 0.644933
1030 3.727040 3.746201 3.756563 0.637491 0.639369 0.644933
1040 3.727040 3.744769 3.748202 0.638643 0.639701 0.644933
1050 3.727040 3.744134 3.748202 0.638643 0.639890 0.644933
1060 3.727040 3.742865 3.748202 0.638643 0.640267 0.644933
1070 3.727040 3.741760 3.748202 0.638643 0.640633 0.644933
1080 3.727040 3.739855 3.748202 0.638643 0.641199 0.644933
1090 3.727040 3.738162 3.748202 0.638643 0.641702 0.644933
1100 3.727040 3.736470 3.748202 0.638643 0.642205 0.644933
1110 3.727040 3.734353 3.748202 0.638643 0.642834 0.644933
1120 3.727040 3.732237 3.748202 0.638643 0.643463 0.644933
1130 3.727040 3.730121 3.748202 0.638643 0.644092 0.644933
1140 3.727040 3.728005 3.748202 0.638643 0.644721 0.644933
1150 3.727040 3.727040 3.727040 0.644933 0.644933 0.644933
1160 3.727040 3.727040 3.727040 0.644933 0.644933 0.644933
1170 3.727040 3.727040 3.727040 0.644933 0.644933 0.644933
1180 3.727040 3.727040 3.727040 0.644933 0.644933 0.644933
1190 3.727040 3.727040 3.727040 0.644933 0.644933 0.644933
1200 3.727040 3.727040 3.727040 0.644933 0.644933 0.644933
1210 3.727040 3.727040 3.727040 0.644933 0.644933 0.644933
1220 3.727040 3.727040 3.727040 0.644933 0.644933 0.644933
1230 3.727040 3.727040 3.727040 0.644933 0.644933 0.644933
1240 3.727040 3.727040 3.727040 0.644933 0.644933 0.644933
1250 3.727040 3.727040 3.727040 0.644933 0.644933 0.644933
1260 3.727040 3.727040 3.727040 0.644933 0.644933 0.644933
1270 3.727040 3.727040 3.727040 0.644933 0.644933 0.644933
1280 3.727040 3.727040 3.727040 0.644933 0.644933 0.644933
1290 3.727040 3.727040 3.727040 0.644933 0.644933 0.644933
1300 3.727040 3.727040 3.727040 0.644933 0.644933 0.644933
1310 3.727040 3.727040 3.727040 0.644933 0.644933 0.644933
1320 3.727040 3.727040 3.727040 0.644933 0.644933 0.644933
1330 3.727040 3.727040 3.727040 0.644933 0.644933 0.644933
1340 3.727040 3.727040 3.727040 0.644933 0.644933 0.644933
1350 3.727040 3.727040 3.727040 0.644933 0.644933 0.644933
1360 3.727040 3.727040 3.727040 0.644933 0.644933 0.644933
1370 3.727040 3.727040 3.727040 0.644933 0.644933 0.644933
1380 3.727040 3.727040 3.727040 0.644933 0.644933 0.644933
1390 3.727040 3.727040 3.727040 0.644933 0.644933 0.644933
1400 3.727040 3.727040 3.727040 0.644933 0.644933 0.644933
1410 3.727040 3.727040 3.727040 0.644933 0.644933 0.644933
1420 3.727040 3.727040 3.727040 0.644933 0.644933 0.644933
1430 3.727040 3.727040 3.727040 0.644933 0.644933 0.644933
1440 3.727040 3.727040 3.727040 0.644933 0.644933 0.644933
1450 3.727040 3.727040 3.727040 0.644933 0.644933 0.644933
1460 3.727040 3.727040 3.727040 0.644933 0.644933 0.644933
1470 3.727040 3.727040 3.727040 0.644933 0.644933 0.644933
1480 3.727040 3.727040 3.727040 0.644933 0.644933 0.644933
1490 3.727040 3.727040 3.727040 0.644933 0.644933 0.644933
1500 3.727040 3.727040 3.727040 0.644933 0.644933 0.644933
1510 3.727040 3.727040 3.727040 0.644933 0.644933 0.644933
1520 3.727040 3.727040 3.727040 0.644933 0.644933 0.644933
1530 3.727040 3.727040 3.727040 0.644933 0.644933 0.644933
1540 3.727040 3.727040 3.727040 0.644933 0.644933 0.644933
1550 3.727040 3.727040 3.727040 0.644933 0.644933 0.644933
1560 3.727040 3.727040 3.727040 0.644933 0.644933 0.644933
1570 3.727040 3.727040 3.727040 0.644933 0.644933 0.644933
1580 3.727040 3.727040 3.727040 0.644933 0.644933 0.644933
1590 3.727040 3.727040 3.727040 0.644933 0.644933 0.644933
1600 3.727040 3.727040 3.727040 0.644933 0.644933 0.644933
1610 3.727040 3.727040 3.727040 0.644933 0.644933 0.644933
1620 3.727040 3.727040 3.727040 0.644933 0.644933 0.644933
1630 3.727040 3.727040 3.727040 0.644933 0.644933 0.644933
1640 3.727040 3.727040 3.727040 0.644933 0.644933 0.644933
1650 3.727040 3.727040 3.727040 0.644933 0.644933 0.644933
1660 3.727040 3.727040 3.727040 0.644933 0.644933 0.644933
1670 3.727040 3.727040 3.727040 0.644933 0.644933 0.644933
1680 3.727040 3.727040 3.727040 0.644933 0.644933 0.644933
1690 3.727040 3.727040 3.727040 0.644933 0.644933 0.644933
1700 3.727040 3.727040 3.727040 0.644933 0.644933 0.644933
1710 3.727040 3.727040 3.727040 0.644933 0.644933 0.644933
1720 3.727040 3.727040 3.727040 0.644933 0.644933 0.644933
1730 3.727040 3.727040 3.727040 0.644933 0.644933 0.644933
1740 3.727040 3.727040 3.727040 0.644933 0.644933 0.644933
1750 3.727040 3.727040 3.727040 0.644933 0.644933 0.644933
1760 3.727040 3.727040 3.727040 0.644933 0.644933 0.644933
1770 3.727040 3.727040 3.727040 0.644933 0.644933 0.644933
1780 3.727040 3.727040 3.727040 0.644933 0.644933 0.644933
1790 3.727040 3.727040 3.727040 0.644933 0.644933 0.644933
1800 3.727040 3.727040 3.727040 0.644933 0.644933 0.644933
1810 3.727040 3.727040 3.727040 0.644933 0.644933 0.644933
1820 3.727040 3.727040 3.727040 0.644933 0.644933 0.644933
1830 3.727040 3.727040 3.727040 0.644933 0.644933 0.644933
1840 3.727040 3.727040 3.727040 0.644933 0.644933 0.644933
1850 3.727040 3.727040 3.727040 0.644933 0.644933 0.644933
1860 3.727040 3.727040 3.727040 0.644933 0.644933 0.644933
1870 3.727040 3.727040 3.727040 0.644933 0.644933 0.644933
1880 3.727040 3.727040 3.727040 0.644933 0.644933 0.644933
1890 3.727040 3.727040 3.727040 0.644933 0.644933 0.644933
1900 3.727040 3.727040 3.727040 0.644933 0.644933 0.644933
1910 3.727040 3.727040 3.727040 0.644933 0.644933 0.644933
1920 3.727040 3.727040 3.727040 0.644933 0.644933 0.644933
1930 3.727040 3.727040 3.727040 0.644933 0.644933 0.644933
1940 3.727040 3.727040 3.727040 0.644933 0.644933 0.644933
1950 3.727040 3.727040 3.727040 0.644933 0.644933 0.644933
1960 3.727040 3.727040 3.727040 0.644933 0.644933 0.644933
1970 3.727040 3.727040 3.727040 0.644933 0.644933 0.644933
1980 3.727040 3.727040 3.727040 0.644933 0.644933 0.644933
1990 3.727040 3.727040 3.727040 0.644933 0.644933 0.644933
2000 3.727040 3.727040 3.727040 0.644933 0.644933 0.644933
2010 3.727040 3.727040 3.727040 0.644933 0.644933 0.644933
2020 3.727040 3.727040 3.727040 0.644933 0.644933 0.644933
2030 3.727040 3.727040 3.727040 0.644933 0.644933 0.644933
2040 3.727040 3.727040 3.727040 0.644933 0.644933 0.644933
2050 3.727040 3.727040 3.727040 0.644933 0.644933 0.644933
2060 3.727040 3.727040 3.727040 0.644933 0.644933 0.644933
2070 3.727040 3.727040 3.727040 0.644933 0.644933 0.644933
2080 3.727040 3.727040 3.727040 0.644933 0.644933 0.644933
2090 3.727040 3.727040 3.727040 0.644933 0.644933 0.644933
2100 3.727040 3.727040 3.727040 0.644933 0.644933 0.644933
2110 3.727040 3.727040 3.727040 0.644933 0.644933 0.644933
2120 3.727040 3.727040 3.727040 0.644933 0.644933 0.644933
2130 3.727040 3.727040 3.727040 0.644933 0.644933 0.644933
2140 3.727040 3.727040 3.727040 0.644933 0.644933 0.644933
2150 3.727040 3.727040 3.727040 0.644933 0.644933 0.644933
2160 3.727040 3.727040 3.727040 0.644933 0.644933 0.644933
2170 3.727040 3.727040 3.727040 0.644933 0.644933 0.644933
2180 3.727040 3.727040 3.727040 0.644933 0.644933 0.644933
2190 3.727040 3.727040 3.727040 0.644933 0.644933 0.644933
2200 3.727040 3.727040 3.727040 0.644933 0.644933 0.644933
2210 3.727040 3.727040 3.727040 0.644933 0.644933 0.644933
2220 3.727040 3.727040 3.727040 0.644933 0.644933 0.644933
2230 3.727040 3.727040 3.727040 0.644933 0.644933 0.644933
2240 3.727040 3.727040 3.727040 0.644933 0.644933 0.644933
2250 3.727040 3.727040 3.727040 0.644933 0.644933 0.644933
2260 3.727040 3.727040 3.727040 0.644933 0.644933 0.644933
2270 3.727040 3.727040 3.727040 0.644933 0.644933 0.644933
2280 3.727040 3.727040 3.727040 0.644933 0.644933 0.644933
2290 3.727040 3.727040 3.727040 0.644933 0.644933 0.644933
2300 3.727040 3.727040 3.727040 0.644933 0.644933 0.644933
2310 3.727040 3.727040 3.727040 0.644933 0.644933 0.644933
2320 3.727040 3.727040 3.727040 0.644933 0.644933 0.644933
2330 3.727040 3.727040 3.727040 0.644933 0.644933 0.644933
2340 3.727040 3.727040 3.727040 0.644933 0.644933 0.644933
2350 3.727040 3.727040 3.727040 0.644933 0.644933 0.644933
2360 3.727040 3.727040 3.727040 0.644933 0.644933 0.644933
2370 3.727040 3.727040 3.727040 0.644933 0.644933 0.644933
2380 3.727040 3.727040 3.727040 0.644933 0.644933 0.644933
2390 3.727040 3.727040 3.727040 0.644933 0.644933 0.644933
2400 3.727040 3.727040 3.727040 0.644933 0.644933 0.644933
2410 3.727040 3.727040 3.727040 0.644933 0.644933 0.644933
2420 3.727040 3.727040 3.727040 0.644933 0.644933 0.644933
2430 3.727040 3.727040 3.727040 0.644933 0.644933 0.644933
2440 3.727040 3.727040 3.727040 0.644933 0.644933 0.644933
2450 3.727040 3.727040 3.727040 0.644933 0.644933 0.644933
2460 3.727040 3.727040 3.727040 0.644933 0.644933 0.644933
2470 3.727040 3.727040 3.727040 0.644933 0.644933 0.644933
2480 3.727040 3.727040 3.727040 0.644933 0.644933 0.644933
2490 3.727040 3.727040 3.727040 0.644933 0.644933 0.644933
2500 3.727040 3.727040 3.727040 0.644933 0.644933 0.644933
2510 3.727040 3.727040 3.727040 0.644933 0.644933 0.644933
2520 3.727040 3.727040 3.727040 0.644933 0.644933 0.644933
2530 3.727040 3.727040 3.727040 0.644933 0.644933 0.644933
2540 3.727040 3.727040 3.727040 0.644933 0.644933 0.644933
2550 3.727040 3.727040 3.727040 0.644933 0.644933 0.644933
2560 3.727040 3.727040 3.727040 0.644933 0.644933 0.644933
2570 3.727040 3.727040 3.727040 0.644933 0.644933 0.644933
2580 3.727040 3.727040 3.727040 0.644933 0.644933 0.644933
2590 3.727040 3.727040 3.727040 0.644933 0.644933 0.644933
2600 3.727040 3.727040 3.727040 0.644933 0.644933 0.644933
2610 3.727040 3.727040 3.727040 0.644933 0.644933 0.644933
2620 3.727040 3.727040 3.727040 0.644933 0.644933 0.644933
2630 3.727040 3.727040 3.727040 0.644933 0.644933 0.644933
2640 3.727040 3.727040 3.727040 0.644933 0.644933 0.644933
2650 3.727040 3.727040 3.727040 0.644933 0.644933 0.644933
2660 3.727040 3.727040 3.727040 0.644933 0.644933 0.644933
2670 3.727040 3.727040 3.727040 0.644933 0.644933 0.644933
2680 3.727040 3.727040 3.727040 0.644933 0.644933 0.644933
2690 3.727040 3.727040 3.727040 0.644933 0.644933 0.644933
2700 3.727040 3.727040 3.727040 0.644933 0.644933 0.644933
2710 3.727040 3.727040 3.727040 0.644933 0.644933 0.644933
2720 3.727040 3.727040 3.727040 0.644933 0.644933 0.644933
2730 3.727040 3.727040 3.727040 0.644933 0.644933 0.644933
2740 3.727040 3.727040 3.727040 0.644933 0.644933 0.644933
2750 3.727040 3.727040 3.727040 0.644933 0.644933 0.644933
2760 3.727040 3.727040 3.727040 0.644933 0.644933 0.644933
2770 3.727040 3.727040 3.727040 0.644933 0.644933 0.644933
2780 3.727040 3.727040 3.727040 0.644933 0.644933 0.644933
2790 3.727040 3.727040 3.727040 0.644933 0.644933 0.644933
2800 3.727040 3.727040 3.727040 0.644933 0.644933 0.644933
2810 3.727040 3.727040 3.727040 0.644933 0.644933 0.644933
2820 3.727040 3.727040 3.727040 0.644933 0.644933 0.644933
2830 3.727040 3.727040 3.727040 0.644933 0.644933 0.644933
2840 3.727040 3.727040 3.727040 0.644933 0.644933 0.644933
2850 3.727040 3.727040 3.727040 0.644933 0.644933 0.644933
2860 3.727040 3.727040 3.727040 0.644933 0.644933 0.644933
2870 3.727040 3.727040 3.727040 0.644933 0.644933 0.644933
2880 3.727040 3.727040 3.727040 0.644933 0.644933 0.644933
2890 3.727040 3.727040 3.727040 0.644933 0.644933 0.644933
2900 3.727040 3.727040 3.727040 0.644933 0.644933 0.644933
2910 3.727040 3.727040 3.727040 0.644933 0.644933 0.644933
2920 3.727040 3.727040 3.727040 0.644933 0.644933 0.644933
2930 3.727040 3.727040 3.727040 0.644933 0.644933 0.644933
2940 3.727040 3.727040 3.727040 0.644933 0.644933 0.644933
2950 3.727040 3.727040 3.727040 0.644933 0.644933 0.644933
2960 3.727040 3.727040 3.727040 0.644933 0.644933 0.644933
2970 3.727040 3.727040 3.727040 0.644933 0.644933 0.644933
2980 3.727040 3.727040 3.727040 0.644933 0.644933 0.644933
2990 3.727040 3.727040 3.727040 0.644933 0.644933 0.644933
3000 3.727040 3.727040 3.727040 0.644933 0.644933 0.644933
3010 3.727040 3.727040 3.727040 0.644933 0.644933 0.644933
3020 3.727040 3.727040 3.727040 0.644933 0.644933 0.644933
3030 3.727040 3.727040 3.727040 0.644933 0.644933 0.644933
3040 3.727040 3.727040 3.727040 0.644933 0.644933 0.644933
3050 3.727040 3.727040 3.727040 0.644933 0.644933 0.644933
3060 3.727040 3.727040 3.727040 0.644933 0.644933 0.644933
3070 3.727040 3.727040 3.727040 0.644933 0.644933 0.644933
3080 3.727040 3.727040 3.727040 0.644933 0.644933 0.644933
3090 3.727040 3.727040 3.727040 0.644933 0.644933 0.644933
3100 3.727040 3.727040 3.727040 0.644933 0.644933 0.644933
3110 3.727040 3.727040 3.727040 0.644933 0.644933 0.644933
3120 3.727040 3.727040 3.727040 0.644933 0.644933 0.644933
3130 3.727040 3.727040 3.727040 0.644933 0.644933 0.644933
3140 3.727040 3.727040 3.727040 0.644933 0.644933 0.644933
3150 3.727040 3.727040 3.727040 0.644933 0.644933 0.644933
3160 3.727040 3.727040 3.727040 0.644933 0.644933 0.644933
3170 3.727040 3.727040 3.727040 0.644933 0.644933 0.644933
3180 3.727040 3.727040 3.727040 0.644933 0.644933 0.644933
3190 3.727040 3.727040 3.727040 0.644933 0.644933 0.644933
3200 3.727040 3.727040 3.727040 0.644933 0.644933 0.644933
3210 3.727040 3.727040 3.727040 0.644933 0.644933 0.644933
3220 3.727040 3.727040 3.727040 0.644933 0.644933 0.644933
3230 3.727040 3.727040 3.727040 0.644933 0.644933 0.644933
3240 3.727040 3.727040 3.727040 0.644933 0.644933 0.644933
3250 3.727040 3.727040 3.727040 0.644933 0.644933 0.644933
3260 3.727040 3.727040 3.727040 0.644933 0.644933 0.644933
3270 3.727040 3.727040 3.727040 0.644933 0.644933 0.644933
3280 3.727040 3.727040 3.727040 0.644933 0.644933 0.644933
3290 3.727040 3.727040 3.727040 0.644933 0.644933 0.644933
3300 3.727040 3.727040 3.727040 0.644933 0.644933 0.644933
3310 3.727040 3.727040 3.727040 0.644933 0.644933 0.644933
3320 3.727040 3.727040 3.727040 0.644933 0.644933 0.644933
3330 3.727040 3.727040 3.727040 0.644933 0.644933 0.644933
3340 3.727040 3.727040 3.727040 0.644933 0.644933 0.644933
3350 3.727040 3.727040 3.727040 0.644933 0.644933 0.644933
3360 3.727040 3.727040 3.727040 0.644933 0.644933 0.644933
3370 3.727040 3.727040 3.727040 0.644933 0.644933 0.644933
3380 3.727040 3.727040 3.727040 0.644933 0.644933 0.644933
3390 3.727040 3.727040 3.727040 0.644933 0.644933 0.644933
3400 3.727040 3.727040 3.727040 0.644933 0.644933 0.644933
3410 3.727040 3.727040 3.727040 0.644933 0.644933 0.644933
3420 3.727040 3.727040 3.727040 0.644933 0.644933 0.644933
3430 3.727040 3.727040 3.727040 0.644933 0.644933 0.644933
3440 3.727040 3.727040 3.727040 0.644933 0.644933 0.644933
3450 3.727040 3.727040 3.727040 0.644933 0.644933 0.644933
3460 3.727040 3.727040 3.727040 0.644933 0.644933 0.644933
3470 3.727040 3.727040 3.727040 0.644933 0.644933 0.644933
3480 3.727040 3.727040 3.727040 0.644933 0.644933 0.644933
3490 3.727040 3.727040 3.727040 0.644933 0.644933 0.644933
3500 3.727040 3.727040 3.727040 0.644933 0.644933 0.644933
3510 3.727040 3.727040 3.727040 0.644933 0.644933 0.644933
3520 3.727040 3.727040 3.727040 0.644933 0.644933 0.644933
3530 3.727040 3.727040 3.727040 0.644933 0.644933 0.644933
3540 3.727040 3.727040 3.727040 0.644933 0.644933 0.644933
3550 3.727040 3.727040 3.727040 0.644933 0.644933 0.644933
3560 3.727040 3.727040 3.727040 0.644933 0.644933 0.644933
3570 3.727040 3.727040 3.727040 0.644933 0.644933 0.644933
3580 3.727040 3.727040 3.727040 0.644933 0.644933 0.644933
3590 3.727040 3.727040 3.727040 0.644933 0.644933 0.644933
3600 3.727040 3.727040 3.727040 0.644933 0.644933 0.644933
3610 3.727040 3.727040 3.727040 0.644933 0.644933 0.644933
3620 3.727040 3.727040 3.727040 0.644933 0.644933 0.644933
3630 3.727040 3.727040 3.727040 0.644933 0.644933 0.644933
3640 3.727040 3.727040 3.727040 0.644933 0.644933 0.644933
3650 3.727040 3.727040 3.727040 0.644933 0.644933 0.644933
3660 3.727040 3.727040 3.727040 0.644933 0.644933 0.644933
3670 3.727040 3.727040 3.727040 0.644933 0.644933 0.644933
3680 3.727040 3.727040 3.727040 0.644933 0.644933 0.644933
3690 3.727040 3.727040 3.727040 0.644933 0.644933 0.644933
3700 3.727040 3.727040 3.727040 0.644933 0.644933 0.644933
3710 3.727040 3.727040 3.727040 0.644933 0.644933 0.644933
3720 3.727040 3.727040 3.727040 0.644933 0.644933 0.644933
3730 3.727040 3.727040 3.727040 0.644933 0.644933 0.644933
3740 3.727040 3.727040 3.727040 0.644933 0.644933 0.644933
3750 3.727040 3.727040 3.727040 0.644933 0.644933 0.644933
3760 3.727040 3.727040 3.727040 0.644933 0.644933 0.644933
3770 3.727040 3.727040 3.727040 0.644933 0.644933 0.644933
3780 3.727040 3.727040 3.727040 0.644933 0.644933 0.644933
3790 3.727040 3.727040 3.727040 0.644933 0.644933 0.644933
3800 3.727040 3.727040 3.727040 0.644933 0.644933 0.644933
3810 3.727040 3.727040 3.727040 0.644933 0.644933 0.644933
3820 3.727040 3.727040 3.727040 0.644933 0.644933 0.644933
3830 3.727040 3.727040 3.727040 0.644933 0.644933 0.644933
3840 3.727040 3.727040 3.727040 0.644933 0.644933 0.644933
3850 3.727040 3.727040 3.727040 0.644933 0.644933 0.644933
3860 3.727040 3.727040 3.727040 0.644933 0.644933 0.644933
3870 3.727040 3.727040 3.727040 0.644933 0.644933 0.644933
3880 3.727040 3.727040 3.727040 0.644933 0.644933 0.644933
3890 3.727040 3.727040 3.727040 0.644933 0.644933 0.644933
3900 3.727040 3.727040 3.727040 0.644933 0.644933 0.644933
3910 3.727040 3.727040 3.727040 0.644933 0.644933 0.644933
3920 3.727040 3.727040 3.727040 0.644933 0.644933 0.644933
3930 3.727040 3.727040 3.727040 0.644933 0.644933 0.644933
3940 3.727040 3.727040 3.727040 0.644933 0.644933 0.644933
3950 3.727040 3.727040 3.727040 0.644933 0.644933 0.644933
3960 3.727040 3.727040 3.727040 0.644933 0.644933 0.644933
3970 3.727040 3.727040 3.727040 0.644933 0.644933 0.644933
3980 3.727040 3.727040 3.727040 0.644933 0.644933 0.644933
3990 3.727040 3.727040 3.727040 0.644933 0.644933 0.644933
4000 3.727040 3.727040 3.727040 0.644933 0.644933 0.644933
4010 3.727040 3.727040 3.727040 0.644933 0.644933 0.644933
4020 3.727040 3.727040 3.727040 0.644933 0.644933 0.644933
4030 3.727040 3.727040 3.727040 0.644933 0.644933 0.644933
4040 3.727040 3.727040 3.727040 0.644933 0.644933 0.644933
4050 3.727040 3.727040 3.727040 0.644933 0.644933 0.644933
4060 3.727040 3.727040 3.727040 0.644933 0.644933 0.644933
4070 3.727040 3.727040 3.727040 0.644933 0.644933 0.644933
4080 3.727040 3.727040 3.727040 0.644933 0.644933 0.644933
4090 3.727040 3.727040 3.727040 0.644933 0.644933 0.644933
4100 3.727040 3.727040 3.727040 0.644933 0.644933 0.644933
4110 3.727040 3.727040 3.727040 0.644933 0.644933 0.644933
4120 3.727040 3.727040 3.727040 0.644933 0.644933 0.644933
4130 3.727040 3.727040 3.727040 0.644933 0.644933 0.644933
4140 3.727040 3.727040 3.727040 0.644933 0.644933 0.644933
4150 3.727040 3.727040 3.727040 0.644933 0.644933 0.644933
4160 3.727040 3.727040 3.727040 0.644933 0.644933 0.644933
4170 3.727040 3.727040 3.727040 0.644933 0.644933 0.644933
4180 3.727040 3.727040 3.727040 0.644933 0.644933 0.644933
4190 3.727040 3.727040 3.727040 0.644933 0.644933 0.644933
4200 3.727040 3.727040 3.727040 0.644933 0.644933 0.644933
4210 3.727040 3.727040 3.727040 0.644933 0.644933 0.644933
4220 3.727040 3.727040 3.727040 0.644933 0.644933 0.644933
4230 3.727040 3.727040 3.727040 0.644933 0.644933 0.644933
4240 3.727040 3.727040 3.727040 0.644933 0.644933 0.644933
4250 3.727040 3.727040 3.727040 0.644933 0.644933 0.644933
4260 3.727040 3.727040 3.727040 0.644933 0.644933 0.644933
4270 3.727040 3.727040 3.727040 0.644933 0.644933 0.644933
4280 3.727040 3.727040 3.727040 0.644933 0.644933 0.644933
4290 3.727040 3.727040 3.727040 0.644933 0.644933 0.644933
4300 3.727040 3.727040 3.727040 0.644933 0.644933 0.644933
4310 3.727040 3.727040 3.727040 0.644933 0.644933 0.644933
4320 3.727040 3.727040 3.727040 0.644933 0.644933 0.644933
4330 3.727040 3.727040 3.727040 0.644933 0.644933 0.644933
4340 3.727040 3.727040 3.727040 0.644933 0.644933 0.644933
4350 3.727040 3.727040 3.727040 0.644933 0.644933 0.644933
4360 3.727040 3.727040 3.727040 0.644933 0.644933 0.644933
4370 3.727040 3.727040 3.727040 0.644933 0.644933 0.644933
4380 3.727040 3.727040 3.727040 0.644933 0.644933 0.644933
4390 3.727040 3.727040 3.727040 0.644933 0.644933 0.644933
4400 3.727040 3.727040 3.727040 0.644933 0.644933 0.644933
4410 3.727040 3.727040 3.727040 0.644933 0.644933 0.644933
4420 3.727040 3.727040 3.727040 0.644933 0.644933 0.644933
4430 3.727040 3.727040 3.727040 0.644933 0.644933 0.644933
4440 3.727040 3.727040 3.727040 0.644933 0.644933 0.644933
4450 3.727040 3.727040 3.727040 0.644933 0.644933 0.644933
4460 3.727040 3.727040 3.727040 0.644933 0.644933 0.644933
4470 3.727040 3.727040 3.727040 0.644933 0.644933 0.644933
4480 3.727040 3.727040 3.727040 0.644933 0.644933 0.644933
4490 3.727040 3.727040 3.727040 0.644933 0.644933 0.644933
4500 3.727040 3.727040 3.727040 0.644933 0.644933 0.644933
4510 3.727040 3.727040 3.727040 0.644933 0.644933 0.644933
4520 3.727040 3.727040 3.727040 0.644933 0.644933 0.644933
4530 3.727040 3.727040 3.727040 0.644933 0.644933 0.644933
4540 3.727040 3.727040 3.727040 0.644933 0.644933 0.644933
4550 3.727040 3.727040 3.727040 0.644933 0.644933 0.644933
4560 3.727040 3.727040 3.727040 0.644933 0.644933 0.644933
4570 3.727040 3.727040 3.727040 0.644933 0.644933 0.644933
4580 3.727040 3.727040 3.727040 0.644933 0.644933 0.644933
4590 3.727040 3.727040 3.727040 0.644933 0.644933 0.644933
4600 3.727040 3.727040 3.727040 0.644933 0.644933 0.644933
4610 3.727040 3.727040 3.727040 0.644933 0.644933 0.644933
4620 3.727040 3.727040 3.727040 0.644933 0.644933 0.644933
4630 3.727040 3.727040 3.727040 0.644933 0.644933 0.644933
4640 3.727040 3.727040 3.727040 0.644933 0.644933 0.644933
4650 3.727040 3.727040 3.727040 0.644933 0.644933 0.644933
4660 3.727040 3.727040 3.727040 0.644933 0.644933 0.644933
4670 3.727040 3.727040 3.727040 0.644933 0.644933 0.644933
4680 3.727040 3.727040 3.727040 0.644933 0.644933 0.644933
4690 3.727040 3.727040 3.727040 0.644933 0.644933 0.644933
4700 3.727040 3.727040 3.727040 0.644933 0.644933 0.644933
4710 3.727040 3.727040 3.727040 0.644933 0.644933 0.644933
4720 3.727040 3.727040 3.727040 0.644933 0.644933 0.644933
4730 3.727040 3.727040 3.727040 0.644933 0.644933 0.644933
4740 3.727040 3.727040 3.727040 0.644933 0.644933 0.644933
4750 3.727040 3.727040 3.727040 0.644933 0.644933 0.644933
4760 3.727040 3.727040 3.727040 0.644933 0.644933 0.644933
4770 3.727040 3.727040 3.727040 0.644933 0.644933 0.644933
4780 3.727040 3.727040 3.727040 0.644933 0.644933 0.644933
4790 3.727040 3.727040 3.727040 0.644933 0.644933 0.644933
4800 3.727040 3.727040 3.727040 0.644933 0.644933 0.644933
4810 3.727040 3.727040 3.727040 0.644933 0.644933 0.644933
4820 3.727040 3.727040 3.727040 0.644933 0.644933 0.644933
4830 3.727040 3.727040 3.727040 0.644933 0.644933 0.644933
4840 3.727040 3.727040 3.727040 0.644933 0.644933 0.644933
4850 3.727040 3.727040 3.727040 0.644933 0.644933 0.644933
4860 3.727040 3.727040 3.727040 0.644933 0.644933 0.644933
4870 3.727040 3.727040 3.727040 0.644933 0.644933 0.644933
4880 3.727040 3.727040 3.727040 0.644933 0.644933 0.644933
4890 3.727040 3.727040 3.727040 0.644933 0.644933 0.644933
4900 3.727040 3.727040 3.727040 0.644933 0.644933 0.644933
4910 3.727040 3.727040 3.727040 0.644933 0.644933 0.644933
4920 3.727040 3.727040 3.727040 0.644933 0.644933 0.644933
4930 3.727040 3.727040 3.727040 0.644933 0.644933 0.644933
4940 3.727040 3.727040 3.727040 0.644933 0.644933 0.644933
4950 3.727040 3.727040 3.727040 0.644933 0.644933 0.644933
4960 3.727040 3.727040 3.727040 0.644933 0.644933 0.644933
4970 3.727040 3.727040 3.727040 0.644933 0.644933 0.644933
4980 3.727040 3.727040 3.727040 0.644933 0.644933 0.644933
4990 3.727040 3.727040 3.727040 0.644933 0.644933 0.644933
5000 3.727040 3.727040 3.727040 0.644933 0.644933 0.644933
5010 3.727040 3.727040 3.727040 0.644933 0.644933 0.644933
5020 3.727040 3.727040 3.727040 0.644933 0.644933 0.644933
5030 3.727040 3.727040 3.727040 0.644933 0.644933 0.644933
5040 3.727040 3.727040 3.727040 0.644933 0.644933 0.644933
5050 3.727040 3.727040 3.727040 0.644933 0.644933 0.644933
5060 3.727040 3.727040 3.727040 0.644933 0.644933 0.644933
5070 3.727040 3.727040 3.727040 0.644933 0.644933 0.644933
5080 3.727040 3.727040 3.727040 0.644933 0.644933 0.644933
5090 3.727040 3.727040 3.727040 0.644933 0.644933 0.644933
5100 3.727040 3.727040 3.727040 0.644933 0.644933 0.644933
5110 3.727040 3.727040 3.727040 0.644933 0.644933 0.644933
5120 3.727040 3.727040 3.727040 0.644933 0.644933 0.644933
5130 3.727040 3.727040 3.727040 0.644933 0.644933 0.644933
5140 3.727040 3.727040 3.727040 0.644933 0.644933 0.644933
5150 3.727040 3.727040 3.727040 0.644933 0.644933 0.644933
5160 3.727040 3.727040 3.727040 0.644933 0.644933 0.644933
5170 3.727040 3.727040 3.727040 0.644933 0.644933 0.644933
5180 3.727040 3.727040 3.727040 0.644933 0.644933 0.644933
5190 3.727040 3.727040 3.727040 0.644933 0.644933 0.644933
5200 3.727040 3.727040 3.727040 0.644933 0.644933 0.644933
5210 3.727040 3.727040 3.727040 0.644933 0.644933 0.644933
5220 3.727040 3.727040 3.727040 0.644933 0.644933 0.644933
5230 3.727040 3.727040 3.727040 0.644933 0.644933 0.644933
5240 3.727040 3.727040 3.727040 0.644933 0.644933 0.644933
5250 3.727040 3.727040 3.727040 0.644933 0.644933 0.644933
5260 3.727040 3.727040 3.727040 0.644933 0.644933 0.644933
5270 3.727040 3.727040 3.727040 0.644933 0.644933 0.644933
5280 3.727040 3.727040 3.727040 0.644933 0.644933 0.644933
5290 3.727040 3.727040 3.727040 0.644933 0.644933 0.644933
5300 3.727040 3.727040 3.727040 0.644933 0.644933 0.644933
5310 3.727040 3.727040 3.727040 0.644933 0.644933 0.644933
5320 3.727040 3.727040 3.727040 0.644933 0.644933 0.644933
5330 3.727040 3.727040 3.727040 0.644933 0.644933 0.644933
5340 3.727040 3.727040 3.727040 0.644933 0.644933 0.644933
5350 3.727040 3.727040 3.727040 0.644933 0.644933 0.644933
5360 3.727040 3.727040 3.727040 0.644933 0.644933 0.644933
5370 3.727040 3.727040 3.727040 0.644933 0.644933 0.644933
5380 3.727040 3.727040 3.727040 0.644933 0.644933 0.644933
5390 3.727040 3.727040 3.727040 0.644933 0.644933 0.644933
5400 3.727040 3.727040 3.727040 0.644933 0.644933 0.644933
5410 3.727040 3.727040 3.727040 0.644933 0.644933 0.644933
5420 3.727040 3.727040 3.727040 0.644933 0.644933 0.644933
5430 3.727040 3.727040 3.727040 0.644933 0.644933 0.644933
5440 3.727040 3.727040 3.727040 0.644933 0.644933 0.644933
5450 3.727040 3.727040 3.727040 0.644933 0.644933 0.644933
5460 3.727040 3.727040 3.727040 0.644933 0.644933 0.644933
5470 3.727040 3.727040 3.727040 0.644933 0.644933 0.644933
5480 3.727040 3.727040 3.727040 0.644933 0.644933 0.644933
5490 3.727040 3.727040 3.727040 0.644933 0.644933 0.644933
5500 3.727040 3.727040 3.727040 0.644933 0.644933 0.644933
5510 3.727040 3.727040 3.727040 0.644933 0.644933 0.644933
5520 3.727040 3.727040 3.727040 0.644933 0.644933 0.644933
5530 3.727040 3.727040 3.727040 0.644933 0.644933 0.644933
5540 3.727040 3.727040 3.727040 0.644933 0.644933 0.644933
5550 3.727040 3.727040 3.727040 0.644933 0.644933 0.644933
5560 3.727040 3.727040 3.727040 0.644933 0.644933 0.644933
5570 3.727040 3.727040 3.727040 0.644933 0.644933 0.644933
5580 3.727040 3.727040 3.727040 0.644933 0.644933 0.644933
5590 3.727040 3.727040 3.727040 0.644933 0.644933 0.644933
5600 3.727040 3.727040 3.727040 0.644933 0.644933 0.644933
5610 3.727040 3.727040 3.727040 0.644933 0.644933 0.644933
5620 3.727040 3.727040 3.727040 0.644933 0.644933 0.644933
5630 3.727040 3.727040 3.727040 0.644933 0.644933 0.644933
5640 3.727040 3.727040 3.727040 0.644933 0.644933 0.644933
5650 3.727040 3.727040 3.727040 0.644933 0.644933 0.644933
5660 3.727040 3.727040 3.727040 0.644933 0.644933 0.644933
5670 3.727040 3.727040 3.727040 0.644933 0.644933 0.644933
5680 3.727040 3.727040 3.727040 0.644933 0.644933 0.644933
5690 3.727040 3.727040 3.727040 0.644933 0.644933 0.644933
5700 3.727040 3.727040 3.727040 0.644933 0.644933 0.644933
5710 3.727040 3.727040 3.727040 0.644933 0.644933 0.644933
5720 3.727040 3.727040 3.727040 0.644933 0.644933 0.644933
5730 3.727040 3.727040 3.727040 0.644933 0.644933 0.644933
5740 3.727040 3.727040 3.727040 0.644933 0.644933 0.644933
5750 3.727040 3.727040 3.727040 0.644933 0.644933 0.644933
5760 3.727040 3.727040 3.727040 0.644933 0.644933 0.644933
5770 3.727040 3.727040 3.727040 0.644933 0.644933 0.644933
5780 3.727040 3.727040 3.727040 0.644933 0.644933 0.644933
5790 3.727040 3.727040 3.727040 0.644933 0.644933 0.644933
5800 3.727040 3.727040 3.727040 0.644933 0.644933 0.644933
5810 3.727040 3.727040 3.727040 0.644933 0.644933 0.644933
5820 3.727040 3.727040 3.727040 0.644933 0.644933 0.644933
5830 3.727040 3.727040 3.727040 0.644933 0.644933 0.644933
5840 3.727040 3.727040 3.727040 0.644933 0.644933 0.644933
5850 3.727040 3.727040 3.727040 0.644933 0.644933 0.644933
5860 3.727040 3.727040 3.727040 0.644933 0.644933 0.644933
5870 3.727040 3.727040 3.727040 0.644933 0.644933 0.644933
5880 3.727040 3.727040 3.727040 0.644933 0.644933 0.644933
5890 3.727040 3.727040 3.727040 0.644933 0.644933 0.644933
5900 3.727040 3.727040 3.727040 0.644933 0.644933 0.644933
5910 3.727040 3.727040 3.727040 0.644933 0.644933 0.644933
5920 3.727040 3.727040 3.727040 0.644933 0.644933 0.644933
5930 3.727040 3.727040 3.727040 0.644933 0.644933 0.644933
5940 3.727040 3.727040 3.727040 0.644933 0.644933 0.644933
5950 3.727040 3.727040 3.727040 0.644933 0.644933 0.644933
5960 3.727040 3.727040 3.727040 0.644933 0.644933 0.644933
5970 3.727040 3.727040 3.727040 0.644933 0.644933 0.644933
5980 3.727040 3.727040 3.727040 0.644933 0.644933 0.644933
5990 3.727040 3.727040 3.727040 0.644933 0.644933 0.644933
6000 3.727040 3.727040 3.727040 0.644933 0.644933 0.644933
6010 3.727040 3.727040 3.727040 0.644933 0.644933 0.644933
6020 3.727040 3.727040 3.727040 0.644933 0.644933 0.644933
6030 3.727040 3.727040 3.727040 0.644933 0.644933 0.644933
6040 3.727040 3.727040 3.727040 0.644933 0.644933 0.644933
6050 3.727040 3.727040 3.727040 0.644933 0.644933 0.644933
6060 3.727040 3.727040 3.727040 0.644933 0.644933 0.644933
6070 3.727040 3.727040 3.727040 0.644933 0.644933 0.644933
6080 3.727040 3.727040 3.727040 0.644933 0.644933 0.644933
6090 3.727040 3.727040 3.727040 0.644933 0.644933 0.644933
6100 3.727040 3.727040 3.727040 0.644933 0.644933 0.644933
6110 3.727040 3.727040 3.727040 0.644933 0.644933 0.644933
6120 3.727040 3.727040 3.727040 0.644933 0.644933 0.644933
6130 3.727040 3.727040 3.727040 0.644933 0.644933 0.644933
6140 3.727040 3.727040 3.727040 0.644933 0.644933 0.644933
6150 3.727040 3.727040 3.727040 0.644933 0.644933 0.644933
6160 3.727040 3.727040 3.727040 0.644933 0.644933 0.644933
6170 3.727040 3.727040 3.727040 0.644933 0.644933 0.644933
6180 3.727040 3.727040 3.727040 0.644933 0.644933 0.644933
6190 3.727040 3.727040 3.727040 0.644933 0.644933 0.644933
6200 3.727040 3.727040 3.727040 0.644933 0.644933 0.644933
6210 3.727040 3.727040 3.727040 0.644933 0.644933 0.644933
6220 3.727040 3.727040 3.727040 0.644933 0.644933 0.644933
6230 3.727040 3.727040 3.727040 0.644933 0.644933 0.644933
6240 3.727040 3.727040 3.727040 0.644933 0.644933 0.644933
6250 3.727040 3.727040 3.727040 0.644933 0.644933 0.644933
6260 3.727040 3.727040 3.727040 0.644933 0.644933 0.644933
6270 3.727040 3.727040 3.727040 0.644933 0.644933 0.644933
6280 3.727040 3.727040 3.727040 0.644933 0.644933 0.644933
6290 3.727040 3.727040 3.727040 0.644933 0.644933 0.644933
6300 3.727040 3.727040 3.727040 0.644933 0.644933 0.644933
6310 3.727040 3.727040 3.727040 0.644933 0.644933 0.644933
6320 3.727040 3.727040 3.727040 0.644933 0.644933 0.644933
6330 3.727040 3.727040 3.727040 0.644933 0.644933 0.644933
6340 3.727040 3.727040 3.727040 0.644933 0.644933 0.644933
6350 3.727040 3.727040 3.727040 0.644933 0.644933 0.644933
6360 3.727040 3.727040 3.727040 0.644933 0.644933 0.644933
6370 3.727040 3.727040 3.727040 0.644933 0.644933 0.644933
6380 3.727040 3.727040 3.727040 0.644933 0.644933 0.644933
6390 3.727040 3.727040 3.727040 0.644933 0.644933 0.644933
6400 3.727040 3.727040 3.727040 0.644933 0.644933 0.644933
6410 3.727040 3.727040 3.727040 0.644933 0.644933 0.644933
6420 3.727040 3.727040 3.727040 0.644933 0.644933 0.644933
6430 3.727040 3.727040 3.727040 0.644933 0.644933 0.644933
6440 3.727040 3.727040 3.727040 0.644933 0.644933 0.644933
6450 3.727040 3.727040 3.727040 0.644933 0.644933 0.644933
6460 3.727040 3.727040 3.727040 0.644933 0.644933 0.644933
6470 3.727040 3.727040 3.727040 0.644933 0.644933 0.644933
6480 3.727040 3.727040 3.727040 0.644933 0.644933 0.644933
6490 3.727040 3.727040 3.727040 0.644933 0.644933 0.644933
6500 3.727040 3.727040 3.727040 0.644933 0.644933 0.644933
6510 3.727040 3.727040 3.727040 0.644933 0.644933 0.644933
6520 3.727040 3.727040 3.727040 0.644933 0.644933 0.644933
6530 3.727040 3.727040 3.727040 0.644933 0.644933 0.644933
6540 3.727040 3.727040 3.727040 0.644933 0.644933 0.644933
6550 3.727040 3.727040 3.727040 0.644933 0.644933 0.644933
6560 3.727040 3.727040 3.727040 0.644933 0.644933 0.644933
6570 3.727040 3.727040 3.727040 0.644933 0.644933 0.644933
6580 3.727040 3.727040 3.727040 0.644933 0.644933 0.644933
6590 3.727040 3.727040 3.727040 0.644933 0.644933 0.644933
6600 3.727040 3.727040 3.727040 0.644933 0.644933 0.644933
6610 3.727040 3.727040 3.727040 0.644933 0.644933 0.644933
6620 3.727040 3.727040 3.727040 0.644933 0.644933 0.644933
6630 3.727040 3.727040 3.727040 0.644933 0.644933 0.644933
6640 3.727040 3.727040 3.727040 0.644933 0.644933 0.644933
6650 3.727040 3.727040 3.727040 0.644933 0.644933 0.644933
6660 3.727040 3.727040 3.727040 0.644933 0.644933 0.644933
6670 3.727040 3.727040 3.727040 0.644933 0.644933 0.644933
6680 3.727040 3.727040 3.727040 0.644933 0.644933 0.644933
6690 3.727040 3.727040 3.727040 0.644933 0.644933 0.644933
6700 3.727040 3.727040 3.727040 0.644933 0.644933 0.644933
6710 3.727040 3.727040 3.727040 0.644933 0.644933 0.644933
6720 3.727040 3.727040 3.727040 0.644933 0.644933 0.644933
6730 3.727040 3.727040 3.727040 0.644933 0.644933 0.644933
6740 3.727040 3.727040 3.727040 0.644933 0.644933 0.644933
6750 3.727040 3.727040 3.727040 0.644933 0.644933 0.644933
6760 3.727040 3.727040 3.727040 0.644933 0.644933 0.644933
6770 3.727040 3.727040 3.727040 0.644933 0.644933 0.644933
6780 3.727040 3.727040 3.727040 0.644933 0.644933 0.644933
6790 3.727040 3.727040 3.727040 0.644933 0.644933 0.644933
6800 3.727040 3.727040 3.727040 0.644933 0.644933 0.644933
6810 3.727040 3.727040 3.727040 0.644933 0.644933 0.644933
6820 3.727040 3.727040 3.727040 0.644933 0.644933 0.644933
6830 3.727040 3.727040 3.727040 0.644933 0.644933 0.644933
6840 3.727040 3.727040 3.727040 0.644933 0.644933 0.644933
6850 3.727040 3.727040 3.727040 0.644933 0.644933 0.644933
6860 3.727040 3.727040 3.727040 0.644933 0.644933 0.644933
6870 3.727040 3.727040 3.727040 0.644933 0.644933 0.644933
6880 3.727040 3.727040 3.727040 0.644933 0.644933 0.644933
6890 3.727040 3.727040 3.727040 0.644933 0.644933 0.644933
6900 3.727040 3.727040 3.727040 0.644933 0.644933 0.644933
6910 3.727040 3.727040 3.727040 0.644933 0.644933 0.644933
6920 3.727040 3.727040 3.727040 0.644933 0.644933 0.644933
6930 3.727040 3.727040 3.727040 0.644933 0.644933 0.644933
6940 3.727040 3.727040 3.727040 0.644933 0.644933 0.644933
6950 3.727040 3.727040 3.727040 0.644933 0.644933 0.644933
6960 3.727040 3.727040 3.727040 0.644933 0.644933 0.644933
6970 3.727040 3.727040 3.727040 0.644933 0.644933 0.644933
6980 3.727040 3.727040 3.727040 0.644933 0.644933 0.644933
6990 3.727040 3.727040 3.727040 0.644933 0.644933 0.644933
7000 3.727040 3.727040 3.727040 0.644933 0.644933 0.644933
7010 3.727040 3.727040 3.727040 0.644933 0.644933 0.644933
7020 3.727040 3.727040 3.727040 0.644933 0.644933 0.644933
7030 3.727040 3.727040 3.727040 0.644933 0.644933 0.644933
7040 3.727040 3.727040 3.727040 0.644933 0.644933 0.644933
7050 3.727040 3.727040 3.727040 0.644933 0.644933 0.644933
7060 3.727040 3.727040 3.727040 0.644933 0.644933 0.644933
7070 3.727040 3.727040 3.727040 0.644933 0.644933 0.644933
7080 3.727040 3.727040 3.727040 0.644933 0.644933 0.644933
7090 3.727040 3.727040 3.727040 0.644933 0.644933 0.644933
7100 3.727040 3.727040 3.727040 0.644933 0.644933 0.644933
7110 3.727040 3.727040 3.727040 0.644933 0.644933 0.644933
7120 3.727040 3.727040 3.727040 0.644933 0.644933 0.644933
7130 3.727040 3.727040 3.727040 0.644933 0.644933 0.644933
7140 3.727040 3.727040 3.727040 0.644933 0.644933 0.644933
7150 3.727040 3.727040 3.727040 0.644933 0.644933 0.644933
7160 3.727040 3.727040 3.727040 0.644933 0.644933 0.644933
7170 3.727040 3.727040 3.727040 0.644933 0.644933 0.644933
7180 3.727040 3.727040 3.727040 0.644933 0.644933 0.644933
7190 3.727040 3.727040 3.727040 0.644933 0.644933 0.644933
7200 3.727040 3.727040 3.727040 0.644933 0.644933 0.644933
7210 3.727040 3.727040 3.727040 0.644933 0.644933 0.644933
7220 3.727040 3.727040 3.727040 0.644933 0.644933 0.644933
7230 3.727040 3.727040 3.727040 0.644933 0.644933 0.644933
7240 3.727040 3.727040 3.727040 0.644933 0.644933 0.644933
7250 3.727040 3.727040 3.727040 0.644933 0.644933 0.644933
7260 3.727040 3.727040 3.727040 0.644933 0.644933 0.644933
7270 3.727040 3.727040 3.727040 0.644933 0.644933 0.644933
7280 3.727040 3.727040 3.727040 0.644933 0.644933 0.644933
7290 3.727040 3.727040 3.727040 0.644933 0.644933 0.644933
7300 3.727040 3.727040 3.727040 0.644933 0.644933 0.644933
7310 3.727040 3.727040 3.727040 0.644933 0.644933 0.644933
7320 3.727040 3.727040 3.727040 0.644933 0.644933 0.644933
7330 3.727040 3.727040 3.727040 0.644933 0.644933 0.644933
7340 3.727040 3.727040 3.727040 0.644933 0.644933 0.644933
7350 3.727040 3.727040 3.727040 0.644933 0.644933 0.644933
7360 3.727040 3.727040 3.727040 0.644933 0.644933 0.644933
7370 3.727040 3.727040 3.727040 0.644933 0.644933 0.644933
7380 3.727040 3.727040 3.727040 0.644933 0.644933 0.644933
7390 3.727040 3.727040 3.727040 0.644933 0.644933 0.644933
7400 3.727040 3.727040 3.727040 0.644933 0.644933 0.644933
7410 3.727040 3.727040 3.727040 0.644933 0.644933 0.644933
7420 3.727040 3.727040 3.727040 0.644933 0.644933 0.644933
7430 3.727040 3.727040 3.727040 0.644933 0.644933 0.644933
7440 3.727040 3.727040 3.727040 0.644933 0.644933 0.644933
7450 3.727040 3.727040 3.727040 0.644933 0.644933 0.644933
7460 3.727040 3.727040 3.727040 0.644933 0.644933 0.644933
7470 3.727040 3.727040 3.727040 0.644933 0.644933 0.644933
7480 3.727040 3.727040 3.727040 0.644933 0.644933 0.644933
7490 3.727040 3.727040 3.727040 0.644933 0.644933 0.644933
7500 3.727040 3.727040 3.727040 0.644933 0.644933 0.644933
7510 3.727040 3.727040 3.727040 0.644933 0.644933 0.644933
7520 3.727040 3.727040 3.727040 0.644933 0.644933 0.644933
7530 3.727040 3.727040 3.727040 0.644933 0.644933 0.644933
7540 3.727040 3.727040 3.727040 0.644933 0.644933 0.644933
7550 3.727040 3.727040 3.727040 0.644933 0.644933 0.644933
7560 3.727040 3.727040 3.727040 0.644933 0.644933 0.644933
7570 3.727040 3.727040 3.727040 0.644933 0.644933 0.644933
7580 3.727040 3.727040 3.727040 0.644933 0.644933 0.644933
7590 3.727040 3.727040 3.727040 0.644933 0.644933 0.644933
7600 3.727040 3.727040 3.727040 0.644933 0.644933 0.644933
7610 3.727040 3.727040 3.727040 0.644933 0.644933 0.644933
7620 3.727040 3.727040 3.727040 0.644933 0.644933 0.644933
7630 3.727040 3.727040 3.727040 0.644933 0.644933 0.644933
7640 3.727040 3.727040 3.727040 0.644933 0.644933 0.644933
7650 3.727040 3.727040 3.727040 0.644933 0.644933 0.644933
7660 3.727040 3.727040 3.727040 0.644933 0.644933 0.644933
7670 3.727040 3.727040 3.727040 0.644933 0.644933 0.644933
7680 3.727040 3.727040 3.727040 0.644933 0.644933 0.644933
7690 3.727040 3.727040 3.727040 0.644933 0.644933 0.644933
7700 3.727040 3.727040 3.727040 0.644933 0.644933 0.644933
7710 3.727040 3.727040 3.727040 0.644933 0.644933 0.644933
7720 3.727040 3.727040 3.727040 0.644933 0.644933 0.644933
7730 3.727040 3.727040 3.727040 0.644933 0.644933 0.644933
7740 3.727040 3.727040 3.727040 0.644933 0.644933 0.644933
7750 3.727040 3.727040 3.727040 0.644933 0.644933 0.644933
7760 3.727040 3.727040 3.727040 0.644933 0.644933 0.644933
7770 3.727040 3.727040 3.727040 0.644933 0.644933 0.644933
7780 3.727040 3.727040 3.727040 0.644933 0.644933 0.644933
7790 3.727040 3.727040 3.727040 0.644933 0.644933 0.644933
7800 3.727040 3.727040 3.727040 0.644933 0.644933 0.644933
7810 3.727040 3.727040 3.727040 0.644933 0.644933 0.644933
7820 3.727040 3.727040 3.727040 0.644933 0.644933 0.644933
7830 3.727040 3.727040 3.727040 0.644933 0.644933 0.644933
7840 3.727040 3.727040 3.727040 0.644933 0.644933 0.644933
7850 3.727040 3.727040 3.727040 0.644933 0.644933 0.644933
7860 3.727040 3.727040 3.727040 0.644933 0.644933 0.644933
7870 3.727040 3.727040 3.727040 0.644933 0.644933 0.644933
7880 3.727040 3.727040 3.727040 0.644933 0.644933 0.644933
7890 3.727040 3.727040 3.727040 0.644933 0.644933 0.644933
7900 3.727040 3.727040 3.727040 0.644933 0.644933 0.644933
7910 3.727040 3.727040 3.727040 0.644933 0.644933 0.644933
7920 3.727040 3.727040 3.727040 0.644933 0.644933 0.644933
7930 3.727040 3.727040 3.727040 0.644933 0.644933 0.644933
7940 3.727040 3.727040 3.727040 0.644933 0.644933 0.644933
7950 3.727040 3.727040 3.727040 0.644933 0.644933 0.644933
7960 3.727040 3.727040 3.727040 0.644933 0.644933 0.644933
7970 3.727040 3.727040 3.727040 0.644933 0.644933 0.644933
7980 3.727040 3.727040 3.727040 0.644933 0.644933 0.644933
7990 3.727040 3.727040 3.727040 0.644933 0.644933 0.644933
8000 3.727040 3.727040 3.727040 0.644933 0.644933 0.644933
8010 3.727040 3.727040 3.727040 0.644933 0.644933 0.644933
8020 3.727040 3.727040 3.727040 0.644933 0.644933 0.644933
8030 3.727040 3.727040 3.727040 0.644933 0.644933 0.644933
8040 3.727040 3.727040 3.727040 0.644933 0.644933 0.644933
8050 3.727040 3.727040 3.727040 0.644933 0.644933 0.644933
8060 3.727040 3.727040 3.727040 0.644933 0.644933 0.644933
8070 3.727040 3.727040 3.727040 0.644933 0.644933 0.644933
8080 3.727040 3.727040 3.727040 0.644933 0.644933 0.644933
8090 3.727040 3.727040 3.727040 0.644933 0.644933 0.644933
8100 3.727040 3.727040 3.727040 0.644933 0.644933 0.644933
8110 3.727040 3.727040 3.727040 0.644933 0.644933 0.644933
8120 3.727040 3.727040 3.727040 0.644933 0.644933 0.644933
8130 3.727040 3.727040 3.727040 0.644933 0.644933 0.644933
8140 3.727040 3.727040 3.727040 0.644933 0.644933 0.644933
8150 3.727040 3.727040 3.727040 0.644933 0.644933 0.644933
8160 3.727040 3.727040 3.727040 0.644933 0.644933 0.644933
8170 3.727040 3.727040 3.727040 0.644933 0.644933 0.644933
8180 3.727040 3.727040 3.727040 0.644933 0.644933 0.644933
8190 3.727040 3.727040 3.727040 0.644933 0.644933 0.644933
8200 3.727040 3.727040 3.727040 0.644933 0.644933 0.644933
8210 3.727040 3.727040 3.727040 0.644933 0.644933 0.644933
8220 3.727040 3.727040 3.727040 0.644933 0.644933 0.644933
8230 3.727040 3.727040 3.727040 0.644933 0.644933 0.644933
8240 3.727040 3.727040 3.727040 0.644933 0.644933 0.644933
8250 3.727040 3.727040 3.727040 0.644933 0.644933 0.644933
8260 3.727040 3.727040 3.727040 0.644933 0.644933 0.644933
8270 3.727040 3.727040 3.727040 0.644933 0.644933 0.644933
8280 3.727040 3.727040 3.727040 0.644933 0.644933 0.644933
8290 3.727040 3.727040 3.727040 0.644933 0.644933 0.644933
8300 3.727040 3.727040 3.727040 0.644933 0.644933 0.644933
8310 3.727040 3.727040 3.727040 0.644933 0.644933 0.644933
8320 3.727040 3.727040 3.727040 0.644933 0.644933 0.644933
8330 3.727040 3.727040 3.727040 0.644933 0.644933 0.644933
8340 3.727040 3.727040 3.727040 0.644933 0.644933 0.644933
8350 3.727040 3.727040 3.727040 0.644933 0.644933 0.644933
8360 3.727040 3.727040 3.727040 0.644933 0.644933 0.644933
8370 3.727040 3.727040 3.727040 0.644933 0.644933 0.644933
8380 3.727040 3.727040 3.727040 0.644933 0.644933 0.644933
8390 3.727040 3.727040 3.727040 0.644933 0.644933 0.644933
8400 3.727040 3.727040 3.727040 0.644933 0.644933 0.644933
8410 3.727040 3.727040 3.727040 0.644933 0.644933 0.644933
8420 3.727040 3.727040 3.727040 0.644933 0.644933 0.644933
8430 3.727040 3.727040 3.727040 0.644933 0.644933 0.644933
8440 3.727040 3.727040 3.727040 0.644933 0.644933 0.644933
8450 3.727040 3.727040 3.727040 0.644933 0.644933 0.644933
8460 3.727040 3.727040 3.727040 0.644933 0.644933 0.644933
8470 3.727040 3.727040 3.727040 0.644933 0.644933 0.644933
8480 3.727040 3.727040 3.727040 0.644933 0.644933 0.644933
8490 3.727040 3.727040 3.727040 0.644933 0.644933 0.644933
8500 3.727040 3.727040 3.727040 0.644933 0.644933 0.644933
8510 3.727040 3.727040 3.727040 0.644933 0.644933 0.644933
8520 3.727040 3.727040 3.727040 0.644933 0.644933 0.644933
8530 3.727040 3.727040 3.727040 0.644933 0.644933 0.644933
8540 3.727040 3.727040 3.727040 0.644933 0.644933 0.644933
8550 3.727040 3.727040 3.727040 0.644933 0.644933 0.644933
8560 3.727040 3.727040 3.727040 0.644933 0.644933 0.644933
8570 3.727040 3.727040 3.727040 0.644933 0.644933 0.644933
8580 3.727040 3.727040 3.727040 0.644933 0.644933 0.644933
8590 3.727040 3.727040 3.727040 0.644933 0.644933 0.644933
8600 3.727040 3.727040 3.727040 0.644933 0.644933 0.644933
8610 3.727040 3.727040 3.727040 0.644933 0.644933 0.644933
8620 3.727040 3.727040 3.727040 0.644933 0.644933 0.644933
8630 3.727040 3.727040 3.727040 0.644933 0.644933 0.644933
8640 3.727040 3.727040 3.727040 0.644933 0.644933 0.644933
8650 3.727040 3.727040 3.727040 0.644933 0.644933 0.644933
8660 3.727040 3.727040 3.727040 0.644933 0.644933 0.644933
8670 3.727040 3.727040 3.727040 0.644933 0.644933 0.644933
8680 3.727040 3.727040 3.727040 0.644933 0.644933 0.644933
8690 3.727040 3.727040 3.727040 0.644933 0.644933 0.644933
8700 3.727040 3.727040 3.727040 0.644933 0.644933 0.644933
8710 3.727040 3.727040 3.727040 0.644933 0.644933 0.644933
8720 3.727040 3.727040 3.727040 0.644933 0.644933 0.644933
8730 3.727040 3.727040 3.727040 0.644933 0.644933 0.644933
8740 3.727040 3.727040 3.727040 0.644933 0.644933 0.644933
8750 3.727040 3.727040 3.727040 0.644933 0.644933 0.644933
8760 3.727040 3.727040 3.727040 0.644933 0.644933 0.644933
8770 3.727040 3.727040 3.727040 0.644933 0.644933 0.644933
8780 3.727040 3.727040 3.727040 0.644933 0.644933 0.644933
8790 3.727040 3.727040 3.727040 0.644933 0.644933 0.644933
8800 3.727040 3.727040 3.727040 0.644933 0.644933 0.644933
8810 3.727040 3.727040 3.727040 0.644933 0.644933 0.644933
8820 3.727040 3.727040 3.727040 0.644933 0.644933 0.644933
8830 3.727040 3.727040 3.727040 0.644933 0.644933 0.644933
8840 3.727040 3.727040 3.727040 0.644933 0.644933 0.644933
8850 3.727040 3.727040 3.727040 0.644933 0.644933 0.644933
8860 3.727040 3.727040 3.727040 0.644933 0.644933 0.644933
8870 3.727040 3.727040 3.727040 0.644933 0.644933 0.644933
8880 3.727040 3.727040 3.727040 0.644933 0.644933 0.644933
8890 3.727040 3.727040 3.727040 0.644933 0.644933 0.644933
8900 3.727040 3.727040 3.727040 0.644933 0.644933 0.644933
8910 3.727040 3.727040 3.727040 0.644933 0.644933 0.644933
8920 3.727040 3.727040 3.727040 0.644933 0.644933 0.644933
8930 3.727040 3.727040 3.727040 0.644933 0.644933 0.644933
8940 3.727040 3.727040 3.727040 0.644933 0.644933 0.644933
8950 3.727040 3.727040 3.727040 0.644933 0.644933 0.644933
8960 3.727040 3.727040 3.727040 0.644933 0.644933 0.644933
8970 3.727040 3.727040 3.727040 0.644933 0.644933 0.644933
8980 3.727040 3.727040 3.727040 0.644933 0.644933 0.644933
8990 3.727040 3.727040 3.727040 0.644933 0.644933 0.644933
9000 3.727040 3.727040 3.727040 0.644933 0.644933 0.644933
9010 3.727040 3.727040 3.727040 0.644933 0.644933 0.644933
9020 3.727040 3.727040 3.727040 0.644933 0.644933 0.644933
9030 3.727040 3.727040 3.727040 0.644933 0.644933 0.644933
9040 3.727040 3.727040 3.727040 0.644933 0.644933 0.644933
9050 3.727040 3.727040 3.727040 0.644933 0.644933 0.644933
9060 3.727040 3.727040 3.727040 0.644933 0.644933 0.644933
9070 3.727040 3.727040 3.727040 0.644933 0.644933 0.644933
9080 3.727040 3.727040 3.727040 0.644933 0.644933 0.644933
9090 3.727040 3.727040 3.727040 0.644933 0.644933 0.644933
9100 3.727040 3.727040 3.727040 0.644933 0.644933 0.644933
9110 3.727040 3.727040 3.727040 0.644933 0.644933 0.644933
9120 3.727040 3.727040 3.727040 0.644933 0.644933 0.644933
9130 3.727040 3.727040 3.727040 0.644933 0.644933 0.644933
9140 3.727040 3.727040 3.727040 0.644933 0.644933 0.644933
9150 3.727040 3.727040 3.727040 0.644933 0.644933 0.644933
9160 3.727040 3.727040 3.727040 0.644933 0.644933 0.644933
9170 3.727040 3.727040 3.727040 0.644933 0.644933 0.644933
9180 3.727040 3.727040 3.727040 0.644933 0.644933 0.644933
9190 3.727040 3.727040 3.727040 0.644933 0.644933 0.644933
9200 3.727040 3.727040 3.727040 0.644933 0.644933 0.644933
9210 3.727040 3.727040 3.727040 0.644933 0.644933 0.644933
9220 3.727040 3.727040 3.727040 0.644933 0.644933 0.644933
9230 3.727040 3.727040 3.727040 0.644933 0.644933 0.644933
9240 3.727040 3.727040 3.727040 0.644933 0.644933 0.644933
9250 3.727040 3.727040 3.727040 0.644933 0.644933 0.644933
9260 3.727040 3.727040 3.727040 0.644933 0.644933 0.644933
9270 3.727040 3.727040 3.727040 0.644933 0.644933 0.644933
9280 3.727040 3.727040 3.727040 0.644933 0.644933 0.644933
9290 3.727040 3.727040 3.727040 0.644933 0.644933 0.644933
9300 3.727040 3.727040 3.727040 0.644933 0.644933 0.644933
9310 3.727040 3.727040 3.727040 0.644933 0.644933 0.644933
9320 3.727040 3.727040 3.727040 0.644933 0.644933 0.644933
9330 3.727040 3.727040 3.727040 0.644933 0.644933 0.644933
9340 3.727040 3.727040 3.727040 0.644933 0.644933 0.644933
9350 3.727040 3.727040 3.727040 0.644933 0.644933 0.644933
9360 3.727040 3.727040 3.727040 0.644933 0.644933 0.644933
9370 3.727040 3.727040 3.727040 0.644933 0.644933 0.644933
9380 3.727040 3.727040 3.727040 0.644933 0.644933 0.644933
9390 3.727040 3.727040 3.727040 0.644933 0.644933 0.644933
9400 3.727040 3.727040 3.727040 0.644933 0.644933 0.644933
9410 3.727040 3.727040 3.727040 0.644933 0.644933 0.644933
9420 3.727040 3.727040 3.727040 0.644933 0.644933 0.644933
9430 3.727040 3.727040 3.727040 0.644933 0.644933 0.644933
9440 3.727040 3.727040 3.727040 0.644933 0.644933 0.644933
9450 3.727040 3.727040 3.727040 0.644933 0.644933 0.644933
9460 3.727040 3.727040 3.727040 0.644933 0.644933 0.644933
9470 3.727040 3.727040 3.727040 0.644933 0.644933 0.644933
9480 3.727040 3.727040 3.727040 0.644933 0.644933 0.644933
9490 3.727040 3.727040 3.727040 0.644933 0.644933 0.644933
9500 3.727040 3.727040 3.727040 0.644933 0.644933 0.644933
9510 3.727040 3.727040 3.727040 0.644933 0.644933 0.644933
9520 3.727040 3.727040 3.727040 0.644933 0.644933 0.644933
9530 3.727040 3.727040 3.727040 0.644933 0.644933 0.644933
9540 3.727040 3.727040 3.727040 0.644933 0.644933 0.644933
9550 3.727040 3.727040 3.727040 0.644933 0.644933 0.644933
9560 3.727040 3.727040 3.727040 0.644933 0.644933 0.644933
9570 3.727040 3.727040 3.727040 0.644933 0.644933 0.644933
9580 3.727040 3.727040 3.727040 0.644933 0.644933 0.644933
9590 3.727040 3.727040 3.727040 0.644933 0.644933 0.644933
9600 3.727040 3.727040 3.727040 0.644933 0.644933 0.644933
9610 3.727040 3.727040 3.727040 0.644933 0.644933 0.644933
9620 3.727040 3.727040 3.727040 0.644933 0.644933 0.644933
9630 3.727040 3.727040 3.727040 0.644933 0.644933 0.644933
9640 3.727040 3.727040 3.727040 0.644933 0.644933 0.644933
9650 3.727040 3.727040 3.727040 0.644933 0.644933 0.644933
9660 3.727040 3.727040 3.727040 0.644933 0.644933 0.644933
9670 3.727040 3.727040 3.727040 0.644933 0.644933 0.644933
9680 3.727040 3.727040 3.727040 0.644933 0.644933 0.644933
9690 3.727040 3.727040 3.727040 0.644933 0.644933 0.644933
9700 3.727040 3.727040 3.727040 0.644933 0.644933 0.644933
9710 3.727040 3.727040 3.727040 0.644933 0.644933 0.644933
9720 3.727040 3.727040 3.727040 0.644933 0.644933 0.644933
9730 3.727040 3.727040 3.727040 0.644933 0.644933 0.644933
9740 3.727040 3.727040 3.727040 0.644933 0.644933 0.644933
9750 3.727040 3.727040 3.727040 0.644933 0.644933 0.644933
9760 3.727040 3.727040 3.727040 0.644933 0.644933 0.644933
9770 3.727040 3.727040 3.727040 0.644933 0.644933 0.644933
9780 3.727040 3.727040 3.727040 0.644933 0.644933 0.644933
9790 3.727040 3.727040 3.727040 0.644933 0.644933 0.644933
9800 3.727040 3.727040 3.727040 0.644933 0.644933 0.644933
9810 3.727040 3.727040 3.727040 0.644933 0.644933 0.644933
9820 3.727040 3.727040 3.727040 0.644933 0.644933 0.644933
9830 3.727040 3.727040 3.727040 0.644933 0.644933 0.644933
9840 3.727040 3.727040 3.727040 0.644933 0.644933 0.644933
9850 3.727040 3.727040 3.727040 0.644933 0.644933 0.644933
9860 3.727040 3.727040 3.727040 0.644933 0.644933 0.644933
9870 3.727040 3.727040 3.727040 0.644933 0.644933 0.644933
9880 3.727040 3.727040 3.727040 0.644933 0.644933 0.644933
9890 3.727040 3.727040 3.727040 0.644933 0.644933 0.644933
9900 3.727040 3.727040 3.727040 0.644933 0.644933 0.644933
9910 3.727040 3.727040 3.727040 0.644933 0.644933 0.644933
9920 3.727040 3.727040 3.727040 0.644933 0.644933 0.644933
9930 3.727040 3.727040 3.727040 0.644933 0.644933 0.644933
9940 3.727040 3.727040 3.727040 0.644933 0.644933 0.644933
9950 3.727040 3.727040 3.727040 0.644933 0.644933 0.644933
9960 3.727040 3.727040 3.727040 0.644933 0.644933 0.644933
9970 3.727040 3.727040 3.727040 0.644933 0.644933 0.644933
9980 3.727040 3.727040 3.727040 0.644933 0.644933 0.644933
9990 3.727040 3.727040 3.727040 0.644933 0.644933 0.644933
10000 3.727040 3.727040 3.727040 0.644933 0.644933 0.644933
