# generation power_min power_avg power_max util_min util_avg util_max
1 10.467694 12.230764 14.649666 0.639681 0.960277 1.355282
10 10.379440 12.119676 14.018456 0.639681 0.935389 1.207168
20 9.752950 11.892069 13.802505 0.639681 0.924538 1.130578
30 9.752950 11.683905 13.467940 0.639681 0.917252 1.101338
40 9.279718 11.409711 12.897259 0.639681 0.912775 1.074404
50 9.279718 11.198759 12.576133 0.639681 0.911944 1.074404
60 8.259752 10.969546 12.222460 0.703247 0.905754 1.029876
70 8.259752 10.779140 12.040405 0.703247 0.894939 1.029876
80 8.259752 10.536807 11.730709 0.699197 0.892161 1.029876
90 8.259752 10.315978 11.609855 0.699197 0.888165 1.029876
100 8.259752 10.113882 11.285027 0.699197 0.888063 1.029876
110 8.023268 9.860397 11.075734 0.699197 0.884594 1.027290
120 7.603387 9.637421 10.833155 0.642447 0.881702 1.027290
130 7.603387 9.441104 10.535342 0.642447 0.882398 1.027290
140 7.463180 9.215963 10.379440 0.642447 0.875711 1.027290
150 7.463180 9.075866 10.186936 0.642447 0.866036 1.016443
160 7.463180 8.919582 9.994831 0.642447 0.857002 1.016443
170 7.463180 8.762824 9.757708 0.642447 0.856203 1.014433
180 7.410712 8.593006 9.491640 0.642447 0.856477 1.014433
190 7.298078 8.436384 9.343035 0.642447 0.857043 1.009897
200 7.146259 8.295872 9.167426 0.642447 0.855751 1.009897
210 6.954403 8.132926 8.992283 0.642447 0.852554 1.009897
220 6.705383 7.997998 8.790601 0.667897 0.850945 1.009897
230 6.705383 7.886819 8.580436 0.667897 0.842764 0.995107
240 6.705383 7.755747 8.444059 0.667897 0.839835 0.995107
250 6.705383 7.628061 8.293743 0.667897 0.830878 0.995107
260 6.705383 7.536490 8.211708 0.667897 0.829035 0.995107
270 6.562219 7.414157 8.053809 0.667897 0.821431 0.995107
280 6.562219 7.311506 7.980201 0.667897 0.819022 0.988060
290 6.562219 7.220704 7.751074 0.667897 0.813930 0.988060
300 6.412071 7.139863 7.603387 0.667897 0.812247 0.988060
310 6.259751 7.056215 7.505552 0.667897 0.810877 0.979417
320 6.259751 6.979999 7.408530 0.667897 0.803621 0.979417
330 5.853085 6.882555 7.295401 0.643375 0.802791 0.959260
340 5.853085 6.801004 7.221043 0.643375 0.799461 0.959260
350 5.853085 6.716805 7.187554 0.635212 0.793109 0.959260
360 5.678398 6.637115 7.088239 0.635212 0.793199 0.926726
370 5.678398 6.550435 6.999800 0.635212 0.799321 0.987620
380 5.629023 6.460446 6.945581 0.635212 0.793024 0.987620
390 5.493770 6.360676 6.863483 0.614934 0.790896 0.987620
400 5.234415 6.252924 6.738478 0.586761 0.785887 0.987620
410 5.231148 6.165043 6.647204 0.586761 0.779592 0.987620
420 5.033601 6.076712 6.582484 0.586761 0.772984 0.987620
430 5.033601 5.997595 6.492895 0.586761 0.767011 0.987620
440 5.009850 5.919735 6.385255 0.586761 0.762037 0.987620
450 5.009850 5.841636 6.277477 0.586761 0.758725 0.987620
460 4.882105 5.754083 6.224188 0.586761 0.752406 0.987620
470 4.882105 5.680969 6.114002 0.579801 0.746423 0.914557
480 4.812811 5.602269 6.013981 0.579801 0.742803 0.914557
490 4.812811 5.533755 5.932471 0.579801 0.734146 0.909142
500 4.812811 5.472810 5.853085 0.579801 0.729278 0.896195
510 4.812811 5.407035 5.811941 0.579801 0.724792 0.896195
520 4.812811 5.323650 5.730917 0.579801 0.710519 0.896195
530 4.812811 5.253003 5.678398 0.579801 0.699469 0.896195
540 4.803177 5.189403 5.619219 0.579801 0.686305 0.888332
550 4.803177 5.132731 5.499237 0.579801 0.676539 0.881115
560 4.803177 5.079396 5.443388 0.579801 0.671356 0.881115
570 4.803177 5.030551 5.339359 0.579801 0.663997 0.881115
580 4.803177 4.987635 5.295603 0.579801 0.656365 0.881115
590 4.803177 4.951914 5.165235 0.579801 0.652020 0.840446
600 4.803177 4.922367 5.107728 0.579801 0.649919 0.840446
610 4.803177 4.903562 5.033601 0.586200 0.649918 0.840446
620 4.780371 4.884563 5.033601 0.586200 0.655319 0.840446
630 4.780371 4.867868 4.976475 0.602350 0.649665 0.773548
640 4.780371 4.858406 4.882105 0.633340 0.648899 0.678005
650 4.780371 4.855424 4.871765 0.645047 0.649191 0.678005
660 4.780371 4.850701 4.868956 0.645047 0.649388 0.678005
670 4.780371 4.845175 4.868956 0.645047 0.649821 0.678005
680 4.773845 4.841598 4.868956 0.645047 0.649812 0.678005
690 4.773845 4.836243 4.867087 0.645047 0.649433 0.678005
700 4.773845 4.829871 4.865238 0.645047 0.648959 0.678005
710 4.773845 4.823131 4.865238 0.645047 0.649517 0.678005
720 4.708253 4.816200 4.862430 0.645047 0.649829 0.678005
730 4.697604 4.807710 4.862430 0.645047 0.650140 0.678005
740 4.697604 4.799099 4.855225 0.645047 0.650751 0.678005
750 4.693583 4.791631 4.812811 0.645047 0.650329 0.672879
760 4.685895 4.784278 4.812811 0.645047 0.650944 0.672879
770 4.685895 4.778874 4.810003 0.646127 0.651281 0.672879
780 4.685895 4.772528 4.806285 0.646127 0.651133 0.672879
790 4.685895 4.763480 4.806285 0.646127 0.651986 0.672879
800 4.653893 4.752849 4.803477 0.646127 0.653078 0.674442
810 4.653893 4.744072 4.803177 0.646127 0.653482 0.674442
820 4.653893 4.732642 4.795009 0.646127 0.654375 0.674442
830 4.653893 4.722624 4.786189 0.646127 0.654354 0.674442
840 4.653893 4.713704 4.780371 0.646127 0.655356 0.674442
850 4.653893 4.704429 4.776653 0.646127 0.656772 0.674442
860 4.653893 4.694701 4.766640 0.647843 0.658539 0.674442
870 4.653893 4.688538 4.708253 0.647843 0.659121 0.674442
880 4.653893 4.685025 4.704809 0.647843 0.660929 0.674442
890 4.653893 4.681395 4.697604 0.655077 0.662674 0.674442
900 4.653893 4.678274 4.694796 0.656457 0.664131 0.674442
910 4.653893 4.674999 4.694796 0.656457 0.665547 0.674442
920 4.653893 4.671035 4.694796 0.656457 0.667297 0.674442
930 4.653893 4.666969 4.693583 0.656457 0.669050 0.674442
940 4.653893 4.663000 4.693583 0.656457 0.670756 0.674442
950 4.653893 4.659185 4.685895 0.656457 0.672480 0.674442
960 4.653893 4.656181 4.666553 0.672879 0.674159 0.674442
970 4.653893 4.654915 4.666553 0.672879 0.674315 0.674442
980 4.653893 4.653893 4.653893 0.674442 0.674442 0.674442
990 4.653893 4.653893 4.653893 0.674442 0.674442 0.674442
1000 4.653893 4.653893 4.653893 0.674442 0.674442 0.674442
1010 4.653893 4.653893 4.653893 0.674442 0.674442 0.674442
1020 4.653893 4.653893 4.653893 0.674442 0.674442 0.674442
1030 4.653893 4.653893 4.653893 0.674442 0.674442 0.674442
1040 4.653893 4.653893 4.653893 0.674442 0.674442 0.674442
1050 4.653893 4.653893 4.653893 0.674442 0.674442 0.674442
1060 4.653893 4.653893 4.653893 0.674442 0.674442 0.674442
1070 4.653893 4.653893 4.653893 0.674442 0.674442 0.674442
1080 4.653893 4.653893 4.653893 0.674442 0.674442 0.674442
1090 4.653893 4.653893 4.653893 0.674442 0.674442 0.674442
1100 4.653893 4.653893 4.653893 0.674442 0.674442 0.674442
1110 4.653893 4.653893 4.653893 0.674442 0.674442 0.674442
1120 4.653893 4.653893 4.653893 0.674442 0.674442 0.674442
1130 4.653893 4.653893 4.653893 0.674442 0.674442 0.674442
1140 4.653893 4.653893 4.653893 0.674442 0.674442 0.674442
1150 4.653893 4.653893 4.653893 0.674442 0.674442 0.674442
1160 4.653893 4.653893 4.653893 0.674442 0.674442 0.674442
1170 4.653893 4.653893 4.653893 0.674442 0.674442 0.674442
1180 4.653893 4.653893 4.653893 0.674442 0.674442 0.674442
1190 4.653893 4.653893 4.653893 0.674442 0.674442 0.674442
1200 4.653893 4.653893 4.653893 0.674442 0.674442 0.674442
1210 4.653893 4.653893 4.653893 0.674442 0.674442 0.674442
1220 4.653893 4.653893 4.653893 0.674442 0.674442 0.674442
1230 4.653893 4.653893 4.653893 0.674442 0.674442 0.674442
1240 4.653893 4.653893 4.653893 0.674442 0.674442 0.674442
1250 4.653893 4.653893 4.653893 0.674442 0.674442 0.674442
1260 4.653893 4.653893 4.653893 0.674442 0.674442 0.674442
1270 4.653893 4.653893 4.653893 0.674442 0.674442 0.674442
1280 4.653893 4.653893 4.653893 0.674442 0.674442 0.674442
1290 4.653893 4.653893 4.653893 0.674442 0.674442 0.674442
1300 4.653893 4.653893 4.653893 0.674442 0.674442 0.674442
1310 4.653893 4.653893 4.653893 0.674442 0.674442 0.674442
1320 4.653893 4.653893 4.653893 0.674442 0.674442 0.674442
1330 4.653893 4.653893 4.653893 0.674442 0.674442 0.674442
1340 4.653893 4.653893 4.653893 0.674442 0.674442 0.674442
1350 4.653893 4.653893 4.653893 0.674442 0.674442 0.674442
1360 4.653893 4.653893 4.653893 0.674442 0.674442 0.674442
1370 4.653893 4.653893 4.653893 0.674442 0.674442 0.674442
1380 4.653893 4.653893 4.653893 0.674442 0.674442 0.674442
1390 4.653893 4.653893 4.653893 0.674442 0.674442 0.674442
1400 4.653893 4.653893 4.653893 0.674442 0.674442 0.674442
1410 4.653893 4.653893 4.653893 0.674442 0.674442 0.674442
1420 4.653893 4.653893 4.653893 0.674442 0.674442 0.674442
1430 4.653893 4.653893 4.653893 0.674442 0.674442 0.674442
1440 4.653893 4.653893 4.653893 0.674442 0.674442 0.674442
1450 4.653893 4.653893 4.653893 0.674442 0.674442 0.674442
1460 4.653893 4.653893 4.653893 0.674442 0.674442 0.674442
1470 4.653893 4.653893 4.653893 0.674442 0.674442 0.674442
1480 4.653893 4.653893 4.653893 0.674442 0.674442 0.674442
1490 4.653893 4.653893 4.653893 0.674442 0.674442 0.674442
1500 4.653893 4.653893 4.653893 0.674442 0.674442 0.674442
1510 4.653893 4.653893 4.653893 0.674442 0.674442 0.674442
1520 4.653893 4.653893 4.653893 0.674442 0.674442 0.674442
1530 4.653893 4.653893 4.653893 0.674442 0.674442 0.674442
1540 4.653893 4.653893 4.653893 0.674442 0.674442 0.674442
1550 4.653893 4.653893 4.653893 0.674442 0.674442 0.674442
1560 4.653893 4.653893 4.653893 0.674442 0.674442 0.674442
1570 4.653893 4.653893 4.653893 0.674442 0.674442 0.674442
1580 4.653893 4.653893 4.653893 0.674442 0.674442 0.674442
1590 4.653893 4.653893 4.653893 0.674442 0.674442 0.674442
1600 4.653893 4.653893 4.653893 0.674442 0.674442 0.674442
1610 4.653893 4.653893 4.653893 0.674442 0.674442 0.674442
1620 4.653893 4.653893 4.653893 0.674442 0.674442 0.674442
1630 4.653893 4.653893 4.653893 0.674442 0.674442 0.674442
1640 4.653893 4.653893 4.653893 0.674442 0.674442 0.674442
1650 4.653893 4.653893 4.653893 0.674442 0.674442 0.674442
1660 4.653893 4.653893 4.653893 0.674442 0.674442 0.674442
1670 4.653893 4.653893 4.653893 0.674442 0.674442 0.674442
1680 4.653893 4.653893 4.653893 0.674442 0.674442 0.674442
1690 4.653893 4.653893 4.653893 0.674442 0.674442 0.674442
1700 4.653893 4.653893 4.653893 0.674442 0.674442 0.674442
1710 4.653893 4.653893 4.653893 0.674442 0.674442 0.674442
1720 4.653893 4.653893 4.653893 0.674442 0.674442 0.674442
1730 4.653893 4.653893 4.653893 0.674442 0.674442 0.674442
1740 4.653893 4.653893 4.653893 0.674442 0.674442 0.674442
1750 4.653893 4.653893 4.653893 0.674442 0.674442 0.674442
1760 4.653893 4.653893 4.653893 0.674442 0.674442 0.674442
1770 4.653893 4.653893 4.653893 0.674442 0.674442 0.674442
1780 4.653893 4.653893 4.653893 0.674442 0.674442 0.674442
1790 4.653893 4.653893 4.653893 0.674442 0.674442 0.674442
1800 4.653893 4.653893 4.653893 0.674442 0.674442 0.674442
1810 4.653893 4.653893 4.653893 0.674442 0.674442 0.674442
1820 4.653893 4.653893 4.653893 0.674442 0.674442 0.674442
1830 4.653893 4.653893 4.653893 0.674442 0.674442 0.674442
1840 4.653893 4.653893 4.653893 0.674442 0.674442 0.674442
1850 4.653893 4.653893 4.653893 0.674442 0.674442 0.674442
1860 4.653893 4.653893 4.653893 0.674442 0.674442 0.674442
1870 4.653893 4.653893 4.653893 0.674442 0.674442 0.674442
1880 4.653893 4.653893 4.653893 0.674442 0.674442 0.674442
1890 4.653893 4.653893 4.653893 0.674442 0.674442 0.674442
1900 4.653893 4.653893 4.653893 0.674442 0.674442 0.674442
1910 4.653893 4.653893 4.653893 0.674442 0.674442 0.674442
1920 4.653893 4.653893 4.653893 0.674442 0.674442 0.674442
1930 4.653893 4.653893 4.653893 0.674442 0.674442 0.674442
1940 4.653893 4.653893 4.653893 0.674442 0.674442 0.674442
1950 4.653893 4.653893 4.653893 0.674442 0.674442 0.674442
1960 4.653893 4.653893 4.653893 0.674442 0.674442 0.674442
1970 4.653893 4.653893 4.653893 0.674442 0.674442 0.674442
1980 4.653893 4.653893 4.653893 0.674442 0.674442 0.674442
1990 4.653893 4.653893 4.653893 0.674442 0.674442 0.674442
2000 4.653893 4.653893 4.653893 0.674442 0.674442 0.674442
2010 4.653893 4.653893 4.653893 0.674442 0.674442 0.674442
2020 4.653893 4.653893 4.653893 0.674442 0.674442 0.674442
2030 4.653893 4.653893 4.653893 0.674442 0.674442 0.674442
2040 4.653893 4.653893 4.653893 0.674442 0.674442 0.674442
2050 4.653893 4.653893 4.653893 0.674442 0.674442 0.674442
2060 4.653893 4.653893 4.653893 0.674442 0.674442 0.674442
2070 4.653893 4.653893 4.653893 0.674442 0.674442 0.674442
2080 4.653893 4.653893 4.653893 0.674442 0.674442 0.674442
2090 4.653893 4.653893 4.653893 0.674442 0.674442 0.674442
2100 4.653893 4.653893 4.653893 0.674442 0.674442 0.674442
2110 4.653893 4.653893 4.653893 0.674442 0.674442 0.674442
2120 4.653893 4.653893 4.653893 0.674442 0.674442 0.674442
2130 4.653893 4.653893 4.653893 0.674442 0.674442 0.674442
2140 4.653893 4.653893 4.653893 0.674442 0.674442 0.674442
2150 4.653893 4.653893 4.653893 0.674442 0.674442 0.674442
2160 4.653893 4.653893 4.653893 0.674442 0.674442 0.674442
2170 4.653893 4.653893 4.653893 0.674442 0.674442 0.674442
2180 4.653893 4.653893 4.653893 0.674442 0.674442 0.674442
2190 4.653893 4.653893 4.653893 0.674442 0.674442 0.674442
2200 4.653893 4.653893 4.653893 0.674442 0.674442 0.674442
2210 4.653893 4.653893 4.653893 0.674442 0.674442 0.674442
2220 4.653893 4.653893 4.653893 0.674442 0.674442 0.674442
2230 4.653893 4.653893 4.653893 0.674442 0.674442 0.674442
2240 4.653893 4.653893 4.653893 0.674442 0.674442 0.674442
2250 4.653893 4.653893 4.653893 0.674442 0.674442 0.674442
2260 4.653893 4.653893 4.653893 0.674442 0.674442 0.674442
2270 4.653893 4.653893 4.653893 0.674442 0.674442 0.674442
2280 4.653893 4.653893 4.653893 0.674442 0.674442 0.674442
2290 4.653893 4.653893 4.653893 0.674442 0.674442 0.674442
2300 4.653893 4.653893 4.653893 0.674442 0.674442 0.674442
2310 4.653893 4.653893 4.653893 0.674442 0.674442 0.674442
2320 4.653893 4.653893 4.653893 0.674442 0.674442 0.674442
2330 4.653893 4.653893 4.653893 0.674442 0.674442 0.674442
2340 4.653893 4.653893 4.653893 0.674442 0.674442 0.674442
2350 4.653893 4.653893 4.653893 0.674442 0.674442 0.674442
2360 4.653893 4.653893 4.653893 0.674442 0.674442 0.674442
2370 4.653893 4.653893 4.653893 0.674442 0.674442 0.674442
2380 4.653893 4.653893 4.653893 0.674442 0.674442 0.674442
2390 4.653893 4.653893 4.653893 0.674442 0.674442 0.674442
2400 4.653893 4.653893 4.653893 0.674442 0.674442 0.674442
2410 4.653893 4.653893 4.653893 0.674442 0.674442 0.674442
2420 4.653893 4.653893 4.653893 0.674442 0.674442 0.674442
2430 4.653893 4.653893 4.653893 0.674442 0.674442 0.674442
2440 4.653893 4.653893 4.653893 0.674442 0.674442 0.674442
2450 4.653893 4.653893 4.653893 0.674442 0.674442 0.674442
2460 4.653893 4.653893 4.653893 0.674442 0.674442 0.674442
2470 4.653893 4.653893 4.653893 0.674442 0.674442 0.674442
2480 4.653893 4.653893 4.653893 0.674442 0.674442 0.674442
2490 4.653893 4.653893 4.653893 0.674442 0.674442 0.674442
2500 4.653893 4.653893 4.653893 0.674442 0.674442 0.674442
2510 4.653893 4.653893 4.653893 0.674442 0.674442 0.674442
2520 4.653893 4.653893 4.653893 0.674442 0.674442 0.674442
2530 4.653893 4.653893 4.653893 0.674442 0.674442 0.674442
2540 4.653893 4.653893 4.653893 0.674442 0.674442 0.674442
2550 4.653893 4.653893 4.653893 0.674442 0.674442 0.674442
2560 4.653893 4.653893 4.653893 0.674442 0.674442 0.674442
2570 4.653893 4.653893 4.653893 0.674442 0.674442 0.674442
2580 4.653893 4.653893 4.653893 0.674442 0.674442 0.674442
2590 4.653893 4.653893 4.653893 0.674442 0.674442 0.674442
2600 4.653893 4.653893 4.653893 0.674442 0.674442 0.674442
2610 4.653893 4.653893 4.653893 0.674442 0.674442 0.674442
2620 4.653893 4.653893 4.653893 0.674442 0.674442 0.674442
2630 4.653893 4.653893 4.653893 0.674442 0.674442 0.674442
2640 4.653893 4.653893 4.653893 0.674442 0.674442 0.674442
2650 4.653893 4.653893 4.653893 0.674442 0.674442 0.674442
2660 4.653893 4.653893 4.653893 0.674442 0.674442 0.674442
2670 4.653893 4.653893 4.653893 0.674442 0.674442 0.674442
2680 4.653893 4.653893 4.653893 0.674442 0.674442 0.674442
2690 4.653893 4.653893 4.653893 0.674442 0.674442 0.674442
2700 4.653893 4.653893 4.653893 0.674442 0.674442 0.674442
2710 4.653893 4.653893 4.653893 0.674442 0.674442 0.674442
2720 4.653893 4.653893 4.653893 0.674442 0.674442 0.674442
2730 4.653893 4.653893 4.653893 0.674442 0.674442 0.674442
2740 4.653893 4.653893 4.653893 0.674442 0.674442 0.674442
2750 4.653893 4.653893 4.653893 0.674442 0.674442 0.674442
2760 4.653893 4.653893 4.653893 0.674442 0.674442 0.674442
2770 4.653893 4.653893 4.653893 0.674442 0.674442 0.674442
2780 4.653893 4.653893 4.653893 0.674442 0.674442 0.674442
2790 4.653893 4.653893 4.653893 0.674442 0.674442 0.674442
2800 4.653893 4.653893 4.653893 0.674442 0.674442 0.674442
2810 4.653893 4.653893 4.653893 0.674442 0.674442 0.674442
2820 4.653893 4.653893 4.653893 0.674442 0.674442 0.674442
2830 4.653893 4.653893 4.653893 0.674442 0.674442 0.674442
2840 4.653893 4.653893 4.653893 0.674442 0.674442 0.674442
2850 4.653893 4.653893 4.653893 0.674442 0.674442 0.674442
2860 4.653893 4.653893 4.653893 0.674442 0.674442 0.674442
2870 4.653893 4.653893 4.653893 0.674442 0.674442 0.674442
2880 4.653893 4.653893 4.653893 0.674442 0.674442 0.674442
2890 4.653893 4.653893 4.653893 0.674442 0.674442 0.674442
2900 4.653893 4.653893 4.653893 0.674442 0.674442 0.674442
2910 4.653893 4.653893 4.653893 0.674442 0.674442 0.674442
2920 4.653893 4.653893 4.653893 0.674442 0.674442 0.674442
2930 4.653893 4.653893 4.653893 0.674442 0.674442 0.674442
2940 4.653893 4.653893 4.653893 0.674442 0.674442 0.674442
2950 4.653893 4.653893 4.653893 0.674442 0.674442 0.674442
2960 4.653893 4.653893 4.653893 0.674442 0.674442 0.674442
2970 4.653893 4.653893 4.653893 0.674442 0.674442 0.674442
2980 4.653893 4.653893 4.653893 0.674442 0.674442 0.674442
2990 4.653893 4.653893 4.653893 0.674442 0.674442 0.674442
3000 4.653893 4.653893 4.653893 0.674442 0.674442 0.674442
3010 4.653893 4.653893 4.653893 0.674442 0.674442 0.674442
3020 4.653893 4.653893 4.653893 0.674442 0.674442 0.674442
3030 4.653893 4.653893 4.653893 0.674442 0.674442 0.674442
3040 4.653893 4.653893 4.653893 0.674442 0.674442 0.674442
3050 4.653893 4.653893 4.653893 0.674442 0.674442 0.674442
3060 4.653893 4.653893 4.653893 0.674442 0.674442 0.674442
3070 4.653893 4.653893 4.653893 0.674442 0.674442 0.674442
3080 4.653893 4.653893 4.653893 0.674442 0.674442 0.674442
3090 4.653893 4.653893 4.653893 0.674442 0.674442 0.674442
3100 4.653893 4.653893 4.653893 0.674442 0.674442 0.674442
3110 4.653893 4.653893 4.653893 0.674442 0.674442 0.674442
3120 4.653893 4.653893 4.653893 0.674442 0.674442 0.674442
3130 4.653893 4.653893 4.653893 0.674442 0.674442 0.674442
3140 4.653893 4.653893 4.653893 0.674442 0.674442 0.674442
3150 4.653893 4.653893 4.653893 0.674442 0.674442 0.674442
3160 4.653893 4.653893 4.653893 0.674442 0.674442 0.674442
3170 4.653893 4.653893 4.653893 0.674442 0.674442 0.674442
3180 4.653893 4.653893 4.653893 0.674442 0.674442 0.674442
3190 4.653893 4.653893 4.653893 0.674442 0.674442 0.674442
3200 4.653893 4.653893 4.653893 0.674442 0.674442 0.674442
3210 4.653893 4.653893 4.653893 0.674442 0.674442 0.674442
3220 4.653893 4.653893 4.653893 0.674442 0.674442 0.674442
3230 4.653893 4.653893 4.653893 0.674442 0.674442 0.674442
3240 4.653893 4.653893 4.653893 0.674442 0.674442 0.674442
3250 4.653893 4.653893 4.653893 0.674442 0.674442 0.674442
3260 4.653893 4.653893 4.653893 0.674442 0.674442 0.674442
3270 4.653893 4.653893 4.653893 0.674442 0.674442 0.674442
3280 4.653893 4.653893 4.653893 0.674442 0.674442 0.674442
3290 4.653893 4.653893 4.653893 0.674442 0.674442 0.674442
3300 4.653893 4.653893 4.653893 0.674442 0.674442 0.674442
3310 4.653893 4.653893 4.653893 0.674442 0.674442 0.674442
3320 4.653893 4.653893 4.653893 0.674442 0.674442 0.674442
3330 4.653893 4.653893 4.653893 0.674442 0.674442 0.674442
3340 4.653893 4.653893 4.653893 0.674442 0.674442 0.674442
3350 4.653893 4.653893 4.653893 0.674442 0.674442 0.674442
3360 4.653893 4.653893 4.653893 0.674442 0.674442 0.674442
3370 4.653893 4.653893 4.653893 0.674442 0.674442 0.674442
3380 4.653893 4.653893 4.653893 0.674442 0.674442 0.674442
3390 4.653893 4.653893 4.653893 0.674442 0.674442 0.674442
3400 4.653893 4.653893 4.653893 0.674442 0.674442 0.674442
3410 4.653893 4.653893 4.653893 0.674442 0.674442 0.674442
3420 4.653893 4.653893 4.653893 0.674442 0.674442 0.674442
3430 4.653893 4.653893 4.653893 0.674442 0.674442 0.674442
3440 4.653893 4.653893 4.653893 0.674442 0.674442 0.674442
3450 4.653893 4.653893 4.653893 0.674442 0.674442 0.674442
3460 4.653893 4.653893 4.653893 0.674442 0.674442 0.674442
3470 4.653893 4.653893 4.653893 0.674442 0.674442 0.674442
3480 4.653893 4.653893 4.653893 0.674442 0.674442 0.674442
3490 4.653893 4.653893 4.653893 0.674442 0.674442 0.674442
3500 4.653893 4.653893 4.653893 0.674442 0.674442 0.674442
3510 4.653893 4.653893 4.653893 0.674442 0.674442 0.674442
3520 4.653893 4.653893 4.653893 0.674442 0.674442 0.674442
3530 4.653893 4.653893 4.653893 0.674442 0.674442 0.674442
3540 4.653893 4.653893 4.653893 0.674442 0.674442 0.674442
3550 4.653893 4.653893 4.653893 0.674442 0.674442 0.674442
3560 4.653893 4.653893 4.653893 0.674442 0.674442 0.674442
3570 4.653893 4.653893 4.653893 0.674442 0.674442 0.674442
3580 4.653893 4.653893 4.653893 0.674442 0.674442 0.674442
3590 4.653893 4.653893 4.653893 0.674442 0.674442 0.674442
3600 4.653893 4.653893 4.653893 0.674442 0.674442 0.674442
3610 4.653893 4.653893 4.653893 0.674442 0.674442 0.674442
3620 4.653893 4.653893 4.653893 0.674442 0.674442 0.674442
3630 4.653893 4.653893 4.653893 0.674442 0.674442 0.674442
3640 4.653893 4.653893 4.653893 0.674442 0.674442 0.674442
3650 4.653893 4.653893 4.653893 0.674442 0.674442 0.674442
3660 4.653893 4.653893 4.653893 0.674442 0.674442 0.674442
3670 4.653893 4.653893 4.653893 0.674442 0.674442 0.674442
3680 4.653893 4.653893 4.653893 0.674442 0.674442 0.674442
3690 4.653893 4.653893 4.653893 0.674442 0.674442 0.674442
3700 4.653893 4.653893 4.653893 0.674442 0.674442 0.674442
3710 4.653893 4.653893 4.653893 0.674442 0.674442 0.674442
3720 4.653893 4.653893 4.653893 0.674442 0.674442 0.674442
3730 4.653893 4.653893 4.653893 0.674442 0.674442 0.674442
3740 4.653893 4.653893 4.653893 0.674442 0.674442 0.674442
3750 4.653893 4.653893 4.653893 0.674442 0.674442 0.674442
3760 4.653893 4.653893 4.653893 0.674442 0.674442 0.674442
3770 4.653893 4.653893 4.653893 0.674442 0.674442 0.674442
3780 4.653893 4.653893 4.653893 0.674442 0.674442 0.674442
3790 4.653893 4.653893 4.653893 0.674442 0.674442 0.674442
3800 4.653893 4.653893 4.653893 0.674442 0.674442 0.674442
3810 4.653893 4.653893 4.653893 0.674442 0.674442 0.674442
3820 4.653893 4.653893 4.653893 0.674442 0.674442 0.674442
3830 4.653893 4.653893 4.653893 0.674442 0.674442 0.674442
3840 4.653893 4.653893 4.653893 0.674442 0.674442 0.674442
3850 4.653893 4.653893 4.653893 0.674442 0.674442 0.674442
3860 4.653893 4.653893 4.653893 0.674442 0.674442 0.674442
3870 4.653893 4.653893 4.653893 0.674442 0.674442 0.674442
3880 4.653893 4.653893 4.653893 0.674442 0.674442 0.674442
3890 4.653893 4.653893 4.653893 0.674442 0.674442 0.674442
3900 4.653893 4.653893 4.653893 0.674442 0.674442 0.674442
3910 4.653893 4.653893 4.653893 0.674442 0.674442 0.674442
3920 4.653893 4.653893 4.653893 0.674442 0.674442 0.674442
3930 4.653893 4.653893 4.653893 0.674442 0.674442 0.674442
3940 4.653893 4.653893 4.653893 0.674442 0.674442 0.674442
3950 4.653893 4.653893 4.653893 0.674442 0.674442 0.674442
3960 4.653893 4.653893 4.653893 0.674442 0.674442 0.674442
3970 4.653893 4.653893 4.653893 0.674442 0.674442 0.674442
3980 4.653893 4.653893 4.653893 0.674442 0.674442 0.674442
3990 4.653893 4.653893 4.653893 0.674442 0.674442 0.674442
4000 4.653893 4.653893 4.653893 0.674442 0.674442 0.674442
4010 4.653893 4.653893 4.653893 0.674442 0.674442 0.674442
4020 4.653893 4.653893 4.653893 0.674442 0.674442 0.674442
4030 4.653893 4.653893 4.653893 0.674442 0.674442 0.674442
4040 4.653893 4.653893 4.653893 0.674442 0.674442 0.674442
4050 4.653893 4.653893 4.653893 0.674442 0.674442 0.674442
4060 4.653893 4.653893 4.653893 0.674442 0.674442 0.674442
4070 4.653893 4.653893 4.653893 0.674442 0.674442 0.674442
4080 4.653893 4.653893 4.653893 0.674442 0.674442 0.674442
4090 4.653893 4.653893 4.653893 0.674442 0.674442 0.674442
4100 4.653893 4.653893 4.653893 0.674442 0.674442 0.674442
4110 4.653893 4.653893 4.653893 0.674442 0.674442 0.674442
4120 4.653893 4.653893 4.653893 0.674442 0.674442 0.674442
4130 4.653893 4.653893 4.653893 0.674442 0.674442 0.674442
4140 4.653893 4.653893 4.653893 0.674442 0.674442 0.674442
4150 4.653893 4.653893 4.653893 0.674442 0.674442 0.674442
4160 4.653893 4.653893 4.653893 0.674442 0.674442 0.674442
4170 4.653893 4.653893 4.653893 0.674442 0.674442 0.674442
4180 4.653893 4.653893 4.653893 0.674442 0.674442 0.674442
4190 4.653893 4.653893 4.653893 0.674442 0.674442 0.674442
4200 4.653893 4.653893 4.653893 0.674442 0.674442 0.674442
4210 4.653893 4.653893 4.653893 0.674442 0.674442 0.674442
4220 4.653893 4.653893 4.653893 0.674442 0.674442 0.674442
4230 4.653893 4.653893 4.653893 0.674442 0.674442 0.674442
4240 4.653893 4.653893 4.653893 0.674442 0.674442 0.674442
4250 4.653893 4.653893 4.653893 0.674442 0.674442 0.674442
4260 4.653893 4.653893 4.653893 0.674442 0.674442 0.674442
4270 4.653893 4.653893 4.653893 0.674442 0.674442 0.674442
4280 4.653893 4.653893 4.653893 0.674442 0.674442 0.674442
4290 4.653893 4.653893 4.653893 0.674442 0.674442 0.674442
4300 4.653893 4.653893 4.653893 0.674442 0.674442 0.674442
4310 4.653893 4.653893 4.653893 0.674442 0.674442 0.674442
4320 4.653893 4.653893 4.653893 0.674442 0.674442 0.674442
4330 4.653893 4.653893 4.653893 0.674442 0.674442 0.674442
4340 4.653893 4.653893 4.653893 0.674442 0.674442 0.674442
4350 4.653893 4.653893 4.653893 0.674442 0.674442 0.674442
4360 4.653893 4.653893 4.653893 0.674442 0.674442 0.674442
4370 4.653893 4.653893 4.653893 0.674442 0.674442 0.674442
4380 4.653893 4.653893 4.653893 0.674442 0.674442 0.674442
4390 4.653893 4.653893 4.653893 0.674442 0.674442 0.674442
4400 4.653893 4.653893 4.653893 0.674442 0.674442 0.674442
4410 4.653893 4.653893 4.653893 0.674442 0.674442 0.674442
4420 4.653893 4.653893 4.653893 0.674442 0.674442 0.674442
4430 4.653893 4.653893 4.653893 0.674442 0.674442 0.674442
4440 4.653893 4.653893 4.653893 0.674442 0.674442 0.674442
4450 4.653893 4.653893 4.653893 0.674442 0.674442 0.674442
4460 4.653893 4.653893 4.653893 0.674442 0.674442 0.674442
4470 4.653893 4.653893 4.653893 0.674442 0.674442 0.674442
4480 4.653893 4.653893 4.653893 0.674442 0.674442 0.674442
4490 4.653893 4.653893 4.653893 0.674442 0.674442 0.674442
4500 4.653893 4.653893 4.653893 0.674442 0.674442 0.674442
4510 4.653893 4.653893 4.653893 0.674442 0.674442 0.674442
4520 4.653893 4.653893 4.653893 0.674442 0.674442 0.674442
4530 4.653893 4.653893 4.653893 0.674442 0.674442 0.674442
4540 4.653893 4.653893 4.653893 0.674442 0.674442 0.674442
4550 4.653893 4.653893 4.653893 0.674442 0.674442 0.674442
4560 4.653893 4.653893 4.653893 0.674442 0.674442 0.674442
4570 4.653893 4.653893 4.653893 0.674442 0.674442 0.674442
4580 4.653893 4.653893 4.653893 0.674442 0.674442 0.674442
4590 4.653893 4.653893 4.653893 0.674442 0.674442 0.674442
4600 4.653893 4.653893 4.653893 0.674442 0.674442 0.674442
4610 4.653893 4.653893 4.653893 0.674442 0.674442 0.674442
4620 4.653893 4.653893 4.653893 0.674442 0.674442 0.674442
4630 4.653893 4.653893 4.653893 0.674442 0.674442 0.674442
4640 4.653893 4.653893 4.653893 0.674442 0.674442 0.674442
4650 4.653893 4.653893 4.653893 0.674442 0.674442 0.674442
4660 4.653893 4.653893 4.653893 0.674442 0.674442 0.674442
4670 4.653893 4.653893 4.653893 0.674442 0.674442 0.674442
4680 4.653893 4.653893 4.653893 0.674442 0.674442 0.674442
4690 4.653893 4.653893 4.653893 0.674442 0.674442 0.674442
4700 4.653893 4.653893 4.653893 0.674442 0.674442 0.674442
4710 4.653893 4.653893 4.653893 0.674442 0.674442 0.674442
4720 4.653893 4.653893 4.653893 0.674442 0.674442 0.674442
4730 4.653893 4.653893 4.653893 0.674442 0.674442 0.674442
4740 4.653893 4.653893 4.653893 0.674442 0.674442 0.674442
4750 4.653893 4.653893 4.653893 0.674442 0.674442 0.674442
4760 4.653893 4.653893 4.653893 0.674442 0.674442 0.674442
4770 4.653893 4.653893 4.653893 0.674442 0.674442 0.674442
4780 4.653893 4.653893 4.653893 0.674442 0.674442 0.674442
4790 4.653893 4.653893 4.653893 0.674442 0.674442 0.674442
4800 4.653893 4.653893 4.653893 0.674442 0.674442 0.674442
4810 4.653893 4.653893 4.653893 0.674442 0.674442 0.674442
4820 4.653893 4.653893 4.653893 0.674442 0.674442 0.674442
4830 4.653893 4.653893 4.653893 0.674442 0.674442 0.674442
4840 4.653893 4.653893 4.653893 0.674442 0.674442 0.674442
4850 4.653893 4.653893 4.653893 0.674442 0.674442 0.674442
4860 4.653893 4.653893 4.653893 0.674442 0.674442 0.674442
4870 4.653893 4.653893 4.653893 0.674442 0.674442 0.674442
4880 4.653893 4.653893 4.653893 0.674442 0.674442 0.674442
4890 4.653893 4.653893 4.653893 0.674442 0.674442 0.674442
4900 4.653893 4.653893 4.653893 0.674442 0.674442 0.674442
4910 4.653893 4.653893 4.653893 0.674442 0.674442 0.674442
4920 4.653893 4.653893 4.653893 0.674442 0.674442 0.674442
4930 4.653893 4.653893 4.653893 0.674442 0.674442 0.674442
4940 4.653893 4.653893 4.653893 0.674442 0.674442 0.674442
4950 4.653893 4.653893 4.653893 0.674442 0.674442 0.674442
4960 4.653893 4.653893 4.653893 0.674442 0.674442 0.674442
4970 4.653893 4.653893 4.653893 0.674442 0.674442 0.674442
4980 4.653893 4.653893 4.653893 0.674442 0.674442 0.674442
4990 4.653893 4.653893 4.653893 0.674442 0.674442 0.674442
5000 4.653893 4.653893 4.653893 0.674442 0.674442 0.674442
5010 4.653893 4.653893 4.653893 0.674442 0.674442 0.674442
5020 4.653893 4.653893 4.653893 0.674442 0.674442 0.674442
5030 4.653893 4.653893 4.653893 0.674442 0.674442 0.674442
5040 4.653893 4.653893 4.653893 0.674442 0.674442 0.674442
5050 4.653893 4.653893 4.653893 0.674442 0.674442 0.674442
5060 4.653893 4.653893 4.653893 0.674442 0.674442 0.674442
5070 4.653893 4.653893 4.653893 0.674442 0.674442 0.674442
5080 4.653893 4.653893 4.653893 0.674442 0.674442 0.674442
5090 4.653893 4.653893 4.653893 0.674442 0.674442 0.674442
5100 4.653893 4.653893 4.653893 0.674442 0.674442 0.674442
5110 4.653893 4.653893 4.653893 0.674442 0.674442 0.674442
5120 4.653893 4.653893 4.653893 0.674442 0.674442 0.674442
5130 4.653893 4.653893 4.653893 0.674442 0.674442 0.674442
5140 4.653893 4.653893 4.653893 0.674442 0.674442 0.674442
5150 4.653893 4.653893 4.653893 0.674442 0.674442 0.674442
5160 4.653893 4.653893 4.653893 0.674442 0.674442 0.674442
5170 4.653893 4.653893 4.653893 0.674442 0.674442 0.674442
5180 4.653893 4.653893 4.653893 0.674442 0.674442 0.674442
5190 4.653893 4.653893 4.653893 0.674442 0.674442 0.674442
5200 4.653893 4.653893 4.653893 0.674442 0.674442 0.674442
5210 4.653893 4.653893 4.653893 0.674442 0.674442 0.674442
5220 4.653893 4.653893 4.653893 0.674442 0.674442 0.674442
5230 4.653893 4.653893 4.653893 0.674442 0.674442 0.674442
5240 4.653893 4.653893 4.653893 0.674442 0.674442 0.674442
5250 4.653893 4.653893 4.653893 0.674442 0.674442 0.674442
5260 4.653893 4.653893 4.653893 0.674442 0.674442 0.674442
5270 4.653893 4.653893 4.653893 0.674442 0.674442 0.674442
5280 4.653893 4.653893 4.653893 0.674442 0.674442 0.674442
5290 4.653893 4.653893 4.653893 0.674442 0.674442 0.674442
5300 4.653893 4.653893 4.653893 0.674442 0.674442 0.674442
5310 4.653893 4.653893 4.653893 0.674442 0.674442 0.674442
5320 4.653893 4.653893 4.653893 0.674442 0.674442 0.674442
5330 4.653893 4.653893 4.653893 0.674442 0.674442 0.674442
5340 4.653893 4.653893 4.653893 0.674442 0.674442 0.674442
5350 4.653893 4.653893 4.653893 0.674442 0.674442 0.674442
5360 4.653893 4.653893 4.653893 0.674442 0.674442 0.674442
5370 4.653893 4.653893 4.653893 0.674442 0.674442 0.674442
5380 4.653893 4.653893 4.653893 0.674442 0.674442 0.674442
5390 4.653893 4.653893 4.653893 0.674442 0.674442 0.674442
5400 4.653893 4.653893 4.653893 0.674442 0.674442 0.674442
5410 4.653893 4.653893 4.653893 0.674442 0.674442 0.674442
5420 4.653893 4.653893 4.653893 0.674442 0.674442 0.674442
5430 4.653893 4.653893 4.653893 0.674442 0.674442 0.674442
5440 4.653893 4.653893 4.653893 0.674442 0.674442 0.674442
5450 4.653893 4.653893 4.653893 0.674442 0.674442 0.674442
5460 4.653893 4.653893 4.653893 0.674442 0.674442 0.674442
5470 4.653893 4.653893 4.653893 0.674442 0.674442 0.674442
5480 4.653893 4.653893 4.653893 0.674442 0.674442 0.674442
5490 4.653893 4.653893 4.653893 0.674442 0.674442 0.674442
5500 4.653893 4.653893 4.653893 0.674442 0.674442 0.674442
5510 4.653893 4.653893 4.653893 0.674442 0.674442 0.674442
5520 4.653893 4.653893 4.653893 0.674442 0.674442 0.674442
5530 4.653893 4.653893 4.653893 0.674442 0.674442 0.674442
5540 4.653893 4.653893 4.653893 0.674442 0.674442 0.674442
5550 4.653893 4.653893 4.653893 0.674442 0.674442 0.674442
5560 4.653893 4.653893 4.653893 0.674442 0.674442 0.674442
5570 4.653893 4.653893 4.653893 0.674442 0.674442 0.674442
5580 4.653893 4.653893 4.653893 0.674442 0.674442 0.674442
5590 4.653893 4.653893 4.653893 0.674442 0.674442 0.674442
5600 4.653893 4.653893 4.653893 0.674442 0.674442 0.674442
5610 4.653893 4.653893 4.653893 0.674442 0.674442 0.674442
5620 4.653893 4.653893 4.653893 0.674442 0.674442 0.674442
5630 4.653893 4.653893 4.653893 0.674442 0.674442 0.674442
5640 4.653893 4.653893 4.653893 0.674442 0.674442 0.674442
5650 4.653893 4.653893 4.653893 0.674442 0.674442 0.674442
5660 4.653893 4.653893 4.653893 0.674442 0.674442 0.674442
5670 4.653893 4.653893 4.653893 0.674442 0.674442 0.674442
5680 4.653893 4.653893 4.653893 0.674442 0.674442 0.674442
5690 4.653893 4.653893 4.653893 0.674442 0.674442 0.674442
5700 4.653893 4.653893 4.653893 0.674442 0.674442 0.674442
5710 4.653893 4.653893 4.653893 0.674442 0.674442 0.674442
5720 4.653893 4.653893 4.653893 0.674442 0.674442 0.674442
5730 4.653893 4.653893 4.653893 0.674442 0.674442 0.674442
5740 4.653893 4.653893 4.653893 0.674442 0.674442 0.674442
5750 4.653893 4.653893 4.653893 0.674442 0.674442 0.674442
5760 4.653893 4.653893 4.653893 0.674442 0.674442 0.674442
5770 4.653893 4.653893 4.653893 0.674442 0.674442 0.674442
5780 4.653893 4.653893 4.653893 0.674442 0.674442 0.674442
5790 4.653893 4.653893 4.653893 0.674442 0.674442 0.674442
5800 4.653893 4.653893 4.653893 0.674442 0.674442 0.674442
5810 4.653893 4.653893 4.653893 0.674442 0.674442 0.674442
5820 4.653893 4.653893 4.653893 0.674442 0.674442 0.674442
5830 4.653893 4.653893 4.653893 0.674442 0.674442 0.674442
5840 4.653893 4.653893 4.653893 0.674442 0.674442 0.674442
5850 4.653893 4.653893 4.653893 0.674442 0.674442 0.674442
5860 4.653893 4.653893 4.653893 0.674442 0.674442 0.674442
5870 4.653893 4.653893 4.653893 0.674442 0.674442 0.674442
5880 4.653893 4.653893 4.653893 0.674442 0.674442 0.674442
5890 4.653893 4.653893 4.653893 0.674442 0.674442 0.674442
5900 4.653893 4.653893 4.653893 0.674442 0.674442 0.674442
5910 4.653893 4.653893 4.653893 0.674442 0.674442 0.674442
5920 4.653893 4.653893 4.653893 0.674442 0.674442 0.674442
5930 4.653893 4.653893 4.653893 0.674442 0.674442 0.674442
5940 4.653893 4.653893 4.653893 0.674442 0.674442 0.674442
5950 4.653893 4.653893 4.653893 0.674442 0.674442 0.674442
5960 4.653893 4.653893 4.653893 0.674442 0.674442 0.674442
5970 4.653893 4.653893 4.653893 0.674442 0.674442 0.674442
5980 4.653893 4.653893 4.653893 0.674442 0.674442 0.674442
5990 4.653893 4.653893 4.653893 0.674442 0.674442 0.674442
6000 4.653893 4.653893 4.653893 0.674442 0.674442 0.674442
6010 4.653893 4.653893 4.653893 0.674442 0.674442 0.674442
6020 4.653893 4.653893 4.653893 0.674442 0.674442 0.674442
6030 4.653893 4.653893 4.653893 0.674442 0.674442 0.674442
6040 4.653893 4.653893 4.653893 0.674442 0.674442 0.674442
6050 4.653893 4.653893 4.653893 0.674442 0.674442 0.674442
6060 4.653893 4.653893 4.653893 0.674442 0.674442 0.674442
6070 4.653893 4.653893 4.653893 0.674442 0.674442 0.674442
6080 4.653893 4.653893 4.653893 0.674442 0.674442 0.674442
6090 4.653893 4.653893 4.653893 0.674442 0.674442 0.674442
6100 4.653893 4.653893 4.653893 0.674442 0.674442 0.674442
6110 4.653893 4.653893 4.653893 0.674442 0.674442 0.674442
6120 4.653893 4.653893 4.653893 0.674442 0.674442 0.674442
6130 4.653893 4.653893 4.653893 0.674442 0.674442 0.674442
6140 4.653893 4.653893 4.653893 0.674442 0.674442 0.674442
6150 4.653893 4.653893 4.653893 0.674442 0.674442 0.674442
6160 4.653893 4.653893 4.653893 0.674442 0.674442 0.674442
6170 4.653893 4.653893 4.653893 0.674442 0.674442 0.674442
6180 4.653893 4.653893 4.653893 0.674442 0.674442 0.674442
6190 4.653893 4.653893 4.653893 0.674442 0.674442 0.674442
6200 4.653893 4.653893 4.653893 0.674442 0.674442 0.674442
6210 4.653893 4.653893 4.653893 0.674442 0.674442 0.674442
6220 4.653893 4.653893 4.653893 0.674442 0.674442 0.674442
6230 4.653893 4.653893 4.653893 0.674442 0.674442 0.674442
6240 4.653893 4.653893 4.653893 0.674442 0.674442 0.674442
6250 4.653893 4.653893 4.653893 0.674442 0.674442 0.674442
6260 4.653893 4.653893 4.653893 0.674442 0.674442 0.674442
6270 4.653893 4.653893 4.653893 0.674442 0.674442 0.674442
6280 4.653893 4.653893 4.653893 0.674442 0.674442 0.674442
6290 4.653893 4.653893 4.653893 0.674442 0.674442 0.674442
6300 4.653893 4.653893 4.653893 0.674442 0.674442 0.674442
6310 4.653893 4.653893 4.653893 0.674442 0.674442 0.674442
6320 4.653893 4.653893 4.653893 0.674442 0.674442 0.674442
6330 4.653893 4.653893 4.653893 0.674442 0.674442 0.674442
6340 4.653893 4.653893 4.653893 0.674442 0.674442 0.674442
6350 4.653893 4.653893 4.653893 0.674442 0.674442 0.674442
6360 4.653893 4.653893 4.653893 0.674442 0.674442 0.674442
6370 4.653893 4.653893 4.653893 0.674442 0.674442 0.674442
6380 4.653893 4.653893 4.653893 0.674442 0.674442 0.674442
6390 4.653893 4.653893 4.653893 0.674442 0.674442 0.674442
6400 4.653893 4.653893 4.653893 0.674442 0.674442 0.674442
6410 4.653893 4.653893 4.653893 0.674442 0.674442 0.674442
6420 4.653893 4.653893 4.653893 0.674442 0.674442 0.674442
6430 4.653893 4.653893 4.653893 0.674442 0.674442 0.674442
6440 4.653893 4.653893 4.653893 0.674442 0.674442 0.674442
6450 4.653893 4.653893 4.653893 0.674442 0.674442 0.674442
6460 4.653893 4.653893 4.653893 0.674442 0.674442 0.674442
6470 4.653893 4.653893 4.653893 0.674442 0.674442 0.674442
6480 4.653893 4.653893 4.653893 0.674442 0.674442 0.674442
6490 4.653893 4.653893 4.653893 0.674442 0.674442 0.674442
6500 4.653893 4.653893 4.653893 0.674442 0.674442 0.674442
6510 4.653893 4.653893 4.653893 0.674442 0.674442 0.674442
6520 4.653893 4.653893 4.653893 0.674442 0.674442 0.674442
6530 4.653893 4.653893 4.653893 0.674442 0.674442 0.674442
6540 4.653893 4.653893 4.653893 0.674442 0.674442 0.674442
6550 4.653893 4.653893 4.653893 0.674442 0.674442 0.674442
6560 4.653893 4.653893 4.653893 0.674442 0.674442 0.674442
6570 4.653893 4.653893 4.653893 0.674442 0.674442 0.674442
6580 4.653893 4.653893 4.653893 0.674442 0.674442 0.674442
6590 4.653893 4.653893 4.653893 0.674442 0.674442 0.674442
6600 4.653893 4.653893 4.653893 0.674442 0.674442 0.674442
6610 4.653893 4.653893 4.653893 0.674442 0.674442 0.674442
6620 4.653893 4.653893 4.653893 0.674442 0.674442 0.674442
6630 4.653893 4.653893 4.653893 0.674442 0.674442 0.674442
6640 4.653893 4.653893 4.653893 0.674442 0.674442 0.674442
6650 4.653893 4.653893 4.653893 0.674442 0.674442 0.674442
6660 4.653893 4.653893 4.653893 0.674442 0.674442 0.674442
6670 4.653893 4.653893 4.653893 0.674442 0.674442 0.674442
6680 4.653893 4.653893 4.653893 0.674442 0.674442 0.674442
6690 4.653893 4.653893 4.653893 0.674442 0.674442 0.674442
6700 4.653893 4.653893 4.653893 0.674442 0.674442 0.674442
6710 4.653893 4.653893 4.653893 0.674442 0.674442 0.674442
6720 4.653893 4.653893 4.653893 0.674442 0.674442 0.674442
6730 4.653893 4.653893 4.653893 0.674442 0.674442 0.674442
6740 4.653893 4.653893 4.653893 0.674442 0.674442 0.674442
6750 4.653893 4.653893 4.653893 0.674442 0.674442 0.674442
6760 4.653893 4.653893 4.653893 0.674442 0.674442 0.674442
6770 4.653893 4.653893 4.653893 0.674442 0.674442 0.674442
6780 4.653893 4.653893 4.653893 0.674442 0.674442 0.674442
6790 4.653893 4.653893 4.653893 0.674442 0.674442 0.674442
6800 4.653893 4.653893 4.653893 0.674442 0.674442 0.674442
6810 4.653893 4.653893 4.653893 0.674442 0.674442 0.674442
6820 4.653893 4.653893 4.653893 0.674442 0.674442 0.674442
6830 4.653893 4.653893 4.653893 0.674442 0.674442 0.674442
6840 4.653893 4.653893 4.653893 0.674442 0.674442 0.674442
6850 4.653893 4.653893 4.653893 0.674442 0.674442 0.674442
6860 4.653893 4.653893 4.653893 0.674442 0.674442 0.674442
6870 4.653893 4.653893 4.653893 0.674442 0.674442 0.674442
6880 4.653893 4.653893 4.653893 0.674442 0.674442 0.674442
6890 4.653893 4.653893 4.653893 0.674442 0.674442 0.674442
6900 4.653893 4.653893 4.653893 0.674442 0.674442 0.674442
6910 4.653893 4.653893 4.653893 0.674442 0.674442 0.674442
6920 4.653893 4.653893 4.653893 0.674442 0.674442 0.674442
6930 4.653893 4.653893 4.653893 0.674442 0.674442 0.674442
6940 4.653893 4.653893 4.653893 0.674442 0.674442 0.674442
6950 4.653893 4.653893 4.653893 0.674442 0.674442 0.674442
6960 4.653893 4.653893 4.653893 0.674442 0.674442 0.674442
6970 4.653893 4.653893 4.653893 0.674442 0.674442 0.674442
6980 4.653893 4.653893 4.653893 0.674442 0.674442 0.674442
6990 4.653893 4.653893 4.653893 0.674442 0.674442 0.674442
7000 4.653893 4.653893 4.653893 0.674442 0.674442 0.674442
7010 4.653893 4.653893 4.653893 0.674442 0.674442 0.674442
7020 4.653893 4.653893 4.653893 0.674442 0.674442 0.674442
7030 4.653893 4.653893 4.653893 0.674442 0.674442 0.674442
7040 4.653893 4.653893 4.653893 0.674442 0.674442 0.674442
7050 4.653893 4.653893 4.653893 0.674442 0.674442 0.674442
7060 4.653893 4.653893 4.653893 0.674442 0.674442 0.674442
7070 4.653893 4.653893 4.653893 0.674442 0.674442 0.674442
7080 4.653893 4.653893 4.653893 0.674442 0.674442 0.674442
7090 4.653893 4.653893 4.653893 0.674442 0.674442 0.674442
7100 4.653893 4.653893 4.653893 0.674442 0.674442 0.674442
7110 4.653893 4.653893 4.653893 0.674442 0.674442 0.674442
7120 4.653893 4.653893 4.653893 0.674442 0.674442 0.674442
7130 4.653893 4.653893 4.653893 0.674442 0.674442 0.674442
7140 4.653893 4.653893 4.653893 0.674442 0.674442 0.674442
7150 4.653893 4.653893 4.653893 0.674442 0.674442 0.674442
7160 4.653893 4.653893 4.653893 0.674442 0.674442 0.674442
7170 4.653893 4.653893 4.653893 0.674442 0.674442 0.674442
7180 4.653893 4.653893 4.653893 0.674442 0.674442 0.674442
7190 4.653893 4.653893 4.653893 0.674442 0.674442 0.674442
7200 4.653893 4.653893 4.653893 0.674442 0.674442 0.674442
7210 4.653893 4.653893 4.653893 0.674442 0.674442 0.674442
7220 4.653893 4.653893 4.653893 0.674442 0.674442 0.674442
7230 4.653893 4.653893 4.653893 0.674442 0.674442 0.674442
7240 4.653893 4.653893 4.653893 0.674442 0.674442 0.674442
7250 4.653893 4.653893 4.653893 0.674442 0.674442 0.674442
7260 4.653893 4.653893 4.653893 0.674442 0.674442 0.674442
7270 4.653893 4.653893 4.653893 0.674442 0.674442 0.674442
7280 4.653893 4.653893 4.653893 0.674442 0.674442 0.674442
7290 4.653893 4.653893 4.653893 0.674442 0.674442 0.674442
7300 4.653893 4.653893 4.653893 0.674442 0.674442 0.674442
7310 4.653893 4.653893 4.653893 0.674442 0.674442 0.674442
7320 4.653893 4.653893 4.653893 0.674442 0.674442 0.674442
7330 4.653893 4.653893 4.653893 0.674442 0.674442 0.674442
7340 4.653893 4.653893 4.653893 0.674442 0.674442 0.674442
7350 4.653893 4.653893 4.653893 0.674442 0.674442 0.674442
7360 4.653893 4.653893 4.653893 0.674442 0.674442 0.674442
7370 4.653893 4.653893 4.653893 0.674442 0.674442 0.674442
7380 4.653893 4.653893 4.653893 0.674442 0.674442 0.674442
7390 4.653893 4.653893 4.653893 0.674442 0.674442 0.674442
7400 4.653893 4.653893 4.653893 0.674442 0.674442 0.674442
7410 4.653893 4.653893 4.653893 0.674442 0.674442 0.674442
7420 4.653893 4.653893 4.653893 0.674442 0.674442 0.674442
7430 4.653893 4.653893 4.653893 0.674442 0.674442 0.674442
7440 4.653893 4.653893 4.653893 0.674442 0.674442 0.674442
7450 4.653893 4.653893 4.653893 0.674442 0.674442 0.674442
7460 4.653893 4.653893 4.653893 0.674442 0.674442 0.674442
7470 4.653893 4.653893 4.653893 0.674442 0.674442 0.674442
7480 4.653893 4.653893 4.653893 0.674442 0.674442 0.674442
7490 4.653893 4.653893 4.653893 0.674442 0.674442 0.674442
7500 4.653893 4.653893 4.653893 0.674442 0.674442 0.674442
7510 4.653893 4.653893 4.653893 0.674442 0.674442 0.674442
7520 4.653893 4.653893 4.653893 0.674442 0.674442 0.674442
7530 4.653893 4.653893 4.653893 0.674442 0.674442 0.674442
7540 4.653893 4.653893 4.653893 0.674442 0.674442 0.674442
7550 4.653893 4.653893 4.653893 0.674442 0.674442 0.674442
7560 4.653893 4.653893 4.653893 0.674442 0.674442 0.674442
7570 4.653893 4.653893 4.653893 0.674442 0.674442 0.674442
7580 4.653893 4.653893 4.653893 0.674442 0.674442 0.674442
7590 4.653893 4.653893 4.653893 0.674442 0.674442 0.674442
7600 4.653893 4.653893 4.653893 0.674442 0.674442 0.674442
7610 4.653893 4.653893 4.653893 0.674442 0.674442 0.674442
7620 4.653893 4.653893 4.653893 0.674442 0.674442 0.674442
7630 4.653893 4.653893 4.653893 0.674442 0.674442 0.674442
7640 4.653893 4.653893 4.653893 0.674442 0.674442 0.674442
7650 4.653893 4.653893 4.653893 0.674442 0.674442 0.674442
7660 4.653893 4.653893 4.653893 0.674442 0.674442 0.674442
7670 4.653893 4.653893 4.653893 0.674442 0.674442 0.674442
7680 4.653893 4.653893 4.653893 0.674442 0.674442 0.674442
7690 4.653893 4.653893 4.653893 0.674442 0.674442 0.674442
7700 4.653893 4.653893 4.653893 0.674442 0.674442 0.674442
7710 4.653893 4.653893 4.653893 0.674442 0.674442 0.674442
7720 4.653893 4.653893 4.653893 0.674442 0.674442 0.674442
7730 4.653893 4.653893 4.653893 0.674442 0.674442 0.674442
7740 4.653893 4.653893 4.653893 0.674442 0.674442 0.674442
7750 4.653893 4.653893 4.653893 0.674442 0.674442 0.674442
7760 4.653893 4.653893 4.653893 0.674442 0.674442 0.674442
7770 4.653893 4.653893 4.653893 0.674442 0.674442 0.674442
7780 4.653893 4.653893 4.653893 0.674442 0.674442 0.674442
7790 4.653893 4.653893 4.653893 0.674442 0.674442 0.674442
7800 4.653893 4.653893 4.653893 0.674442 0.674442 0.674442
7810 4.653893 4.653893 4.653893 0.674442 0.674442 0.674442
7820 4.653893 4.653893 4.653893 0.674442 0.674442 0.674442
7830 4.653893 4.653893 4.653893 0.674442 0.674442 0.674442
7840 4.653893 4.653893 4.653893 0.674442 0.674442 0.674442
7850 4.653893 4.653893 4.653893 0.674442 0.674442 0.674442
7860 4.653893 4.653893 4.653893 0.674442 0.674442 0.674442
7870 4.653893 4.653893 4.653893 0.674442 0.674442 0.674442
7880 4.653893 4.653893 4.653893 0.674442 0.674442 0.674442
7890 4.653893 4.653893 4.653893 0.674442 0.674442 0.674442
7900 4.653893 4.653893 4.653893 0.674442 0.674442 0.674442
7910 4.653893 4.653893 4.653893 0.674442 0.674442 0.674442
7920 4.653893 4.653893 4.653893 0.674442 0.674442 0.674442
7930 4.653893 4.653893 4.653893 0.674442 0.674442 0.674442
7940 4.653893 4.653893 4.653893 0.674442 0.674442 0.674442
7950 4.653893 4.653893 4.653893 0.674442 0.674442 0.674442
7960 4.653893 4.653893 4.653893 0.674442 0.674442 0.674442
7970 4.653893 4.653893 4.653893 0.674442 0.674442 0.674442
7980 4.653893 4.653893 4.653893 0.674442 0.674442 0.674442
7990 4.653893 4.653893 4.653893 0.674442 0.674442 0.674442
8000 4.653893 4.653893 4.653893 0.674442 0.674442 0.674442
8010 4.653893 4.653893 4.653893 0.674442 0.674442 0.674442
8020 4.653893 4.653893 4.653893 0.674442 0.674442 0.674442
8030 4.653893 4.653893 4.653893 0.674442 0.674442 0.674442
8040 4.653893 4.653893 4.653893 0.674442 0.674442 0.674442
8050 4.653893 4.653893 4.653893 0.674442 0.674442 0.674442
8060 4.653893 4.653893 4.653893 0.674442 0.674442 0.674442
8070 4.653893 4.653893 4.653893 0.674442 0.674442 0.674442
8080 4.653893 4.653893 4.653893 0.674442 0.674442 0.674442
8090 4.653893 4.653893 4.653893 0.674442 0.674442 0.674442
8100 4.653893 4.653893 4.653893 0.674442 0.674442 0.674442
8110 4.653893 4.653893 4.653893 0.674442 0.674442 0.674442
8120 4.653893 4.653893 4.653893 0.674442 0.674442 0.674442
8130 4.653893 4.653893 4.653893 0.674442 0.674442 0.674442
8140 4.653893 4.653893 4.653893 0.674442 0.674442 0.674442
8150 4.653893 4.653893 4.653893 0.674442 0.674442 0.674442
8160 4.653893 4.653893 4.653893 0.674442 0.674442 0.674442
8170 4.653893 4.653893 4.653893 0.674442 0.674442 0.674442
8180 4.653893 4.653893 4.653893 0.674442 0.674442 0.674442
8190 4.653893 4.653893 4.653893 0.674442 0.674442 0.674442
8200 4.653893 4.653893 4.653893 0.674442 0.674442 0.674442
8210 4.653893 4.653893 4.653893 0.674442 0.674442 0.674442
8220 4.653893 4.653893 4.653893 0.674442 0.674442 0.674442
8230 4.653893 4.653893 4.653893 0.674442 0.674442 0.674442
8240 4.653893 4.653893 4.653893 0.674442 0.674442 0.674442
8250 4.653893 4.653893 4.653893 0.674442 0.674442 0.674442
8260 4.653893 4.653893 4.653893 0.674442 0.674442 0.674442
8270 4.653893 4.653893 4.653893 0.674442 0.674442 0.674442
8280 4.653893 4.653893 4.653893 0.674442 0.674442 0.674442
8290 4.653893 4.653893 4.653893 0.674442 0.674442 0.674442
8300 4.653893 4.653893 4.653893 0.674442 0.674442 0.674442
8310 4.653893 4.653893 4.653893 0.674442 0.674442 0.674442
8320 4.653893 4.653893 4.653893 0.674442 0.674442 0.674442
8330 4.653893 4.653893 4.653893 0.674442 0.674442 0.674442
8340 4.653893 4.653893 4.653893 0.674442 0.674442 0.674442
8350 4.653893 4.653893 4.653893 0.674442 0.674442 0.674442
8360 4.653893 4.653893 4.653893 0.674442 0.674442 0.674442
8370 4.653893 4.653893 4.653893 0.674442 0.674442 0.674442
8380 4.653893 4.653893 4.653893 0.674442 0.674442 0.674442
8390 4.653893 4.653893 4.653893 0.674442 0.674442 0.674442
8400 4.653893 4.653893 4.653893 0.674442 0.674442 0.674442
8410 4.653893 4.653893 4.653893 0.674442 0.674442 0.674442
8420 4.653893 4.653893 4.653893 0.674442 0.674442 0.674442
8430 4.653893 4.653893 4.653893 0.674442 0.674442 0.674442
8440 4.653893 4.653893 4.653893 0.674442 0.674442 0.674442
8450 4.653893 4.653893 4.653893 0.674442 0.674442 0.674442
8460 4.653893 4.653893 4.653893 0.674442 0.674442 0.674442
8470 4.653893 4.653893 4.653893 0.674442 0.674442 0.674442
8480 4.653893 4.653893 4.653893 0.674442 0.674442 0.674442
8490 4.653893 4.653893 4.653893 0.674442 0.674442 0.674442
8500 4.653893 4.653893 4.653893 0.674442 0.674442 0.674442
8510 4.653893 4.653893 4.653893 0.674442 0.674442 0.674442
8520 4.653893 4.653893 4.653893 0.674442 0.674442 0.674442
8530 4.653893 4.653893 4.653893 0.674442 0.674442 0.674442
8540 4.653893 4.653893 4.653893 0.674442 0.674442 0.674442
8550 4.653893 4.653893 4.653893 0.674442 0.674442 0.674442
8560 4.653893 4.653893 4.653893 0.674442 0.674442 0.674442
8570 4.653893 4.653893 4.653893 0.674442 0.674442 0.674442
8580 4.653893 4.653893 4.653893 0.674442 0.674442 0.674442
8590 4.653893 4.653893 4.653893 0.674442 0.674442 0.674442
8600 4.653893 4.653893 4.653893 0.674442 0.674442 0.674442
8610 4.653893 4.653893 4.653893 0.674442 0.674442 0.674442
8620 4.653893 4.653893 4.653893 0.674442 0.674442 0.674442
8630 4.653893 4.653893 4.653893 0.674442 0.674442 0.674442
8640 4.653893 4.653893 4.653893 0.674442 0.674442 0.674442
8650 4.653893 4.653893 4.653893 0.674442 0.674442 0.674442
8660 4.653893 4.653893 4.653893 0.674442 0.674442 0.674442
8670 4.653893 4.653893 4.653893 0.674442 0.674442 0.674442
8680 4.653893 4.653893 4.653893 0.674442 0.674442 0.674442
8690 4.653893 4.653893 4.653893 0.674442 0.674442 0.674442
8700 4.653893 4.653893 4.653893 0.674442 0.674442 0.674442
8710 4.653893 4.653893 4.653893 0.674442 0.674442 0.674442
8720 4.653893 4.653893 4.653893 0.674442 0.674442 0.674442
8730 4.653893 4.653893 4.653893 0.674442 0.674442 0.674442
8740 4.653893 4.653893 4.653893 0.674442 0.674442 0.674442
8750 4.653893 4.653893 4.653893 0.674442 0.674442 0.674442
8760 4.653893 4.653893 4.653893 0.674442 0.674442 0.674442
8770 4.653893 4.653893 4.653893 0.674442 0.674442 0.674442
8780 4.653893 4.653893 4.653893 0.674442 0.674442 0.674442
8790 4.653893 4.653893 4.653893 0.674442 0.674442 0.674442
8800 4.653893 4.653893 4.653893 0.674442 0.674442 0.674442
8810 4.653893 4.653893 4.653893 0.674442 0.674442 0.674442
8820 4.653893 4.653893 4.653893 0.674442 0.674442 0.674442
8830 4.653893 4.653893 4.653893 0.674442 0.674442 0.674442
8840 4.653893 4.653893 4.653893 0.674442 0.674442 0.674442
8850 4.653893 4.653893 4.653893 0.674442 0.674442 0.674442
8860 4.653893 4.653893 4.653893 0.674442 0.674442 0.674442
8870 4.653893 4.653893 4.653893 0.674442 0.674442 0.674442
8880 4.653893 4.653893 4.653893 0.674442 0.674442 0.674442
8890 4.653893 4.653893 4.653893 0.674442 0.674442 0.674442
8900 4.653893 4.653893 4.653893 0.674442 0.674442 0.674442
8910 4.653893 4.653893 4.653893 0.674442 0.674442 0.674442
8920 4.653893 4.653893 4.653893 0.674442 0.674442 0.674442
8930 4.653893 4.653893 4.653893 0.674442 0.674442 0.674442
8940 4.653893 4.653893 4.653893 0.674442 0.674442 0.674442
8950 4.653893 4.653893 4.653893 0.674442 0.674442 0.674442
8960 4.653893 4.653893 4.653893 0.674442 0.674442 0.674442
8970 4.653893 4.653893 4.653893 0.674442 0.674442 0.674442
8980 4.653893 4.653893 4.653893 0.674442 0.674442 0.674442
8990 4.653893 4.653893 4.653893 0.674442 0.674442 0.674442
9000 4.653893 4.653893 4.653893 0.674442 0.674442 0.674442
9010 4.653893 4.653893 4.653893 0.674442 0.674442 0.674442
9020 4.653893 4.653893 4.653893 0.674442 0.674442 0.674442
9030 4.653893 4.653893 4.653893 0.674442 0.674442 0.674442
9040 4.653893 4.653893 4.653893 0.674442 0.674442 0.674442
9050 4.653893 4.653893 4.653893 0.674442 0.674442 0.674442
9060 4.653893 4.653893 4.653893 0.674442 0.674442 0.674442
9070 4.653893 4.653893 4.653893 0.674442 0.674442 0.674442
9080 4.653893 4.653893 4.653893 0.674442 0.674442 0.674442
9090 4.653893 4.653893 4.653893 0.674442 0.674442 0.674442
9100 4.653893 4.653893 4.653893 0.674442 0.674442 0.674442
9110 4.653893 4.653893 4.653893 0.674442 0.674442 0.674442
9120 4.653893 4.653893 4.653893 0.674442 0.674442 0.674442
9130 4.653893 4.653893 4.653893 0.674442 0.674442 0.674442
9140 4.653893 4.653893 4.653893 0.674442 0.674442 0.674442
9150 4.653893 4.653893 4.653893 0.674442 0.674442 0.674442
9160 4.653893 4.653893 4.653893 0.674442 0.674442 0.674442
9170 4.653893 4.653893 4.653893 0.674442 0.674442 0.674442
9180 4.653893 4.653893 4.653893 0.674442 0.674442 0.674442
9190 4.653893 4.653893 4.653893 0.674442 0.674442 0.674442
9200 4.653893 4.653893 4.653893 0.674442 0.674442 0.674442
9210 4.653893 4.653893 4.653893 0.674442 0.674442 0.674442
9220 4.653893 4.653893 4.653893 0.674442 0.674442 0.674442
9230 4.653893 4.653893 4.653893 0.674442 0.674442 0.674442
9240 4.653893 4.653893 4.653893 0.674442 0.674442 0.674442
9250 4.653893 4.653893 4.653893 0.674442 0.674442 0.674442
9260 4.653893 4.653893 4.653893 0.674442 0.674442 0.674442
9270 4.653893 4.653893 4.653893 0.674442 0.674442 0.674442
9280 4.653893 4.653893 4.653893 0.674442 0.674442 0.674442
9290 4.653893 4.653893 4.653893 0.674442 0.674442 0.674442
9300 4.653893 4.653893 4.653893 0.674442 0.674442 0.674442
9310 4.653893 4.653893 4.653893 0.674442 0.674442 0.674442
9320 4.653893 4.653893 4.653893 0.674442 0.674442 0.674442
9330 4.653893 4.653893 4.653893 0.674442 0.674442 0.674442
9340 4.653893 4.653893 4.653893 0.674442 0.674442 0.674442
9350 4.653893 4.653893 4.653893 0.674442 0.674442 0.674442
9360 4.653893 4.653893 4.653893 0.674442 0.674442 0.674442
9370 4.653893 4.653893 4.653893 0.674442 0.674442 0.674442
9380 4.653893 4.653893 4.653893 0.674442 0.674442 0.674442
9390 4.653893 4.653893 4.653893 0.674442 0.674442 0.674442
9400 4.653893 4.653893 4.653893 0.674442 0.674442 0.674442
9410 4.653893 4.653893 4.653893 0.674442 0.674442 0.674442
9420 4.653893 4.653893 4.653893 0.674442 0.674442 0.674442
9430 4.653893 4.653893 4.653893 0.674442 0.674442 0.674442
9440 4.653893 4.653893 4.653893 0.674442 0.674442 0.674442
9450 4.653893 4.653893 4.653893 0.674442 0.674442 0.674442
9460 4.653893 4.653893 4.653893 0.674442 0.674442 0.674442
9470 4.653893 4.653893 4.653893 0.674442 0.674442 0.674442
9480 4.653893 4.653893 4.653893 0.674442 0.674442 0.674442
9490 4.653893 4.653893 4.653893 0.674442 0.674442 0.674442
9500 4.653893 4.653893 4.653893 0.674442 0.674442 0.674442
9510 4.653893 4.653893 4.653893 0.674442 0.674442 0.674442
9520 4.653893 4.653893 4.653893 0.674442 0.674442 0.674442
9530 4.653893 4.653893 4.653893 0.674442 0.674442 0.674442
9540 4.653893 4.653893 4.653893 0.674442 0.674442 0.674442
9550 4.653893 4.653893 4.653893 0.674442 0.674442 0.674442
9560 4.653893 4.653893 4.653893 0.674442 0.674442 0.674442
9570 4.653893 4.653893 4.653893 0.674442 0.674442 0.674442
9580 4.653893 4.653893 4.653893 0.674442 0.674442 0.674442
9590 4.653893 4.653893 4.653893 0.674442 0.674442 0.674442
9600 4.653893 4.653893 4.653893 0.674442 0.674442 0.674442
9610 4.653893 4.653893 4.653893 0.674442 0.674442 0.674442
9620 4.653893 4.653893 4.653893 0.674442 0.674442 0.674442
9630 4.653893 4.653893 4.653893 0.674442 0.674442 0.674442
9640 4.653893 4.653893 4.653893 0.674442 0.674442 0.674442
9650 4.653893 4.653893 4.653893 0.674442 0.674442 0.674442
9660 4.653893 4.653893 4.653893 0.674442 0.674442 0.674442
9670 4.653893 4.653893 4.653893 0.674442 0.674442 0.674442
9680 4.653893 4.653893 4.653893 0.674442 0.674442 0.674442
9690 4.653893 4.653893 4.653893 0.674442 0.674442 0.674442
9700 4.653893 4.653893 4.653893 0.674442 0.674442 0.674442
9710 4.653893 4.653893 4.653893 0.674442 0.674442 0.674442
9720 4.653893 4.653893 4.653893 0.674442 0.674442 0.674442
9730 4.653893 4.653893 4.653893 0.674442 0.674442 0.674442
9740 4.653893 4.653893 4.653893 0.674442 0.674442 0.674442
9750 4.653893 4.653893 4.653893 0.674442 0.674442 0.674442
9760 4.653893 4.653893 4.653893 0.674442 0.674442 0.674442
9770 4.653893 4.653893 4.653893 0.674442 0.674442 0.674442
9780 4.653893 4.653893 4.653893 0.674442 0.674442 0.674442
9790 4.653893 4.653893 4.653893 0.674442 0.674442 0.674442
9800 4.653893 4.653893 4.653893 0.674442 0.674442 0.674442
9810 4.653893 4.653893 4.653893 0.674442 0.674442 0.674442
9820 4.653893 4.653893 4.653893 0.674442 0.674442 0.674442
9830 4.653893 4.653893 4.653893 0.674442 0.674442 0.674442
9840 4.653893 4.653893 4.653893 0.674442 0.674442 0.674442
9850 4.653893 4.653893 4.653893 0.674442 0.674442 0.674442
9860 4.653893 4.653893 4.653893 0.674442 0.674442 0.674442
9870 4.653893 4.653893 4.653893 0.674442 0.674442 0.674442
9880 4.653893 4.653893 4.653893 0.674442 0.674442 0.674442
9890 4.653893 4.653893 4.653893 0.674442 0.674442 0.674442
9900 4.653893 4.653893 4.653893 0.674442 0.674442 0.674442
9910 4.653893 4.653893 4.653893 0.674442 0.674442 0.674442
9920 4.653893 4.653893 4.653893 0.674442 0.674442 0.674442
9930 4.653893 4.653893 4.653893 0.674442 0.674442 0.674442
9940 4.653893 4.653893 4.653893 0.674442 0.674442 0.674442
9950 4.653893 4.653893 4.653893 0.674442 0.674442 0.674442
9960 4.653893 4.653893 4.653893 0.674442 0.674442 0.674442
9970 4.653893 4.653893 4.653893 0.674442 0.674442 0.674442
9980 4.653893 4.653893 4.653893 0.674442 0.674442 0.674442
9990 4.653893 4.653893 4.653893 0.674442 0.674442 0.674442
10000 4.653893 4.653893 4.653893 0.674442 0.674442 0.674442
