# generation power_min power_avg power_max util_min util_avg util_max
1 27.091345 27.867774 28.954714 0.453544 0.468092 0.480392
10 26.879645 27.743777 28.484667 0.457819 0.469706 0.480392
20 26.764280 27.620111 28.175443 0.462629 0.471412 0.482660
30 26.746384 27.529190 28.098953 0.462629 0.472689 0.483841
40 26.674414 27.440432 27.987455 0.462629 0.473778 0.483841
50 26.625278 27.347588 27.856797 0.464364 0.475161 0.487100
60 26.625278 27.257430 27.710965 0.467075 0.476434 0.487100
70 26.625278 27.191186 27.601590 0.469430 0.477457 0.487100
80 26.625278 27.120866 27.505820 0.471477 0.478502 0.487100
90 26.441377 27.044025 27.468025 0.471477 0.479385 0.487752
100 26.412813 26.973533 27.374989 0.473829 0.480512 0.489692
110 26.375336 26.894352 27.297570 0.473865 0.481447 0.490129
120 26.375336 26.826871 27.229901 0.475228 0.482352 0.490129
130 26.125947 26.758963 27.128800 0.476760 0.483295 0.491391
140 26.125947 26.695335 27.057609 0.477960 0.484227 0.491704
150 26.125947 26.630574 26.973844 0.478204 0.485039 0.491704
160 26.079442 26.563822 26.896853 0.479240 0.486017 0.492247
170 25.918724 26.501338 26.858030 0.479508 0.486821 0.492321
180 25.918724 26.448969 26.755312 0.480467 0.487602 0.492321
190 25.907158 26.391063 26.699167 0.482565 0.488357 0.496289
200 25.907158 26.341519 26.625278 0.482565 0.488944 0.496289
210 25.907158 26.303764 26.583189 0.482565 0.489328 0.496289
220 25.879035 26.250677 26.520569 0.486113 0.490018 0.496289
230 25.879035 26.205374 26.441377 0.486113 0.490509 0.496289
240 25.799713 26.158896 26.386673 0.486113 0.491046 0.496289
250 25.799713 26.118077 26.360212 0.486113 0.491530 0.496289
260 25.799713 26.072957 26.315377 0.486113 0.492012 0.496289
270 25.770376 26.034305 26.279814 0.488245 0.492585 0.496377
280 25.539663 25.991989 26.209899 0.488910 0.493082 0.498478
290 25.539663 25.957501 26.150885 0.489675 0.493525 0.498478
300 25.539663 25.929840 26.125947 0.490563 0.493950 0.498478
310 25.539663 25.899187 26.075169 0.490933 0.494437 0.498478
320 25.531723 25.868252 26.030426 0.491676 0.494848 0.499012
330 25.531723 25.831340 26.005278 0.491676 0.495276 0.499012
340 25.531723 25.799740 25.976403 0.492321 0.495701 0.499012
350 25.531723 25.771818 25.939263 0.492321 0.496015 0.499012
360 25.531723 25.746228 25.886868 0.492873 0.496296 0.499012
370 25.411897 25.713585 25.864455 0.493899 0.496782 0.500766
380 25.396812 25.680144 25.845367 0.494095 0.497138 0.500784
390 25.306793 25.650933 25.830292 0.494095 0.497411 0.500936
400 25.306793 25.620643 25.804271 0.494095 0.497838 0.500936
410 25.306793 25.592325 25.791872 0.494095 0.498202 0.500936
420 25.306793 25.567530 25.737284 0.494953 0.498483 0.500936
430 25.306793 25.542547 25.704381 0.494953 0.498706 0.500936
440 25.306793 25.520942 25.640674 0.497144 0.498965 0.501430
450 25.306793 25.503772 25.612929 0.497144 0.499179 0.501430
460 25.306793 25.481180 25.605746 0.497436 0.499389 0.501430
470 25.306793 25.462485 25.539663 0.498376 0.499610 0.501430
480 25.306793 25.447899 25.539663 0.498376 0.499823 0.501558
490 25.306793 25.427315 25.531723 0.498376 0.500062 0.501558
500 25.306793 25.406789 25.531723 0.498376 0.500272 0.501558
510 25.293137 25.386501 25.519573 0.498800 0.500456 0.501558
520 25.248797 25.368587 25.465229 0.499142 0.500636 0.502347
530 25.248797 25.353094 25.453706 0.499717 0.500836 0.502347
540 25.248797 25.338821 25.451717 0.499717 0.500943 0.502347
550 25.248797 25.327376 25.399747 0.500078 0.501003 0.502347
560 25.248797 25.318245 25.396812 0.500078 0.501060 0.502347
570 25.248797 25.310219 25.337463 0.500766 0.501114 0.502347
580 25.248797 25.304832 25.337463 0.500766 0.501121 0.502347
590 25.240570 25.299822 25.337463 0.500766 0.501109 0.502347
600 25.240570 25.296118 25.306793 0.500766 0.501170 0.502347
610 25.240570 25.293054 25.306793 0.500766 0.501233 0.502347
620 25.185361 25.289910 25.306793 0.500766 0.501302 0.503512
630 25.185361 25.286860 25.306793 0.500766 0.501370 0.503512
640 25.185361 25.281973 25.306793 0.500766 0.501471 0.503512
650 25.185361 25.276099 25.306793 0.500766 0.501578 0.503512
660 25.185361 25.270551 25.306793 0.500766 0.501690 0.503512
670 25.185361 25.263974 25.306793 0.500766 0.501809 0.503512
680 25.176278 25.256874 25.306793 0.500766 0.501932 0.503512
690 25.165260 25.247842 25.306793 0.500766 0.502092 0.503512
700 25.092742 25.238794 25.294643 0.500766 0.502239 0.503800
710 25.092742 25.234766 25.248797 0.501871 0.502294 0.503800
720 25.092742 25.230608 25.248797 0.501871 0.502316 0.503800
730 25.092742 25.225103 25.248797 0.501871 0.502368 0.503800
740 25.092742 25.220553 25.248797 0.501871 0.502399 0.503800
750 25.092742 25.215012 25.240570 0.501871 0.502521 0.503800
760 25.092742 25.211890 25.240570 0.501871 0.502595 0.503800
770 25.092742 25.207352 25.240570 0.501871 0.502717 0.503800
780 25.092742 25.200047 25.240570 0.501871 0.502857 0.504264
790 25.092742 25.192890 25.240570 0.501871 0.503000 0.504381
800 25.092742 25.184147 25.240570 0.501871 0.503155 0.504381
810 25.092742 25.175197 25.236647 0.501871 0.503288 0.504381
820 25.092742 25.167085 25.228421 0.501871 0.503405 0.504381
830 25.092742 25.162586 25.185361 0.502945 0.503408 0.504381
840 25.092742 25.158115 25.185361 0.502945 0.503384 0.504381
850 25.092742 25.151469 25.185361 0.502945 0.503384 0.504381
860 25.092742 25.142811 25.185361 0.502945 0.503404 0.504381
870 25.092742 25.134274 25.185361 0.502945 0.503425 0.504381
880 25.092742 25.126063 25.173211 0.502945 0.503479 0.504381
890 25.092742 25.118614 25.165260 0.502945 0.503541 0.504381
900 25.092742 25.111362 25.165260 0.502945 0.503616 0.504381
910 25.092742 25.105040 25.153111 0.502945 0.503702 0.504381
920 25.092742 25.099003 25.153111 0.502945 0.503787 0.504381
930 25.092742 25.094149 25.112842 0.503800 0.503832 0.504264
940 25.092742 25.092742 25.092742 0.503800 0.503800 0.503800
950 25.092742 25.092742 25.092742 0.503800 0.503800 0.503800
960 25.092742 25.092742 25.092742 0.503800 0.503800 0.503800
970 25.092742 25.092742 25.092742 0.503800 0.503800 0.503800
980 25.092742 25.092742 25.092742 0.503800 0.503800 0.503800
990 25.092742 25.092742 25.092742 0.503800 0.503800 0.503800
1000 25.092742 25.092742 25.092742 0.503800 0.503800 0.503800
1010 25.092742 25.092742 25.092742 0.503800 0.503800 0.503800
1020 25.092742 25.092742 25.092742 0.503800 0.503800 0.503800
1030 25.092742 25.092742 25.092742 0.503800 0.503800 0.503800
1040 25.092742 25.092742 25.092742 0.503800 0.503800 0.503800
1050 25.092742 25.092742 25.092742 0.503800 0.503800 0.503800
1060 25.092742 25.092742 25.092742 0.503800 0.503800 0.503800
1070 25.092742 25.092742 25.092742 0.503800 0.503800 0.503800
1080 25.092742 25.092742 25.092742 0.503800 0.503800 0.503800
1090 25.092742 25.092742 25.092742 0.503800 0.503800 0.503800
1100 25.092742 25.092742 25.092742 0.503800 0.503800 0.503800
1110 25.092742 25.092742 25.092742 0.503800 0.503800 0.503800
1120 25.092742 25.092742 25.092742 0.503800 0.503800 0.503800
1130 25.092742 25.092742 25.092742 0.503800 0.503800 0.503800
1140 25.092742 25.092742 25.092742 0.503800 0.503800 0.503800
1150 25.092742 25.092742 25.092742 0.503800 0.503800 0.503800
1160 25.092742 25.092742 25.092742 0.503800 0.503800 0.503800
1170 25.092742 25.092742 25.092742 0.503800 0.503800 0.503800
1180 25.092742 25.092742 25.092742 0.503800 0.503800 0.503800
1190 25.092742 25.092742 25.092742 0.503800 0.503800 0.503800
1200 25.092742 25.092742 25.092742 0.503800 0.503800 0.503800
1210 25.092742 25.092742 25.092742 0.503800 0.503800 0.503800
1220 25.092742 25.092742 25.092742 0.503800 0.503800 0.503800
1230 25.092742 25.092742 25.092742 0.503800 0.503800 0.503800
1240 25.092742 25.092742 25.092742 0.503800 0.503800 0.503800
1250 25.092742 25.092742 25.092742 0.503800 0.503800 0.503800
1260 25.092742 25.092742 25.092742 0.503800 0.503800 0.503800
1270 25.092742 25.092742 25.092742 0.503800 0.503800 0.503800
1280 25.092742 25.092742 25.092742 0.503800 0.503800 0.503800
1290 25.092742 25.092742 25.092742 0.503800 0.503800 0.503800
1300 25.092742 25.092742 25.092742 0.503800 0.503800 0.503800
1310 25.092742 25.092742 25.092742 0.503800 0.503800 0.503800
1320 25.092742 25.092742 25.092742 0.503800 0.503800 0.503800
1330 25.092742 25.092742 25.092742 0.503800 0.503800 0.503800
1340 25.092742 25.092742 25.092742 0.503800 0.503800 0.503800
1350 25.092742 25.092742 25.092742 0.503800 0.503800 0.503800
1360 25.092742 25.092742 25.092742 0.503800 0.503800 0.503800
1370 25.092742 25.092742 25.092742 0.503800 0.503800 0.503800
1380 25.092742 25.092742 25.092742 0.503800 0.503800 0.503800
1390 25.092742 25.092742 25.092742 0.503800 0.503800 0.503800
1400 25.092742 25.092742 25.092742 0.503800 0.503800 0.503800
1410 25.092742 25.092742 25.092742 0.503800 0.503800 0.503800
1420 25.092742 25.092742 25.092742 0.503800 0.503800 0.503800
1430 25.092742 25.092742 25.092742 0.503800 0.503800 0.503800
1440 25.092742 25.092742 25.092742 0.503800 0.503800 0.503800
1450 25.092742 25.092742 25.092742 0.503800 0.503800 0.503800
1460 25.092742 25.092742 25.092742 0.503800 0.503800 0.503800
1470 25.092742 25.092742 25.092742 0.503800 0.503800 0.503800
1480 25.092742 25.092742 25.092742 0.503800 0.503800 0.503800
1490 25.092742 25.092742 25.092742 0.503800 0.503800 0.503800
1500 25.092742 25.092742 25.092742 0.503800 0.503800 0.503800
1510 25.092742 25.092742 25.092742 0.503800 0.503800 0.503800
1520 25.092742 25.092742 25.092742 0.503800 0.503800 0.503800
1530 25.092742 25.092742 25.092742 0.503800 0.503800 0.503800
1540 25.092742 25.092742 25.092742 0.503800 0.503800 0.503800
1550 25.092742 25.092742 25.092742 0.503800 0.503800 0.503800
1560 25.092742 25.092742 25.092742 0.503800 0.503800 0.503800
1570 25.092742 25.092742 25.092742 0.503800 0.503800 0.503800
1580 25.092742 25.092742 25.092742 0.503800 0.503800 0.503800
1590 25.092742 25.092742 25.092742 0.503800 0.503800 0.503800
1600 25.092742 25.092742 25.092742 0.503800 0.503800 0.503800
1610 25.092742 25.092742 25.092742 0.503800 0.503800 0.503800
1620 25.092742 25.092742 25.092742 0.503800 0.503800 0.503800
1630 25.092742 25.092742 25.092742 0.503800 0.503800 0.503800
1640 25.092742 25.092742 25.092742 0.503800 0.503800 0.503800
1650 25.092742 25.092742 25.092742 0.503800 0.503800 0.503800
1660 25.092742 25.092742 25.092742 0.503800 0.503800 0.503800
1670 25.092742 25.092742 25.092742 0.503800 0.503800 0.503800
1680 25.092742 25.092742 25.092742 0.503800 0.503800 0.503800
1690 25.092742 25.092742 25.092742 0.503800 0.503800 0.503800
1700 25.092742 25.092742 25.092742 0.503800 0.503800 0.503800
1710 25.092742 25.092742 25.092742 0.503800 0.503800 0.503800
1720 25.092742 25.092742 25.092742 0.503800 0.503800 0.503800
1730 25.092742 25.092742 25.092742 0.503800 0.503800 0.503800
1740 25.092742 25.092742 25.092742 0.503800 0.503800 0.503800
1750 25.092742 25.092742 25.092742 0.503800 0.503800 0.503800
1760 25.092742 25.092742 25.092742 0.503800 0.503800 0.503800
1770 25.092742 25.092742 25.092742 0.503800 0.503800 0.503800
1780 25.092742 25.092742 25.092742 0.503800 0.503800 0.503800
1790 25.092742 25.092742 25.092742 0.503800 0.503800 0.503800
1800 25.092742 25.092742 25.092742 0.503800 0.503800 0.503800
1810 25.092742 25.092742 25.092742 0.503800 0.503800 0.503800
1820 25.092742 25.092742 25.092742 0.503800 0.503800 0.503800
1830 25.092742 25.092742 25.092742 0.503800 0.503800 0.503800
1840 25.092742 25.092742 25.092742 0.503800 0.503800 0.503800
1850 25.092742 25.092742 25.092742 0.503800 0.503800 0.503800
1860 25.092742 25.092742 25.092742 0.503800 0.503800 0.503800
1870 25.092742 25.092742 25.092742 0.503800 0.503800 0.503800
1880 25.092742 25.092742 25.092742 0.503800 0.503800 0.503800
1890 25.092742 25.092742 25.092742 0.503800 0.503800 0.503800
1900 25.092742 25.092742 25.092742 0.503800 0.503800 0.503800
1910 25.092742 25.092742 25.092742 0.503800 0.503800 0.503800
1920 25.092742 25.092742 25.092742 0.503800 0.503800 0.503800
1930 25.092742 25.092742 25.092742 0.503800 0.503800 0.503800
1940 25.092742 25.092742 25.092742 0.503800 0.503800 0.503800
1950 25.092742 25.092742 25.092742 0.503800 0.503800 0.503800
1960 25.092742 25.092742 25.092742 0.503800 0.503800 0.503800
1970 25.092742 25.092742 25.092742 0.503800 0.503800 0.503800
1980 25.092742 25.092742 25.092742 0.503800 0.503800 0.503800
1990 25.092742 25.092742 25.092742 0.503800 0.503800 0.503800
2000 25.092742 25.092742 25.092742 0.503800 0.503800 0.503800
2010 25.092742 25.092742 25.092742 0.503800 0.503800 0.503800
2020 25.092742 25.092742 25.092742 0.503800 0.503800 0.503800
2030 25.092742 25.092742 25.092742 0.503800 0.503800 0.503800
2040 25.092742 25.092742 25.092742 0.503800 0.503800 0.503800
2050 25.092742 25.092742 25.092742 0.503800 0.503800 0.503800
2060 25.092742 25.092742 25.092742 0.503800 0.503800 0.503800
2070 25.092742 25.092742 25.092742 0.503800 0.503800 0.503800
2080 25.092742 25.092742 25.092742 0.503800 0.503800 0.503800
2090 25.092742 25.092742 25.092742 0.503800 0.503800 0.503800
2100 25.092742 25.092742 25.092742 0.503800 0.503800 0.503800
2110 25.092742 25.092742 25.092742 0.503800 0.503800 0.503800
2120 25.092742 25.092742 25.092742 0.503800 0.503800 0.503800
2130 25.092742 25.092742 25.092742 0.503800 0.503800 0.503800
2140 25.092742 25.092742 25.092742 0.503800 0.503800 0.503800
2150 25.092742 25.092742 25.092742 0.503800 0.503800 0.503800
2160 25.092742 25.092742 25.092742 0.503800 0.503800 0.503800
2170 25.092742 25.092742 25.092742 0.503800 0.503800 0.503800
2180 25.092742 25.092742 25.092742 0.503800 0.503800 0.503800
2190 25.092742 25.092742 25.092742 0.503800 0.503800 0.503800
2200 25.092742 25.092742 25.092742 0.503800 0.503800 0.503800
2210 25.092742 25.092742 25.092742 0.503800 0.503800 0.503800
2220 25.092742 25.092742 25.092742 0.503800 0.503800 0.503800
2230 25.092742 25.092742 25.092742 0.503800 0.503800 0.503800
2240 25.092742 25.092742 25.092742 0.503800 0.503800 0.503800
2250 25.092742 25.092742 25.092742 0.503800 0.503800 0.503800
2260 25.092742 25.092742 25.092742 0.503800 0.503800 0.503800
2270 25.092742 25.092742 25.092742 0.503800 0.503800 0.503800
2280 25.092742 25.092742 25.092742 0.503800 0.503800 0.503800
2290 25.092742 25.092742 25.092742 0.503800 0.503800 0.503800
2300 25.092742 25.092742 25.092742 0.503800 0.503800 0.503800
2310 25.092742 25.092742 25.092742 0.503800 0.503800 0.503800
2320 25.092742 25.092742 25.092742 0.503800 0.503800 0.503800
2330 25.092742 25.092742 25.092742 0.503800 0.503800 0.503800
2340 25.092742 25.092742 25.092742 0.503800 0.503800 0.503800
2350 25.092742 25.092742 25.092742 0.503800 0.503800 0.503800
2360 25.092742 25.092742 25.092742 0.503800 0.503800 0.503800
2370 25.092742 25.092742 25.092742 0.503800 0.503800 0.503800
2380 25.092742 25.092742 25.092742 0.503800 0.503800 0.503800
2390 25.092742 25.092742 25.092742 0.503800 0.503800 0.503800
2400 25.092742 25.092742 25.092742 0.503800 0.503800 0.503800
2410 25.092742 25.092742 25.092742 0.503800 0.503800 0.503800
2420 25.092742 25.092742 25.092742 0.503800 0.503800 0.503800
2430 25.092742 25.092742 25.092742 0.503800 0.503800 0.503800
2440 25.092742 25.092742 25.092742 0.503800 0.503800 0.503800
2450 25.092742 25.092742 25.092742 0.503800 0.503800 0.503800
2460 25.092742 25.092742 25.092742 0.503800 0.503800 0.503800
2470 25.092742 25.092742 25.092742 0.503800 0.503800 0.503800
2480 25.092742 25.092742 25.092742 0.503800 0.503800 0.503800
2490 25.092742 25.092742 25.092742 0.503800 0.503800 0.503800
2500 25.092742 25.092742 25.092742 0.503800 0.503800 0.503800
2510 25.092742 25.092742 25.092742 0.503800 0.503800 0.503800
2520 25.092742 25.092742 25.092742 0.503800 0.503800 0.503800
2530 25.092742 25.092742 25.092742 0.503800 0.503800 0.503800
2540 25.092742 25.092742 25.092742 0.503800 0.503800 0.503800
2550 25.092742 25.092742 25.092742 0.503800 0.503800 0.503800
2560 25.092742 25.092742 25.092742 0.503800 0.503800 0.503800
2570 25.092742 25.092742 25.092742 0.503800 0.503800 0.503800
2580 25.092742 25.092742 25.092742 0.503800 0.503800 0.503800
2590 25.092742 25.092742 25.092742 0.503800 0.503800 0.503800
2600 25.092742 25.092742 25.092742 0.503800 0.503800 0.503800
2610 25.092742 25.092742 25.092742 0.503800 0.503800 0.503800
2620 25.092742 25.092742 25.092742 0.503800 0.503800 0.503800
2630 25.092742 25.092742 25.092742 0.503800 0.503800 0.503800
2640 25.092742 25.092742 25.092742 0.503800 0.503800 0.503800
2650 25.092742 25.092742 25.092742 0.503800 0.503800 0.503800
2660 25.092742 25.092742 25.092742 0.503800 0.503800 0.503800
2670 25.092742 25.092742 25.092742 0.503800 0.503800 0.503800
2680 25.092742 25.092742 25.092742 0.503800 0.503800 0.503800
2690 25.092742 25.092742 25.092742 0.503800 0.503800 0.503800
2700 25.092742 25.092742 25.092742 0.503800 0.503800 0.503800
2710 25.092742 25.092742 25.092742 0.503800 0.503800 0.503800
2720 25.092742 25.092742 25.092742 0.503800 0.503800 0.503800
2730 25.092742 25.092742 25.092742 0.503800 0.503800 0.503800
2740 25.092742 25.092742 25.092742 0.503800 0.503800 0.503800
2750 25.092742 25.092742 25.092742 0.503800 0.503800 0.503800
2760 25.092742 25.092742 25.092742 0.503800 0.503800 0.503800
2770 25.092742 25.092742 25.092742 0.503800 0.503800 0.503800
2780 25.092742 25.092742 25.092742 0.503800 0.503800 0.503800
2790 25.092742 25.092742 25.092742 0.503800 0.503800 0.503800
2800 25.092742 25.092742 25.092742 0.503800 0.503800 0.503800
2810 25.092742 25.092742 25.092742 0.503800 0.503800 0.503800
2820 25.092742 25.092742 25.092742 0.503800 0.503800 0.503800
2830 25.092742 25.092742 25.092742 0.503800 0.503800 0.503800
2840 25.092742 25.092742 25.092742 0.503800 0.503800 0.503800
2850 25.092742 25.092742 25.092742 0.503800 0.503800 0.503800
2860 25.092742 25.092742 25.092742 0.503800 0.503800 0.503800
2870 25.092742 25.092742 25.092742 0.503800 0.503800 0.503800
2880 25.092742 25.092742 25.092742 0.503800 0.503800 0.503800
2890 25.092742 25.092742 25.092742 0.503800 0.503800 0.503800
2900 25.092742 25.092742 25.092742 0.503800 0.503800 0.503800
2910 25.092742 25.092742 25.092742 0.503800 0.503800 0.503800
2920 25.092742 25.092742 25.092742 0.503800 0.503800 0.503800
2930 25.092742 25.092742 25.092742 0.503800 0.503800 0.503800
2940 25.092742 25.092742 25.092742 0.503800 0.503800 0.503800
2950 25.092742 25.092742 25.092742 0.503800 0.503800 0.503800
2960 25.092742 25.092742 25.092742 0.503800 0.503800 0.503800
2970 25.092742 25.092742 25.092742 0.503800 0.503800 0.503800
2980 25.092742 25.092742 25.092742 0.503800 0.503800 0.503800
2990 25.092742 25.092742 25.092742 0.503800 0.503800 0.503800
3000 25.092742 25.092742 25.092742 0.503800 0.503800 0.503800
3010 25.092742 25.092742 25.092742 0.503800 0.503800 0.503800
3020 25.092742 25.092742 25.092742 0.503800 0.503800 0.503800
3030 25.092742 25.092742 25.092742 0.503800 0.503800 0.503800
3040 25.092742 25.092742 25.092742 0.503800 0.503800 0.503800
3050 25.092742 25.092742 25.092742 0.503800 0.503800 0.503800
3060 25.092742 25.092742 25.092742 0.503800 0.503800 0.503800
3070 25.092742 25.092742 25.092742 0.503800 0.503800 0.503800
3080 25.092742 25.092742 25.092742 0.503800 0.503800 0.503800
3090 25.092742 25.092742 25.092742 0.503800 0.503800 0.503800
3100 25.092742 25.092742 25.092742 0.503800 0.503800 0.503800
3110 25.092742 25.092742 25.092742 0.503800 0.503800 0.503800
3120 25.092742 25.092742 25.092742 0.503800 0.503800 0.503800
3130 25.092742 25.092742 25.092742 0.503800 0.503800 0.503800
3140 25.092742 25.092742 25.092742 0.503800 0.503800 0.503800
3150 25.092742 25.092742 25.092742 0.503800 0.503800 0.503800
3160 25.092742 25.092742 25.092742 0.503800 0.503800 0.503800
3170 25.092742 25.092742 25.092742 0.503800 0.503800 0.503800
3180 25.092742 25.092742 25.092742 0.503800 0.503800 0.503800
3190 25.092742 25.092742 25.092742 0.503800 0.503800 0.503800
3200 25.092742 25.092742 25.092742 0.503800 0.503800 0.503800
3210 25.092742 25.092742 25.092742 0.503800 0.503800 0.503800
3220 25.092742 25.092742 25.092742 0.503800 0.503800 0.503800
3230 25.092742 25.092742 25.092742 0.503800 0.503800 0.503800
3240 25.092742 25.092742 25.092742 0.503800 0.503800 0.503800
3250 25.092742 25.092742 25.092742 0.503800 0.503800 0.503800
3260 25.092742 25.092742 25.092742 0.503800 0.503800 0.503800
3270 25.092742 25.092742 25.092742 0.503800 0.503800 0.503800
3280 25.092742 25.092742 25.092742 0.503800 0.503800 0.503800
3290 25.092742 25.092742 25.092742 0.503800 0.503800 0.503800
3300 25.092742 25.092742 25.092742 0.503800 0.503800 0.503800
3310 25.092742 25.092742 25.092742 0.503800 0.503800 0.503800
3320 25.092742 25.092742 25.092742 0.503800 0.503800 0.503800
3330 25.092742 25.092742 25.092742 0.503800 0.503800 0.503800
3340 25.092742 25.092742 25.092742 0.503800 0.503800 0.503800
3350 25.092742 25.092742 25.092742 0.503800 0.503800 0.503800
3360 25.092742 25.092742 25.092742 0.503800 0.503800 0.503800
3370 25.092742 25.092742 25.092742 0.503800 0.503800 0.503800
3380 25.092742 25.092742 25.092742 0.503800 0.503800 0.503800
3390 25.092742 25.092742 25.092742 0.503800 0.503800 0.503800
3400 25.092742 25.092742 25.092742 0.503800 0.503800 0.503800
3410 25.092742 25.092742 25.092742 0.503800 0.503800 0.503800
3420 25.092742 25.092742 25.092742 0.503800 0.503800 0.503800
3430 25.092742 25.092742 25.092742 0.503800 0.503800 0.503800
3440 25.092742 25.092742 25.092742 0.503800 0.503800 0.503800
3450 25.092742 25.092742 25.092742 0.503800 0.503800 0.503800
3460 25.092742 25.092742 25.092742 0.503800 0.503800 0.503800
3470 25.092742 25.092742 25.092742 0.503800 0.503800 0.503800
3480 25.092742 25.092742 25.092742 0.503800 0.503800 0.503800
3490 25.092742 25.092742 25.092742 0.503800 0.503800 0.503800
3500 25.092742 25.092742 25.092742 0.503800 0.503800 0.503800
3510 25.092742 25.092742 25.092742 0.503800 0.503800 0.503800
3520 25.092742 25.092742 25.092742 0.503800 0.503800 0.503800
3530 25.092742 25.092742 25.092742 0.503800 0.503800 0.503800
3540 25.092742 25.092742 25.092742 0.503800 0.503800 0.503800
3550 25.092742 25.092742 25.092742 0.503800 0.503800 0.503800
3560 25.092742 25.092742 25.092742 0.503800 0.503800 0.503800
3570 25.092742 25.092742 25.092742 0.503800 0.503800 0.503800
3580 25.092742 25.092742 25.092742 0.503800 0.503800 0.503800
3590 25.092742 25.092742 25.092742 0.503800 0.503800 0.503800
3600 25.092742 25.092742 25.092742 0.503800 0.503800 0.503800
3610 25.092742 25.092742 25.092742 0.503800 0.503800 0.503800
3620 25.092742 25.092742 25.092742 0.503800 0.503800 0.503800
3630 25.092742 25.092742 25.092742 0.503800 0.503800 0.503800
3640 25.092742 25.092742 25.092742 0.503800 0.503800 0.503800
3650 25.092742 25.092742 25.092742 0.503800 0.503800 0.503800
3660 25.092742 25.092742 25.092742 0.503800 0.503800 0.503800
3670 25.092742 25.092742 25.092742 0.503800 0.503800 0.503800
3680 25.092742 25.092742 25.092742 0.503800 0.503800 0.503800
3690 25.092742 25.092742 25.092742 0.503800 0.503800 0.503800
3700 25.092742 25.092742 25.092742 0.503800 0.503800 0.503800
3710 25.092742 25.092742 25.092742 0.503800 0.503800 0.503800
3720 25.092742 25.092742 25.092742 0.503800 0.503800 0.503800
3730 25.092742 25.092742 25.092742 0.503800 0.503800 0.503800
3740 25.092742 25.092742 25.092742 0.503800 0.503800 0.503800
3750 25.092742 25.092742 25.092742 0.503800 0.503800 0.503800
3760 25.092742 25.092742 25.092742 0.503800 0.503800 0.503800
3770 25.092742 25.092742 25.092742 0.503800 0.503800 0.503800
3780 25.092742 25.092742 25.092742 0.503800 0.503800 0.503800
3790 25.092742 25.092742 25.092742 0.503800 0.503800 0.503800
3800 25.092742 25.092742 25.092742 0.503800 0.503800 0.503800
3810 25.092742 25.092742 25.092742 0.503800 0.503800 0.503800
3820 25.092742 25.092742 25.092742 0.503800 0.503800 0.503800
3830 25.092742 25.092742 25.092742 0.503800 0.503800 0.503800
3840 25.092742 25.092742 25.092742 0.503800 0.503800 0.503800
3850 25.092742 25.092742 25.092742 0.503800 0.503800 0.503800
3860 25.092742 25.092742 25.092742 0.503800 0.503800 0.503800
3870 25.092742 25.092742 25.092742 0.503800 0.503800 0.503800
3880 25.092742 25.092742 25.092742 0.503800 0.503800 0.503800
3890 25.092742 25.092742 25.092742 0.503800 0.503800 0.503800
3900 25.092742 25.092742 25.092742 0.503800 0.503800 0.503800
3910 25.092742 25.092742 25.092742 0.503800 0.503800 0.503800
3920 25.092742 25.092742 25.092742 0.503800 0.503800 0.503800
3930 25.092742 25.092742 25.092742 0.503800 0.503800 0.503800
3940 25.092742 25.092742 25.092742 0.503800 0.503800 0.503800
3950 25.092742 25.092742 25.092742 0.503800 0.503800 0.503800
3960 25.092742 25.092742 25.092742 0.503800 0.503800 0.503800
3970 25.092742 25.092742 25.092742 0.503800 0.503800 0.503800
3980 25.092742 25.092742 25.092742 0.503800 0.503800 0.503800
3990 25.092742 25.092742 25.092742 0.503800 0.503800 0.503800
4000 25.092742 25.092742 25.092742 0.503800 0.503800 0.503800
4010 25.092742 25.092742 25.092742 0.503800 0.503800 0.503800
4020 25.092742 25.092742 25.092742 0.503800 0.503800 0.503800
4030 25.092742 25.092742 25.092742 0.503800 0.503800 0.503800
4040 25.092742 25.092742 25.092742 0.503800 0.503800 0.503800
4050 25.092742 25.092742 25.092742 0.503800 0.503800 0.503800
4060 25.092742 25.092742 25.092742 0.503800 0.503800 0.503800
4070 25.092742 25.092742 25.092742 0.503800 0.503800 0.503800
4080 25.092742 25.092742 25.092742 0.503800 0.503800 0.503800
4090 25.092742 25.092742 25.092742 0.503800 0.503800 0.503800
4100 25.092742 25.092742 25.092742 0.503800 0.503800 0.503800
4110 25.092742 25.092742 25.092742 0.503800 0.503800 0.503800
4120 25.092742 25.092742 25.092742 0.503800 0.503800 0.503800
4130 25.092742 25.092742 25.092742 0.503800 0.503800 0.503800
4140 25.092742 25.092742 25.092742 0.503800 0.503800 0.503800
4150 25.092742 25.092742 25.092742 0.503800 0.503800 0.503800
4160 25.092742 25.092742 25.092742 0.503800 0.503800 0.503800
4170 25.092742 25.092742 25.092742 0.503800 0.503800 0.503800
4180 25.092742 25.092742 25.092742 0.503800 0.503800 0.503800
4190 25.092742 25.092742 25.092742 0.503800 0.503800 0.503800
4200 25.092742 25.092742 25.092742 0.503800 0.503800 0.503800
4210 25.092742 25.092742 25.092742 0.503800 0.503800 0.503800
4220 25.092742 25.092742 25.092742 0.503800 0.503800 0.503800
4230 25.092742 25.092742 25.092742 0.503800 0.503800 0.503800
4240 25.092742 25.092742 25.092742 0.503800 0.503800 0.503800
4250 25.092742 25.092742 25.092742 0.503800 0.503800 0.503800
4260 25.092742 25.092742 25.092742 0.503800 0.503800 0.503800
4270 25.092742 25.092742 25.092742 0.503800 0.503800 0.503800
4280 25.092742 25.092742 25.092742 0.503800 0.503800 0.503800
4290 25.092742 25.092742 25.092742 0.503800 0.503800 0.503800
4300 25.092742 25.092742 25.092742 0.503800 0.503800 0.503800
4310 25.092742 25.092742 25.092742 0.503800 0.503800 0.503800
4320 25.092742 25.092742 25.092742 0.503800 0.503800 0.503800
4330 25.092742 25.092742 25.092742 0.503800 0.503800 0.503800
4340 25.092742 25.092742 25.092742 0.503800 0.503800 0.503800
4350 25.092742 25.092742 25.092742 0.503800 0.503800 0.503800
4360 25.092742 25.092742 25.092742 0.503800 0.503800 0.503800
4370 25.092742 25.092742 25.092742 0.503800 0.503800 0.503800
4380 25.092742 25.092742 25.092742 0.503800 0.503800 0.503800
4390 25.092742 25.092742 25.092742 0.503800 0.503800 0.503800
4400 25.092742 25.092742 25.092742 0.503800 0.503800 0.503800
4410 25.092742 25.092742 25.092742 0.503800 0.503800 0.503800
4420 25.092742 25.092742 25.092742 0.503800 0.503800 0.503800
4430 25.092742 25.092742 25.092742 0.503800 0.503800 0.503800
4440 25.092742 25.092742 25.092742 0.503800 0.503800 0.503800
4450 25.092742 25.092742 25.092742 0.503800 0.503800 0.503800
4460 25.092742 25.092742 25.092742 0.503800 0.503800 0.503800
4470 25.092742 25.092742 25.092742 0.503800 0.503800 0.503800
4480 25.092742 25.092742 25.092742 0.503800 0.503800 0.503800
4490 25.092742 25.092742 25.092742 0.503800 0.503800 0.503800
4500 25.092742 25.092742 25.092742 0.503800 0.503800 0.503800
4510 25.092742 25.092742 25.092742 0.503800 0.503800 0.503800
4520 25.092742 25.092742 25.092742 0.503800 0.503800 0.503800
4530 25.092742 25.092742 25.092742 0.503800 0.503800 0.503800
4540 25.092742 25.092742 25.092742 0.503800 0.503800 0.503800
4550 25.092742 25.092742 25.092742 0.503800 0.503800 0.503800
4560 25.092742 25.092742 25.092742 0.503800 0.503800 0.503800
4570 25.092742 25.092742 25.092742 0.503800 0.503800 0.503800
4580 25.092742 25.092742 25.092742 0.503800 0.503800 0.503800
4590 25.092742 25.092742 25.092742 0.503800 0.503800 0.503800
4600 25.092742 25.092742 25.092742 0.503800 0.503800 0.503800
4610 25.092742 25.092742 25.092742 0.503800 0.503800 0.503800
4620 25.092742 25.092742 25.092742 0.503800 0.503800 0.503800
4630 25.092742 25.092742 25.092742 0.503800 0.503800 0.503800
4640 25.092742 25.092742 25.092742 0.503800 0.503800 0.503800
4650 25.092742 25.092742 25.092742 0.503800 0.503800 0.503800
4660 25.092742 25.092742 25.092742 0.503800 0.503800 0.503800
4670 25.092742 25.092742 25.092742 0.503800 0.503800 0.503800
4680 25.092742 25.092742 25.092742 0.503800 0.503800 0.503800
4690 25.092742 25.092742 25.092742 0.503800 0.503800 0.503800
4700 25.092742 25.092742 25.092742 0.503800 0.503800 0.503800
4710 25.092742 25.092742 25.092742 0.503800 0.503800 0.503800
4720 25.092742 25.092742 25.092742 0.503800 0.503800 0.503800
4730 25.092742 25.092742 25.092742 0.503800 0.503800 0.503800
4740 25.092742 25.092742 25.092742 0.503800 0.503800 0.503800
4750 25.092742 25.092742 25.092742 0.503800 0.503800 0.503800
4760 25.092742 25.092742 25.092742 0.503800 0.503800 0.503800
4770 25.092742 25.092742 25.092742 0.503800 0.503800 0.503800
4780 25.092742 25.092742 25.092742 0.503800 0.503800 0.503800
4790 25.092742 25.092742 25.092742 0.503800 0.503800 0.503800
4800 25.092742 25.092742 25.092742 0.503800 0.503800 0.503800
4810 25.092742 25.092742 25.092742 0.503800 0.503800 0.503800
4820 25.092742 25.092742 25.092742 0.503800 0.503800 0.503800
4830 25.092742 25.092742 25.092742 0.503800 0.503800 0.503800
4840 25.092742 25.092742 25.092742 0.503800 0.503800 0.503800
4850 25.092742 25.092742 25.092742 0.503800 0.503800 0.503800
4860 25.092742 25.092742 25.092742 0.503800 0.503800 0.503800
4870 25.092742 25.092742 25.092742 0.503800 0.503800 0.503800
4880 25.092742 25.092742 25.092742 0.503800 0.503800 0.503800
4890 25.092742 25.092742 25.092742 0.503800 0.503800 0.503800
4900 25.092742 25.092742 25.092742 0.503800 0.503800 0.503800
4910 25.092742 25.092742 25.092742 0.503800 0.503800 0.503800
4920 25.092742 25.092742 25.092742 0.503800 0.503800 0.503800
4930 25.092742 25.092742 25.092742 0.503800 0.503800 0.503800
4940 25.092742 25.092742 25.092742 0.503800 0.503800 0.503800
4950 25.092742 25.092742 25.092742 0.503800 0.503800 0.503800
4960 25.092742 25.092742 25.092742 0.503800 0.503800 0.503800
4970 25.092742 25.092742 25.092742 0.503800 0.503800 0.503800
4980 25.092742 25.092742 25.092742 0.503800 0.503800 0.503800
4990 25.092742 25.092742 25.092742 0.503800 0.503800 0.503800
5000 25.092742 25.092742 25.092742 0.503800 0.503800 0.503800
5010 25.092742 25.092742 25.092742 0.503800 0.503800 0.503800
5020 25.092742 25.092742 25.092742 0.503800 0.503800 0.503800
5030 25.092742 25.092742 25.092742 0.503800 0.503800 0.503800
5040 25.092742 25.092742 25.092742 0.503800 0.503800 0.503800
5050 25.092742 25.092742 25.092742 0.503800 0.503800 0.503800
5060 25.092742 25.092742 25.092742 0.503800 0.503800 0.503800
5070 25.092742 25.092742 25.092742 0.503800 0.503800 0.503800
5080 25.092742 25.092742 25.092742 0.503800 0.503800 0.503800
5090 25.092742 25.092742 25.092742 0.503800 0.503800 0.503800
5100 25.092742 25.092742 25.092742 0.503800 0.503800 0.503800
5110 25.092742 25.092742 25.092742 0.503800 0.503800 0.503800
5120 25.092742 25.092742 25.092742 0.503800 0.503800 0.503800
5130 25.092742 25.092742 25.092742 0.503800 0.503800 0.503800
5140 25.092742 25.092742 25.092742 0.503800 0.503800 0.503800
5150 25.092742 25.092742 25.092742 0.503800 0.503800 0.503800
5160 25.092742 25.092742 25.092742 0.503800 0.503800 0.503800
5170 25.092742 25.092742 25.092742 0.503800 0.503800 0.503800
5180 25.092742 25.092742 25.092742 0.503800 0.503800 0.503800
5190 25.092742 25.092742 25.092742 0.503800 0.503800 0.503800
5200 25.092742 25.092742 25.092742 0.503800 0.503800 0.503800
5210 25.092742 25.092742 25.092742 0.503800 0.503800 0.503800
5220 25.092742 25.092742 25.092742 0.503800 0.503800 0.503800
5230 25.092742 25.092742 25.092742 0.503800 0.503800 0.503800
5240 25.092742 25.092742 25.092742 0.503800 0.503800 0.503800
5250 25.092742 25.092742 25.092742 0.503800 0.503800 0.503800
5260 25.092742 25.092742 25.092742 0.503800 0.503800 0.503800
5270 25.092742 25.092742 25.092742 0.503800 0.503800 0.503800
5280 25.092742 25.092742 25.092742 0.503800 0.503800 0.503800
5290 25.092742 25.092742 25.092742 0.503800 0.503800 0.503800
5300 25.092742 25.092742 25.092742 0.503800 0.503800 0.503800
5310 25.092742 25.092742 25.092742 0.503800 0.503800 0.503800
5320 25.092742 25.092742 25.092742 0.503800 0.503800 0.503800
5330 25.092742 25.092742 25.092742 0.503800 0.503800 0.503800
5340 25.092742 25.092742 25.092742 0.503800 0.503800 0.503800
5350 25.092742 25.092742 25.092742 0.503800 0.503800 0.503800
5360 25.092742 25.092742 25.092742 0.503800 0.503800 0.503800
5370 25.092742 25.092742 25.092742 0.503800 0.503800 0.503800
5380 25.092742 25.092742 25.092742 0.503800 0.503800 0.503800
5390 25.092742 25.092742 25.092742 0.503800 0.503800 0.503800
5400 25.092742 25.092742 25.092742 0.503800 0.503800 0.503800
5410 25.092742 25.092742 25.092742 0.503800 0.503800 0.503800
5420 25.092742 25.092742 25.092742 0.503800 0.503800 0.503800
5430 25.092742 25.092742 25.092742 0.503800 0.503800 0.503800
5440 25.092742 25.092742 25.092742 0.503800 0.503800 0.503800
5450 25.092742 25.092742 25.092742 0.503800 0.503800 0.503800
5460 25.092742 25.092742 25.092742 0.503800 0.503800 0.503800
5470 25.092742 25.092742 25.092742 0.503800 0.503800 0.503800
5480 25.092742 25.092742 25.092742 0.503800 0.503800 0.503800
5490 25.092742 25.092742 25.092742 0.503800 0.503800 0.503800
5500 25.092742 25.092742 25.092742 0.503800 0.503800 0.503800
5510 25.092742 25.092742 25.092742 0.503800 0.503800 0.503800
5520 25.092742 25.092742 25.092742 0.503800 0.503800 0.503800
5530 25.092742 25.092742 25.092742 0.503800 0.503800 0.503800
5540 25.092742 25.092742 25.092742 0.503800 0.503800 0.503800
5550 25.092742 25.092742 25.092742 0.503800 0.503800 0.503800
5560 25.092742 25.092742 25.092742 0.503800 0.503800 0.503800
5570 25.092742 25.092742 25.092742 0.503800 0.503800 0.503800
5580 25.092742 25.092742 25.092742 0.503800 0.503800 0.503800
5590 25.092742 25.092742 25.092742 0.503800 0.503800 0.503800
5600 25.092742 25.092742 25.092742 0.503800 0.503800 0.503800
5610 25.092742 25.092742 25.092742 0.503800 0.503800 0.503800
5620 25.092742 25.092742 25.092742 0.503800 0.503800 0.503800
5630 25.092742 25.092742 25.092742 0.503800 0.503800 0.503800
5640 25.092742 25.092742 25.092742 0.503800 0.503800 0.503800
5650 25.092742 25.092742 25.092742 0.503800 0.503800 0.503800
5660 25.092742 25.092742 25.092742 0.503800 0.503800 0.503800
5670 25.092742 25.092742 25.092742 0.503800 0.503800 0.503800
5680 25.092742 25.092742 25.092742 0.503800 0.503800 0.503800
5690 25.092742 25.092742 25.092742 0.503800 0.503800 0.503800
5700 25.092742 25.092742 25.092742 0.503800 0.503800 0.503800
5710 25.092742 25.092742 25.092742 0.503800 0.503800 0.503800
5720 25.092742 25.092742 25.092742 0.503800 0.503800 0.503800
5730 25.092742 25.092742 25.092742 0.503800 0.503800 0.503800
5740 25.092742 25.092742 25.092742 0.503800 0.503800 0.503800
5750 25.092742 25.092742 25.092742 0.503800 0.503800 0.503800
5760 25.092742 25.092742 25.092742 0.503800 0.503800 0.503800
5770 25.092742 25.092742 25.092742 0.503800 0.503800 0.503800
5780 25.092742 25.092742 25.092742 0.503800 0.503800 0.503800
5790 25.092742 25.092742 25.092742 0.503800 0.503800 0.503800
5800 25.092742 25.092742 25.092742 0.503800 0.503800 0.503800
5810 25.092742 25.092742 25.092742 0.503800 0.503800 0.503800
5820 25.092742 25.092742 25.092742 0.503800 0.503800 0.503800
5830 25.092742 25.092742 25.092742 0.503800 0.503800 0.503800
5840 25.092742 25.092742 25.092742 0.503800 0.503800 0.503800
5850 25.092742 25.092742 25.092742 0.503800 0.503800 0.503800
5860 25.092742 25.092742 25.092742 0.503800 0.503800 0.503800
5870 25.092742 25.092742 25.092742 0.503800 0.503800 0.503800
5880 25.092742 25.092742 25.092742 0.503800 0.503800 0.503800
5890 25.092742 25.092742 25.092742 0.503800 0.503800 0.503800
5900 25.092742 25.092742 25.092742 0.503800 0.503800 0.503800
5910 25.092742 25.092742 25.092742 0.503800 0.503800 0.503800
5920 25.092742 25.092742 25.092742 0.503800 0.503800 0.503800
5930 25.092742 25.092742 25.092742 0.503800 0.503800 0.503800
5940 25.092742 25.092742 25.092742 0.503800 0.503800 0.503800
5950 25.092742 25.092742 25.092742 0.503800 0.503800 0.503800
5960 25.092742 25.092742 25.092742 0.503800 0.503800 0.503800
5970 25.092742 25.092742 25.092742 0.503800 0.503800 0.503800
5980 25.092742 25.092742 25.092742 0.503800 0.503800 0.503800
5990 25.092742 25.092742 25.092742 0.503800 0.503800 0.503800
6000 25.092742 25.092742 25.092742 0.503800 0.503800 0.503800
6010 25.092742 25.092742 25.092742 0.503800 0.503800 0.503800
6020 25.092742 25.092742 25.092742 0.503800 0.503800 0.503800
6030 25.092742 25.092742 25.092742 0.503800 0.503800 0.503800
6040 25.092742 25.092742 25.092742 0.503800 0.503800 0.503800
6050 25.092742 25.092742 25.092742 0.503800 0.503800 0.503800
6060 25.092742 25.092742 25.092742 0.503800 0.503800 0.503800
6070 25.092742 25.092742 25.092742 0.503800 0.503800 0.503800
6080 25.092742 25.092742 25.092742 0.503800 0.503800 0.503800
6090 25.092742 25.092742 25.092742 0.503800 0.503800 0.503800
6100 25.092742 25.092742 25.092742 0.503800 0.503800 0.503800
6110 25.092742 25.092742 25.092742 0.503800 0.503800 0.503800
6120 25.092742 25.092742 25.092742 0.503800 0.503800 0.503800
6130 25.092742 25.092742 25.092742 0.503800 0.503800 0.503800
6140 25.092742 25.092742 25.092742 0.503800 0.503800 0.503800
6150 25.092742 25.092742 25.092742 0.503800 0.503800 0.503800
6160 25.092742 25.092742 25.092742 0.503800 0.503800 0.503800
6170 25.092742 25.092742 25.092742 0.503800 0.503800 0.503800
6180 25.092742 25.092742 25.092742 0.503800 0.503800 0.503800
6190 25.092742 25.092742 25.092742 0.503800 0.503800 0.503800
6200 25.092742 25.092742 25.092742 0.503800 0.503800 0.503800
6210 25.092742 25.092742 25.092742 0.503800 0.503800 0.503800
6220 25.092742 25.092742 25.092742 0.503800 0.503800 0.503800
6230 25.092742 25.092742 25.092742 0.503800 0.503800 0.503800
6240 25.092742 25.092742 25.092742 0.503800 0.503800 0.503800
6250 25.092742 25.092742 25.092742 0.503800 0.503800 0.503800
6260 25.092742 25.092742 25.092742 0.503800 0.503800 0.503800
6270 25.092742 25.092742 25.092742 0.503800 0.503800 0.503800
6280 25.092742 25.092742 25.092742 0.503800 0.503800 0.503800
6290 25.092742 25.092742 25.092742 0.503800 0.503800 0.503800
6300 25.092742 25.092742 25.092742 0.503800 0.503800 0.503800
6310 25.092742 25.092742 25.092742 0.503800 0.503800 0.503800
6320 25.092742 25.092742 25.092742 0.503800 0.503800 0.503800
6330 25.092742 25.092742 25.092742 0.503800 0.503800 0.503800
6340 25.092742 25.092742 25.092742 0.503800 0.503800 0.503800
6350 25.092742 25.092742 25.092742 0.503800 0.503800 0.503800
6360 25.092742 25.092742 25.092742 0.503800 0.503800 0.503800
6370 25.092742 25.092742 25.092742 0.503800 0.503800 0.503800
6380 25.092742 25.092742 25.092742 0.503800 0.503800 0.503800
6390 25.092742 25.092742 25.092742 0.503800 0.503800 0.503800
6400 25.092742 25.092742 25.092742 0.503800 0.503800 0.503800
6410 25.092742 25.092742 25.092742 0.503800 0.503800 0.503800
6420 25.092742 25.092742 25.092742 0.503800 0.503800 0.503800
6430 25.092742 25.092742 25.092742 0.503800 0.503800 0.503800
6440 25.092742 25.092742 25.092742 0.503800 0.503800 0.503800
6450 25.092742 25.092742 25.092742 0.503800 0.503800 0.503800
6460 25.092742 25.092742 25.092742 0.503800 0.503800 0.503800
6470 25.092742 25.092742 25.092742 0.503800 0.503800 0.503800
6480 25.092742 25.092742 25.092742 0.503800 0.503800 0.503800
6490 25.092742 25.092742 25.092742 0.503800 0.503800 0.503800
6500 25.092742 25.092742 25.092742 0.503800 0.503800 0.503800
6510 25.092742 25.092742 25.092742 0.503800 0.503800 0.503800
6520 25.092742 25.092742 25.092742 0.503800 0.503800 0.503800
6530 25.092742 25.092742 25.092742 0.503800 0.503800 0.503800
6540 25.092742 25.092742 25.092742 0.503800 0.503800 0.503800
6550 25.092742 25.092742 25.092742 0.503800 0.503800 0.503800
6560 25.092742 25.092742 25.092742 0.503800 0.503800 0.503800
6570 25.092742 25.092742 25.092742 0.503800 0.503800 0.503800
6580 25.092742 25.092742 25.092742 0.503800 0.503800 0.503800
6590 25.092742 25.092742 25.092742 0.503800 0.503800 0.503800
6600 25.092742 25.092742 25.092742 0.503800 0.503800 0.503800
6610 25.092742 25.092742 25.092742 0.503800 0.503800 0.503800
6620 25.092742 25.092742 25.092742 0.503800 0.503800 0.503800
6630 25.092742 25.092742 25.092742 0.503800 0.503800 0.503800
6640 25.092742 25.092742 25.092742 0.503800 0.503800 0.503800
6650 25.092742 25.092742 25.092742 0.503800 0.503800 0.503800
6660 25.092742 25.092742 25.092742 0.503800 0.503800 0.503800
6670 25.092742 25.092742 25.092742 0.503800 0.503800 0.503800
6680 25.092742 25.092742 25.092742 0.503800 0.503800 0.503800
6690 25.092742 25.092742 25.092742 0.503800 0.503800 0.503800
6700 25.092742 25.092742 25.092742 0.503800 0.503800 0.503800
6710 25.092742 25.092742 25.092742 0.503800 0.503800 0.503800
6720 25.092742 25.092742 25.092742 0.503800 0.503800 0.503800
6730 25.092742 25.092742 25.092742 0.503800 0.503800 0.503800
6740 25.092742 25.092742 25.092742 0.503800 0.503800 0.503800
6750 25.092742 25.092742 25.092742 0.503800 0.503800 0.503800
6760 25.092742 25.092742 25.092742 0.503800 0.503800 0.503800
6770 25.092742 25.092742 25.092742 0.503800 0.503800 0.503800
6780 25.092742 25.092742 25.092742 0.503800 0.503800 0.503800
6790 25.092742 25.092742 25.092742 0.503800 0.503800 0.503800
6800 25.092742 25.092742 25.092742 0.503800 0.503800 0.503800
6810 25.092742 25.092742 25.092742 0.503800 0.503800 0.503800
6820 25.092742 25.092742 25.092742 0.503800 0.503800 0.503800
6830 25.092742 25.092742 25.092742 0.503800 0.503800 0.503800
6840 25.092742 25.092742 25.092742 0.503800 0.503800 0.503800
6850 25.092742 25.092742 25.092742 0.503800 0.503800 0.503800
6860 25.092742 25.092742 25.092742 0.503800 0.503800 0.503800
6870 25.092742 25.092742 25.092742 0.503800 0.503800 0.503800
6880 25.092742 25.092742 25.092742 0.503800 0.503800 0.503800
6890 25.092742 25.092742 25.092742 0.503800 0.503800 0.503800
6900 25.092742 25.092742 25.092742 0.503800 0.503800 0.503800
6910 25.092742 25.092742 25.092742 0.503800 0.503800 0.503800
6920 25.092742 25.092742 25.092742 0.503800 0.503800 0.503800
6930 25.092742 25.092742 25.092742 0.503800 0.503800 0.503800
6940 25.092742 25.092742 25.092742 0.503800 0.503800 0.503800
6950 25.092742 25.092742 25.092742 0.503800 0.503800 0.503800
6960 25.092742 25.092742 25.092742 0.503800 0.503800 0.503800
6970 25.092742 25.092742 25.092742 0.503800 0.503800 0.503800
6980 25.092742 25.092742 25.092742 0.503800 0.503800 0.503800
6990 25.092742 25.092742 25.092742 0.503800 0.503800 0.503800
7000 25.092742 25.092742 25.092742 0.503800 0.503800 0.503800
7010 25.092742 25.092742 25.092742 0.503800 0.503800 0.503800
7020 25.092742 25.092742 25.092742 0.503800 0.503800 0.503800
7030 25.092742 25.092742 25.092742 0.503800 0.503800 0.503800
7040 25.092742 25.092742 25.092742 0.503800 0.503800 0.503800
7050 25.092742 25.092742 25.092742 0.503800 0.503800 0.503800
7060 25.092742 25.092742 25.092742 0.503800 0.503800 0.503800
7070 25.092742 25.092742 25.092742 0.503800 0.503800 0.503800
7080 25.092742 25.092742 25.092742 0.503800 0.503800 0.503800
7090 25.092742 25.092742 25.092742 0.503800 0.503800 0.503800
7100 25.092742 25.092742 25.092742 0.503800 0.503800 0.503800
7110 25.092742 25.092742 25.092742 0.503800 0.503800 0.503800
7120 25.092742 25.092742 25.092742 0.503800 0.503800 0.503800
7130 25.092742 25.092742 25.092742 0.503800 0.503800 0.503800
7140 25.092742 25.092742 25.092742 0.503800 0.503800 0.503800
7150 25.092742 25.092742 25.092742 0.503800 0.503800 0.503800
7160 25.092742 25.092742 25.092742 0.503800 0.503800 0.503800
7170 25.092742 25.092742 25.092742 0.503800 0.503800 0.503800
7180 25.092742 25.092742 25.092742 0.503800 0.503800 0.503800
7190 25.092742 25.092742 25.092742 0.503800 0.503800 0.503800
7200 25.092742 25.092742 25.092742 0.503800 0.503800 0.503800
7210 25.092742 25.092742 25.092742 0.503800 0.503800 0.503800
7220 25.092742 25.092742 25.092742 0.503800 0.503800 0.503800
7230 25.092742 25.092742 25.092742 0.503800 0.503800 0.503800
7240 25.092742 25.092742 25.092742 0.503800 0.503800 0.503800
7250 25.092742 25.092742 25.092742 0.503800 0.503800 0.503800
7260 25.092742 25.092742 25.092742 0.503800 0.503800 0.503800
7270 25.092742 25.092742 25.092742 0.503800 0.503800 0.503800
7280 25.092742 25.092742 25.092742 0.503800 0.503800 0.503800
7290 25.092742 25.092742 25.092742 0.503800 0.503800 0.503800
7300 25.092742 25.092742 25.092742 0.503800 0.503800 0.503800
7310 25.092742 25.092742 25.092742 0.503800 0.503800 0.503800
7320 25.092742 25.092742 25.092742 0.503800 0.503800 0.503800
7330 25.092742 25.092742 25.092742 0.503800 0.503800 0.503800
7340 25.092742 25.092742 25.092742 0.503800 0.503800 0.503800
7350 25.092742 25.092742 25.092742 0.503800 0.503800 0.503800
7360 25.092742 25.092742 25.092742 0.503800 0.503800 0.503800
7370 25.092742 25.092742 25.092742 0.503800 0.503800 0.503800
7380 25.092742 25.092742 25.092742 0.503800 0.503800 0.503800
7390 25.092742 25.092742 25.092742 0.503800 0.503800 0.503800
7400 25.092742 25.092742 25.092742 0.503800 0.503800 0.503800
7410 25.092742 25.092742 25.092742 0.503800 0.503800 0.503800
7420 25.092742 25.092742 25.092742 0.503800 0.503800 0.503800
7430 25.092742 25.092742 25.092742 0.503800 0.503800 0.503800
7440 25.092742 25.092742 25.092742 0.503800 0.503800 0.503800
7450 25.092742 25.092742 25.092742 0.503800 0.503800 0.503800
7460 25.092742 25.092742 25.092742 0.503800 0.503800 0.503800
7470 25.092742 25.092742 25.092742 0.503800 0.503800 0.503800
7480 25.092742 25.092742 25.092742 0.503800 0.503800 0.503800
7490 25.092742 25.092742 25.092742 0.503800 0.503800 0.503800
7500 25.092742 25.092742 25.092742 0.503800 0.503800 0.503800
7510 25.092742 25.092742 25.092742 0.503800 0.503800 0.503800
7520 25.092742 25.092742 25.092742 0.503800 0.503800 0.503800
7530 25.092742 25.092742 25.092742 0.503800 0.503800 0.503800
7540 25.092742 25.092742 25.092742 0.503800 0.503800 0.503800
7550 25.092742 25.092742 25.092742 0.503800 0.503800 0.503800
7560 25.092742 25.092742 25.092742 0.503800 0.503800 0.503800
7570 25.092742 25.092742 25.092742 0.503800 0.503800 0.503800
7580 25.092742 25.092742 25.092742 0.503800 0.503800 0.503800
7590 25.092742 25.092742 25.092742 0.503800 0.503800 0.503800
7600 25.092742 25.092742 25.092742 0.503800 0.503800 0.503800
7610 25.092742 25.092742 25.092742 0.503800 0.503800 0.503800
7620 25.092742 25.092742 25.092742 0.503800 0.503800 0.503800
7630 25.092742 25.092742 25.092742 0.503800 0.503800 0.503800
7640 25.092742 25.092742 25.092742 0.503800 0.503800 0.503800
7650 25.092742 25.092742 25.092742 0.503800 0.503800 0.503800
7660 25.092742 25.092742 25.092742 0.503800 0.503800 0.503800
7670 25.092742 25.092742 25.092742 0.503800 0.503800 0.503800
7680 25.092742 25.092742 25.092742 0.503800 0.503800 0.503800
7690 25.092742 25.092742 25.092742 0.503800 0.503800 0.503800
7700 25.092742 25.092742 25.092742 0.503800 0.503800 0.503800
7710 25.092742 25.092742 25.092742 0.503800 0.503800 0.503800
7720 25.092742 25.092742 25.092742 0.503800 0.503800 0.503800
7730 25.092742 25.092742 25.092742 0.503800 0.503800 0.503800
7740 25.092742 25.092742 25.092742 0.503800 0.503800 0.503800
7750 25.092742 25.092742 25.092742 0.503800 0.503800 0.503800
7760 25.092742 25.092742 25.092742 0.503800 0.503800 0.503800
7770 25.092742 25.092742 25.092742 0.503800 0.503800 0.503800
7780 25.092742 25.092742 25.092742 0.503800 0.503800 0.503800
7790 25.092742 25.092742 25.092742 0.503800 0.503800 0.503800
7800 25.092742 25.092742 25.092742 0.503800 0.503800 0.503800
7810 25.092742 25.092742 25.092742 0.503800 0.503800 0.503800
7820 25.092742 25.092742 25.092742 0.503800 0.503800 0.503800
7830 25.092742 25.092742 25.092742 0.503800 0.503800 0.503800
7840 25.092742 25.092742 25.092742 0.503800 0.503800 0.503800
7850 25.092742 25.092742 25.092742 0.503800 0.503800 0.503800
7860 25.092742 25.092742 25.092742 0.503800 0.503800 0.503800
7870 25.092742 25.092742 25.092742 0.503800 0.503800 0.503800
7880 25.092742 25.092742 25.092742 0.503800 0.503800 0.503800
7890 25.092742 25.092742 25.092742 0.503800 0.503800 0.503800
7900 25.092742 25.092742 25.092742 0.503800 0.503800 0.503800
7910 25.092742 25.092742 25.092742 0.503800 0.503800 0.503800
7920 25.092742 25.092742 25.092742 0.503800 0.503800 0.503800
7930 25.092742 25.092742 25.092742 0.503800 0.503800 0.503800
7940 25.092742 25.092742 25.092742 0.503800 0.503800 0.503800
7950 25.092742 25.092742 25.092742 0.503800 0.503800 0.503800
7960 25.092742 25.092742 25.092742 0.503800 0.503800 0.503800
7970 25.092742 25.092742 25.092742 0.503800 0.503800 0.503800
7980 25.092742 25.092742 25.092742 0.503800 0.503800 0.503800
7990 25.092742 25.092742 25.092742 0.503800 0.503800 0.503800
8000 25.092742 25.092742 25.092742 0.503800 0.503800 0.503800
8010 25.092742 25.092742 25.092742 0.503800 0.503800 0.503800
8020 25.092742 25.092742 25.092742 0.503800 0.503800 0.503800
8030 25.092742 25.092742 25.092742 0.503800 0.503800 0.503800
8040 25.092742 25.092742 25.092742 0.503800 0.503800 0.503800
8050 25.092742 25.092742 25.092742 0.503800 0.503800 0.503800
8060 25.092742 25.092742 25.092742 0.503800 0.503800 0.503800
8070 25.092742 25.092742 25.092742 0.503800 0.503800 0.503800
8080 25.092742 25.092742 25.092742 0.503800 0.503800 0.503800
8090 25.092742 25.092742 25.092742 0.503800 0.503800 0.503800
8100 25.092742 25.092742 25.092742 0.503800 0.503800 0.503800
8110 25.092742 25.092742 25.092742 0.503800 0.503800 0.503800
8120 25.092742 25.092742 25.092742 0.503800 0.503800 0.503800
8130 25.092742 25.092742 25.092742 0.503800 0.503800 0.503800
8140 25.092742 25.092742 25.092742 0.503800 0.503800 0.503800
8150 25.092742 25.092742 25.092742 0.503800 0.503800 0.503800
8160 25.092742 25.092742 25.092742 0.503800 0.503800 0.503800
8170 25.092742 25.092742 25.092742 0.503800 0.503800 0.503800
8180 25.092742 25.092742 25.092742 0.503800 0.503800 0.503800
8190 25.092742 25.092742 25.092742 0.503800 0.503800 0.503800
8200 25.092742 25.092742 25.092742 0.503800 0.503800 0.503800
8210 25.092742 25.092742 25.092742 0.503800 0.503800 0.503800
8220 25.092742 25.092742 25.092742 0.503800 0.503800 0.503800
8230 25.092742 25.092742 25.092742 0.503800 0.503800 0.503800
8240 25.092742 25.092742 25.092742 0.503800 0.503800 0.503800
8250 25.092742 25.092742 25.092742 0.503800 0.503800 0.503800
8260 25.092742 25.092742 25.092742 0.503800 0.503800 0.503800
8270 25.092742 25.092742 25.092742 0.503800 0.503800 0.503800
8280 25.092742 25.092742 25.092742 0.503800 0.503800 0.503800
8290 25.092742 25.092742 25.092742 0.503800 0.503800 0.503800
8300 25.092742 25.092742 25.092742 0.503800 0.503800 0.503800
8310 25.092742 25.092742 25.092742 0.503800 0.503800 0.503800
8320 25.092742 25.092742 25.092742 0.503800 0.503800 0.503800
8330 25.092742 25.092742 25.092742 0.503800 0.503800 0.503800
8340 25.092742 25.092742 25.092742 0.503800 0.503800 0.503800
8350 25.092742 25.092742 25.092742 0.503800 0.503800 0.503800
8360 25.092742 25.092742 25.092742 0.503800 0.503800 0.503800
8370 25.092742 25.092742 25.092742 0.503800 0.503800 0.503800
8380 25.092742 25.092742 25.092742 0.503800 0.503800 0.503800
8390 25.092742 25.092742 25.092742 0.503800 0.503800 0.503800
8400 25.092742 25.092742 25.092742 0.503800 0.503800 0.503800
8410 25.092742 25.092742 25.092742 0.503800 0.503800 0.503800
8420 25.092742 25.092742 25.092742 0.503800 0.503800 0.503800
8430 25.092742 25.092742 25.092742 0.503800 0.503800 0.503800
8440 25.092742 25.092742 25.092742 0.503800 0.503800 0.503800
8450 25.092742 25.092742 25.092742 0.503800 0.503800 0.503800
8460 25.092742 25.092742 25.092742 0.503800 0.503800 0.503800
8470 25.092742 25.092742 25.092742 0.503800 0.503800 0.503800
8480 25.092742 25.092742 25.092742 0.503800 0.503800 0.503800
8490 25.092742 25.092742 25.092742 0.503800 0.503800 0.503800
8500 25.092742 25.092742 25.092742 0.503800 0.503800 0.503800
8510 25.092742 25.092742 25.092742 0.503800 0.503800 0.503800
8520 25.092742 25.092742 25.092742 0.503800 0.503800 0.503800
8530 25.092742 25.092742 25.092742 0.503800 0.503800 0.503800
8540 25.092742 25.092742 25.092742 0.503800 0.503800 0.503800
8550 25.092742 25.092742 25.092742 0.503800 0.503800 0.503800
8560 25.092742 25.092742 25.092742 0.503800 0.503800 0.503800
8570 25.092742 25.092742 25.092742 0.503800 0.503800 0.503800
8580 25.092742 25.092742 25.092742 0.503800 0.503800 0.503800
8590 25.092742 25.092742 25.092742 0.503800 0.503800 0.503800
8600 25.092742 25.092742 25.092742 0.503800 0.503800 0.503800
8610 25.092742 25.092742 25.092742 0.503800 0.503800 0.503800
8620 25.092742 25.092742 25.092742 0.503800 0.503800 0.503800
8630 25.092742 25.092742 25.092742 0.503800 0.503800 0.503800
8640 25.092742 25.092742 25.092742 0.503800 0.503800 0.503800
8650 25.092742 25.092742 25.092742 0.503800 0.503800 0.503800
8660 25.092742 25.092742 25.092742 0.503800 0.503800 0.503800
8670 25.092742 25.092742 25.092742 0.503800 0.503800 0.503800
8680 25.092742 25.092742 25.092742 0.503800 0.503800 0.503800
8690 25.092742 25.092742 25.092742 0.503800 0.503800 0.503800
8700 25.092742 25.092742 25.092742 0.503800 0.503800 0.503800
8710 25.092742 25.092742 25.092742 0.503800 0.503800 0.503800
8720 25.092742 25.092742 25.092742 0.503800 0.503800 0.503800
8730 25.092742 25.092742 25.092742 0.503800 0.503800 0.503800
8740 25.092742 25.092742 25.092742 0.503800 0.503800 0.503800
8750 25.092742 25.092742 25.092742 0.503800 0.503800 0.503800
8760 25.092742 25.092742 25.092742 0.503800 0.503800 0.503800
8770 25.092742 25.092742 25.092742 0.503800 0.503800 0.503800
8780 25.092742 25.092742 25.092742 0.503800 0.503800 0.503800
8790 25.092742 25.092742 25.092742 0.503800 0.503800 0.503800
8800 25.092742 25.092742 25.092742 0.503800 0.503800 0.503800
8810 25.092742 25.092742 25.092742 0.503800 0.503800 0.503800
8820 25.092742 25.092742 25.092742 0.503800 0.503800 0.503800
8830 25.092742 25.092742 25.092742 0.503800 0.503800 0.503800
8840 25.092742 25.092742 25.092742 0.503800 0.503800 0.503800
8850 25.092742 25.092742 25.092742 0.503800 0.503800 0.503800
8860 25.092742 25.092742 25.092742 0.503800 0.503800 0.503800
8870 25.092742 25.092742 25.092742 0.503800 0.503800 0.503800
8880 25.092742 25.092742 25.092742 0.503800 0.503800 0.503800
8890 25.092742 25.092742 25.092742 0.503800 0.503800 0.503800
8900 25.092742 25.092742 25.092742 0.503800 0.503800 0.503800
8910 25.092742 25.092742 25.092742 0.503800 0.503800 0.503800
8920 25.092742 25.092742 25.092742 0.503800 0.503800 0.503800
8930 25.092742 25.092742 25.092742 0.503800 0.503800 0.503800
8940 25.092742 25.092742 25.092742 0.503800 0.503800 0.503800
8950 25.092742 25.092742 25.092742 0.503800 0.503800 0.503800
8960 25.092742 25.092742 25.092742 0.503800 0.503800 0.503800
8970 25.092742 25.092742 25.092742 0.503800 0.503800 0.503800
8980 25.092742 25.092742 25.092742 0.503800 0.503800 0.503800
8990 25.092742 25.092742 25.092742 0.503800 0.503800 0.503800
9000 25.092742 25.092742 25.092742 0.503800 0.503800 0.503800
9010 25.092742 25.092742 25.092742 0.503800 0.503800 0.503800
9020 25.092742 25.092742 25.092742 0.503800 0.503800 0.503800
9030 25.092742 25.092742 25.092742 0.503800 0.503800 0.503800
9040 25.092742 25.092742 25.092742 0.503800 0.503800 0.503800
9050 25.092742 25.092742 25.092742 0.503800 0.503800 0.503800
9060 25.092742 25.092742 25.092742 0.503800 0.503800 0.503800
9070 25.092742 25.092742 25.092742 0.503800 0.503800 0.503800
9080 25.092742 25.092742 25.092742 0.503800 0.503800 0.503800
9090 25.092742 25.092742 25.092742 0.503800 0.503800 0.503800
9100 25.092742 25.092742 25.092742 0.503800 0.503800 0.503800
9110 25.092742 25.092742 25.092742 0.503800 0.503800 0.503800
9120 25.092742 25.092742 25.092742 0.503800 0.503800 0.503800
9130 25.092742 25.092742 25.092742 0.503800 0.503800 0.503800
9140 25.092742 25.092742 25.092742 0.503800 0.503800 0.503800
9150 25.092742 25.092742 25.092742 0.503800 0.503800 0.503800
9160 25.092742 25.092742 25.092742 0.503800 0.503800 0.503800
9170 25.092742 25.092742 25.092742 0.503800 0.503800 0.503800
9180 25.092742 25.092742 25.092742 0.503800 0.503800 0.503800
9190 25.092742 25.092742 25.092742 0.503800 0.503800 0.503800
9200 25.092742 25.092742 25.092742 0.503800 0.503800 0.503800
9210 25.092742 25.092742 25.092742 0.503800 0.503800 0.503800
9220 25.092742 25.092742 25.092742 0.503800 0.503800 0.503800
9230 25.092742 25.092742 25.092742 0.503800 0.503800 0.503800
9240 25.092742 25.092742 25.092742 0.503800 0.503800 0.503800
9250 25.092742 25.092742 25.092742 0.503800 0.503800 0.503800
9260 25.092742 25.092742 25.092742 0.503800 0.503800 0.503800
9270 25.092742 25.092742 25.092742 0.503800 0.503800 0.503800
9280 25.092742 25.092742 25.092742 0.503800 0.503800 0.503800
9290 25.092742 25.092742 25.092742 0.503800 0.503800 0.503800
9300 25.092742 25.092742 25.092742 0.503800 0.503800 0.503800
9310 25.092742 25.092742 25.092742 0.503800 0.503800 0.503800
9320 25.092742 25.092742 25.092742 0.503800 0.503800 0.503800
9330 25.092742 25.092742 25.092742 0.503800 0.503800 0.503800
9340 25.092742 25.092742 25.092742 0.503800 0.503800 0.503800
9350 25.092742 25.092742 25.092742 0.503800 0.503800 0.503800
9360 25.092742 25.092742 25.092742 0.503800 0.503800 0.503800
9370 25.092742 25.092742 25.092742 0.503800 0.503800 0.503800
9380 25.092742 25.092742 25.092742 0.503800 0.503800 0.503800
9390 25.092742 25.092742 25.092742 0.503800 0.503800 0.503800
9400 25.092742 25.092742 25.092742 0.503800 0.503800 0.503800
9410 25.092742 25.092742 25.092742 0.503800 0.503800 0.503800
9420 25.092742 25.092742 25.092742 0.503800 0.503800 0.503800
9430 25.092742 25.092742 25.092742 0.503800 0.503800 0.503800
9440 25.092742 25.092742 25.092742 0.503800 0.503800 0.503800
9450 25.092742 25.092742 25.092742 0.503800 0.503800 0.503800
9460 25.092742 25.092742 25.092742 0.503800 0.503800 0.503800
9470 25.092742 25.092742 25.092742 0.503800 0.503800 0.503800
9480 25.092742 25.092742 25.092742 0.503800 0.503800 0.503800
9490 25.092742 25.092742 25.092742 0.503800 0.503800 0.503800
9500 25.092742 25.092742 25.092742 0.503800 0.503800 0.503800
9510 25.092742 25.092742 25.092742 0.503800 0.503800 0.503800
9520 25.092742 25.092742 25.092742 0.503800 0.503800 0.503800
9530 25.092742 25.092742 25.092742 0.503800 0.503800 0.503800
9540 25.092742 25.092742 25.092742 0.503800 0.503800 0.503800
9550 25.092742 25.092742 25.092742 0.503800 0.503800 0.503800
9560 25.092742 25.092742 25.092742 0.503800 0.503800 0.503800
9570 25.092742 25.092742 25.092742 0.503800 0.503800 0.503800
9580 25.092742 25.092742 25.092742 0.503800 0.503800 0.503800
9590 25.092742 25.092742 25.092742 0.503800 0.503800 0.503800
9600 25.092742 25.092742 25.092742 0.503800 0.503800 0.503800
9610 25.092742 25.092742 25.092742 0.503800 0.503800 0.503800
9620 25.092742 25.092742 25.092742 0.503800 0.503800 0.503800
9630 25.092742 25.092742 25.092742 0.503800 0.503800 0.503800
9640 25.092742 25.092742 25.092742 0.503800 0.503800 0.503800
9650 25.092742 25.092742 25.092742 0.503800 0.503800 0.503800
9660 25.092742 25.092742 25.092742 0.503800 0.503800 0.503800
9670 25.092742 25.092742 25.092742 0.503800 0.503800 0.503800
9680 25.092742 25.092742 25.092742 0.503800 0.503800 0.503800
9690 25.092742 25.092742 25.092742 0.503800 0.503800 0.503800
9700 25.092742 25.092742 25.092742 0.503800 0.503800 0.503800
9710 25.092742 25.092742 25.092742 0.503800 0.503800 0.503800
9720 25.092742 25.092742 25.092742 0.503800 0.503800 0.503800
9730 25.092742 25.092742 25.092742 0.503800 0.503800 0.503800
9740 25.092742 25.092742 25.092742 0.503800 0.503800 0.503800
9750 25.092742 25.092742 25.092742 0.503800 0.503800 0.503800
9760 25.092742 25.092742 25.092742 0.503800 0.503800 0.503800
9770 25.092742 25.092742 25.092742 0.503800 0.503800 0.503800
9780 25.092742 25.092742 25.092742 0.503800 0.503800 0.503800
9790 25.092742 25.092742 25.092742 0.503800 0.503800 0.503800
9800 25.092742 25.092742 25.092742 0.503800 0.503800 0.503800
9810 25.092742 25.092742 25.092742 0.503800 0.503800 0.503800
9820 25.092742 25.092742 25.092742 0.503800 0.503800 0.503800
9830 25.092742 25.092742 25.092742 0.503800 0.503800 0.503800
9840 25.092742 25.092742 25.092742 0.503800 0.503800 0.503800
9850 25.092742 25.092742 25.092742 0.503800 0.503800 0.503800
9860 25.092742 25.092742 25.092742 0.503800 0.503800 0.503800
9870 25.092742 25.092742 25.092742 0.503800 0.503800 0.503800
9880 25.092742 25.092742 25.092742 0.503800 0.503800 0.503800
9890 25.092742 25.092742 25.092742 0.503800 0.503800 0.503800
9900 25.092742 25.092742 25.092742 0.503800 0.503800 0.503800
9910 25.092742 25.092742 25.092742 0.503800 0.503800 0.503800
9920 25.092742 25.092742 25.092742 0.503800 0.503800 0.503800
9930 25.092742 25.092742 25.092742 0.503800 0.503800 0.503800
9940 25.092742 25.092742 25.092742 0.503800 0.503800 0.503800
9950 25.092742 25.092742 25.092742 0.503800 0.503800 0.503800
9960 25.092742 25.092742 25.092742 0.503800 0.503800 0.503800
9970 25.092742 25.092742 25.092742 0.503800 0.503800 0.503800
9980 25.092742 25.092742 25.092742 0.503800 0.503800 0.503800
9990 25.092742 25.092742 25.092742 0.503800 0.503800 0.503800
10000 25.092742 25.092742 25.092742 0.503800 0.503800 0.503800
