# generation power_min power_avg power_max util_min util_avg util_max
1 19.587808 19.587808 19.587808 1.370526 1.489337 1.499894
10 19.729972 19.729972 19.729972 1.345574 1.482695 1.499894
20 19.729972 19.729972 19.729972 1.345574 1.474666 1.499894
30 19.729972 19.729972 19.729972 1.281141 1.469126 1.499894
40 19.729972 19.729972 19.729972 1.281141 1.458381 1.499894
50 19.729972 19.729972 19.729972 1.281141 1.448096 1.499894
60 19.729972 19.729972 19.729972 1.245850 1.435367 1.499894
70 20.054483 20.054483 20.054483 1.214392 1.417170 1.499894
80 20.054483 20.054483 20.054483 1.214392 1.397511 1.499894
90 20.054483 20.054483 20.054483 1.194603 1.376713 1.499894
100 20.054483 20.054483 20.054483 1.176911 1.353408 1.499894
110 20.187280 20.187280 20.187280 1.168244 1.330188 1.497804
120 20.187280 20.187280 20.187280 1.128095 1.305544 1.492142
130 20.774449 20.774449 20.774449 1.107578 1.279685 1.492142
140 20.774449 20.774449 20.774449 1.058646 1.259132 1.436120
150 20.774449 20.774449 20.774449 1.058646 1.235613 1.436120
160 20.790802 20.790802 20.790802 1.038747 1.214178 1.398607
170 20.906821 20.906821 20.906821 1.033726 1.192077 1.321575
180 20.906821 20.906821 20.906821 1.026667 1.174378 1.310162
190 20.906821 20.425144 20.906821 0.998492 1.154297 1.285246
200 20.906821 20.611762 20.906821 0.963347 1.135505 1.249575
210 21.228640 20.737631 21.228640 0.951168 1.115735 1.223814
220 21.785944 20.858127 21.785944 0.932729 1.097900 1.223814
230 21.785944 20.794400 21.785944 0.932729 1.078049 1.223814
240 21.785944 20.789461 21.785944 0.932729 1.057245 1.176911
250 21.785944 20.755381 21.785944 0.902752 1.040446 1.166878
260 21.785944 20.680710 21.785944 0.902752 1.026489 1.132273
270 21.785944 20.651302 21.785944 0.902752 1.014721 1.132273
280 21.785944 20.602449 21.785944 0.902752 1.003260 1.101108
290 21.785944 20.583980 21.785944 0.902752 0.994743 1.085541
300 21.785944 20.552251 21.785944 0.902752 0.988599 1.066729
310 21.208693 20.496398 21.208693 0.948253 0.985033 1.031890
320 20.891703 20.430810 20.891703 0.948253 0.984682 1.021200
330 20.780632 20.347492 20.780632 0.948253 0.984904 1.021200
340 20.695281 20.268748 20.695281 0.948253 0.985860 1.021200
350 20.565409 20.200812 20.565409 0.952485 0.986402 1.021200
360 20.503658 20.138631 20.503658 0.952485 0.987464 1.021200
370 20.470529 20.082224 20.470529 0.952485 0.988484 1.021200
380 20.351021 20.030351 20.351021 0.952485 0.988104 1.021200
390 20.289042 19.970215 20.289042 0.958745 0.988461 1.021200
400 20.209438 19.922614 20.209438 0.963701 0.989489 1.011443
410 20.120318 19.879350 20.120318 0.965447 0.990098 1.011443
420 20.099398 19.826344 20.099398 0.965447 0.989344 1.011010
430 20.039546 19.792256 20.039546 0.965447 0.989171 1.011010
440 19.990509 19.748577 19.990509 0.965447 0.989482 1.011010
450 19.957777 19.696474 19.957777 0.965447 0.990769 1.011010
460 19.080099 19.652414 19.923806 0.965447 0.991821 1.011010
470 19.842330 19.608704 19.842330 0.965447 0.991950 1.011469
480 19.731208 19.547240 19.731208 0.969402 0.992122 1.011469
490 18.806866 19.509145 19.715647 0.969402 0.993397 1.011469
500 18.806866 19.456350 19.699441 0.969402 0.993605 1.011469
510 18.806866 19.389068 19.669179 0.973526 0.994206 1.011469
520 18.806866 19.338326 19.584192 0.973526 0.994103 1.011469
530 18.806866 19.303415 19.565037 0.973526 0.993609 1.011469
540 18.806866 19.253004 19.511020 0.973526 0.993802 1.011469
550 19.494279 19.218558 19.494279 0.973526 0.993617 1.011469
560 19.454570 19.178331 19.454570 0.973526 0.993449 1.011469
570 18.607695 19.139167 19.408838 0.973526 0.993489 1.011623
580 18.607695 19.102604 19.346508 0.973526 0.993606 1.011623
590 18.607695 19.057893 19.271335 0.980912 0.993849 1.011623
600 18.607695 19.026603 19.259619 0.980912 0.994070 1.011623
610 18.607695 18.985253 19.206042 0.980912 0.994346 1.011623
620 18.607695 18.948588 19.158283 0.980912 0.994866 1.011623
630 18.607695 18.915612 19.064979 0.980912 0.994794 1.011623
640 18.607695 18.879898 19.064231 0.980912 0.994889 1.011623
650 18.479843 18.837518 19.064231 0.980912 0.995179 1.011623
660 18.479843 18.798680 19.017860 0.980912 0.995634 1.007834
670 18.465807 18.762778 18.991807 0.980912 0.995744 1.007834
680 18.465807 18.727417 18.931572 0.981935 0.996404 1.007834
690 18.465807 18.697924 18.886938 0.989213 0.996550 1.004308
700 18.465807 18.670806 18.830761 0.989213 0.996604 1.003234
710 18.465807 18.653842 18.806866 0.989213 0.996594 1.003234
720 18.465807 18.632500 18.787998 0.989213 0.996921 1.003234
730 18.465807 18.613811 18.728432 0.989213 0.997134 1.003234
740 18.465807 18.601880 18.712710 0.991744 0.997403 1.003234
750 18.671850 18.591006 18.671850 0.991744 0.997998 1.006429
760 18.623564 18.582148 18.623564 0.995160 0.998485 1.006429
770 18.611852 18.573107 18.611852 0.995194 0.998824 1.006429
780 18.607695 18.567622 18.607695 0.995194 0.999000 1.006429
790 18.607695 18.560271 18.607695 0.995194 0.998992 1.006429
800 18.594838 18.549779 18.594838 0.995194 0.999056 1.006429
810 18.594838 18.542004 18.594838 0.995194 0.999074 1.006429
820 18.590506 18.533147 18.590506 0.995194 0.999301 1.006429
830 18.572306 18.525604 18.572306 0.995194 0.999665 1.006429
840 18.553438 18.518052 18.553438 0.996975 1.000089 1.006429
850 18.537578 18.514984 18.537578 0.998420 1.000464 1.006429
860 18.532092 18.513995 18.532092 0.998420 1.000465 1.006429
870 18.532092 18.511558 18.532092 0.998420 1.000567 1.006429
880 18.532092 18.508236 18.532092 0.998420 1.000770 1.006429
890 18.532092 18.501895 18.532092 0.998420 1.000962 1.006429
900 18.532092 18.494180 18.532092 0.998420 1.001220 1.006429
910 18.515423 18.481832 18.515423 0.998420 1.001478 1.006429
920 18.479843 18.475525 18.479843 0.999968 1.001673 1.006429
930 18.479843 18.472825 18.479843 0.999968 1.001901 1.006429
940 18.465807 18.465807 18.465807 0.999968 1.002151 1.006429
950 18.414549 18.414549 18.414549 1.000002 1.002210 1.006429
960 18.414549 18.410496 18.414549 0.999451 1.002173 1.006429
970 18.414549 18.410496 18.414549 0.999451 1.001979 1.004648
980 18.414549 18.410496 18.414549 0.999451 1.001960 1.004648
990 18.414549 18.410496 18.414549 0.999451 1.001805 1.004648
1000 18.414549 18.410496 18.414549 0.999451 1.001605 1.004648
1010 18.414549 18.410496 18.414549 0.999451 1.001582 1.004648
1020 18.414549 18.410496 18.414549 0.999451 1.001736 1.004648
1030 18.410496 18.410496 18.410496 0.999451 1.001665 1.004648
1040 18.410496 18.410496 18.410496 0.999451 1.001355 1.001613
1050 18.372495 18.372495 18.372495 1.000895 1.001441 1.001613
1060 18.372495 18.372495 18.372495 1.000895 1.001513 1.001613
1070 18.372495 18.372495 18.372495 1.000895 1.001584 1.001613
1080 18.350663 18.350663 18.350663 1.001613 1.001613 1.001613
1090 18.350663 18.350663 18.350663 1.001613 1.001613 1.001613
1100 18.350663 18.350663 18.350663 1.001613 1.001613 1.001613
1110 18.350663 18.350663 18.350663 1.001613 1.001613 1.001613
1120 18.350663 18.350663 18.350663 1.001613 1.001613 1.001613
1130 18.350663 18.350663 18.350663 1.001613 1.001613 1.001613
1140 18.350663 18.350663 18.350663 1.001613 1.001613 1.001613
1150 18.350663 18.350663 18.350663 1.001613 1.001613 1.001613
1160 18.350663 18.350663 18.350663 1.001613 1.001613 1.001613
1170 18.350663 18.350663 18.350663 1.001613 1.001613 1.001613
1180 18.350663 18.350663 18.350663 1.001613 1.001613 1.001613
1190 18.350663 18.350663 18.350663 1.001613 1.001613 1.001613
1200 18.350663 18.350663 18.350663 1.001613 1.001613 1.001613
1210 18.350663 18.350663 18.350663 1.001613 1.001613 1.001613
1220 18.350663 18.350663 18.350663 1.001613 1.001613 1.001613
1230 18.350663 18.350663 18.350663 1.001613 1.001613 1.001613
1240 18.350663 18.350663 18.350663 1.001613 1.001613 1.001613
1250 18.350663 18.350663 18.350663 1.001613 1.001613 1.001613
1260 18.350663 18.350663 18.350663 1.001613 1.001613 1.001613
1270 18.350663 18.350663 18.350663 1.001613 1.001613 1.001613
1280 18.350663 18.350663 18.350663 1.001613 1.001613 1.001613
1290 18.350663 18.350663 18.350663 1.001613 1.001613 1.001613
1300 18.350663 18.350663 18.350663 1.001613 1.001613 1.001613
1310 18.350663 18.350663 18.350663 1.001613 1.001613 1.001613
1320 18.350663 18.350663 18.350663 1.001613 1.001613 1.001613
1330 18.350663 18.350663 18.350663 1.001613 1.001613 1.001613
1340 18.350663 18.350663 18.350663 1.001613 1.001613 1.001613
1350 18.350663 18.350663 18.350663 1.001613 1.001613 1.001613
1360 18.350663 18.350663 18.350663 1.001613 1.001613 1.001613
1370 18.350663 18.350663 18.350663 1.001613 1.001613 1.001613
1380 18.350663 18.350663 18.350663 1.001613 1.001613 1.001613
1390 18.350663 18.350663 18.350663 1.001613 1.001613 1.001613
1400 18.350663 18.350663 18.350663 1.001613 1.001613 1.001613
1410 18.350663 18.350663 18.350663 1.001613 1.001613 1.001613
1420 18.350663 18.350663 18.350663 1.001613 1.001613 1.001613
1430 18.350663 18.350663 18.350663 1.001613 1.001613 1.001613
1440 18.350663 18.350663 18.350663 1.001613 1.001613 1.001613
1450 18.350663 18.350663 18.350663 1.001613 1.001613 1.001613
1460 18.350663 18.350663 18.350663 1.001613 1.001613 1.001613
1470 18.350663 18.350663 18.350663 1.001613 1.001613 1.001613
1480 18.350663 18.350663 18.350663 1.001613 1.001613 1.001613
1490 18.350663 18.350663 18.350663 1.001613 1.001613 1.001613
1500 18.350663 18.350663 18.350663 1.001613 1.001613 1.001613
1510 18.350663 18.350663 18.350663 1.001613 1.001613 1.001613
1520 18.350663 18.350663 18.350663 1.001613 1.001613 1.001613
1530 18.350663 18.350663 18.350663 1.001613 1.001613 1.001613
1540 18.350663 18.350663 18.350663 1.001613 1.001613 1.001613
1550 18.350663 18.350663 18.350663 1.001613 1.001613 1.001613
1560 18.350663 18.350663 18.350663 1.001613 1.001613 1.001613
1570 18.350663 18.350663 18.350663 1.001613 1.001613 1.001613
1580 18.350663 18.350663 18.350663 1.001613 1.001613 1.001613
1590 18.350663 18.350663 18.350663 1.001613 1.001613 1.001613
1600 18.350663 18.350663 18.350663 1.001613 1.001613 1.001613
1610 18.350663 18.350663 18.350663 1.001613 1.001613 1.001613
1620 18.350663 18.350663 18.350663 1.001613 1.001613 1.001613
1630 18.350663 18.350663 18.350663 1.001613 1.001613 1.001613
1640 18.350663 18.350663 18.350663 1.001613 1.001613 1.001613
1650 18.350663 18.350663 18.350663 1.001613 1.001613 1.001613
1660 18.350663 18.350663 18.350663 1.001613 1.001613 1.001613
1670 18.350663 18.350663 18.350663 1.001613 1.001613 1.001613
1680 18.350663 18.350663 18.350663 1.001613 1.001613 1.001613
1690 18.350663 18.350663 18.350663 1.001613 1.001613 1.001613
1700 18.350663 18.350663 18.350663 1.001613 1.001613 1.001613
1710 18.350663 18.350663 18.350663 1.001613 1.001613 1.001613
1720 18.350663 18.350663 18.350663 1.001613 1.001613 1.001613
1730 18.350663 18.350663 18.350663 1.001613 1.001613 1.001613
1740 18.350663 18.350663 18.350663 1.001613 1.001613 1.001613
1750 18.350663 18.350663 18.350663 1.001613 1.001613 1.001613
1760 18.350663 18.350663 18.350663 1.001613 1.001613 1.001613
1770 18.350663 18.350663 18.350663 1.001613 1.001613 1.001613
1780 18.350663 18.350663 18.350663 1.001613 1.001613 1.001613
1790 18.350663 18.350663 18.350663 1.001613 1.001613 1.001613
1800 18.350663 18.350663 18.350663 1.001613 1.001613 1.001613
1810 18.350663 18.350663 18.350663 1.001613 1.001613 1.001613
1820 18.350663 18.350663 18.350663 1.001613 1.001613 1.001613
1830 18.350663 18.350663 18.350663 1.001613 1.001613 1.001613
1840 18.350663 18.350663 18.350663 1.001613 1.001613 1.001613
1850 18.350663 18.350663 18.350663 1.001613 1.001613 1.001613
1860 18.350663 18.350663 18.350663 1.001613 1.001613 1.001613
1870 18.350663 18.350663 18.350663 1.001613 1.001613 1.001613
1880 18.350663 18.350663 18.350663 1.001613 1.001613 1.001613
1890 18.350663 18.350663 18.350663 1.001613 1.001613 1.001613
1900 18.350663 18.350663 18.350663 1.001613 1.001613 1.001613
1910 18.350663 18.350663 18.350663 1.001613 1.001613 1.001613
1920 18.350663 18.350663 18.350663 1.001613 1.001613 1.001613
1930 18.350663 18.350663 18.350663 1.001613 1.001613 1.001613
1940 18.350663 18.350663 18.350663 1.001613 1.001613 1.001613
1950 18.350663 18.350663 18.350663 1.001613 1.001613 1.001613
1960 18.350663 18.350663 18.350663 1.001613 1.001613 1.001613
1970 18.350663 18.350663 18.350663 1.001613 1.001613 1.001613
1980 18.350663 18.350663 18.350663 1.001613 1.001613 1.001613
1990 18.350663 18.350663 18.350663 1.001613 1.001613 1.001613
2000 18.350663 18.350663 18.350663 1.001613 1.001613 1.001613
2010 18.350663 18.350663 18.350663 1.001613 1.001613 1.001613
2020 18.350663 18.350663 18.350663 1.001613 1.001613 1.001613
2030 18.350663 18.350663 18.350663 1.001613 1.001613 1.001613
2040 18.350663 18.350663 18.350663 1.001613 1.001613 1.001613
2050 18.350663 18.350663 18.350663 1.001613 1.001613 1.001613
2060 18.350663 18.350663 18.350663 1.001613 1.001613 1.001613
2070 18.350663 18.350663 18.350663 1.001613 1.001613 1.001613
2080 18.350663 18.350663 18.350663 1.001613 1.001613 1.001613
2090 18.350663 18.350663 18.350663 1.001613 1.001613 1.001613
2100 18.350663 18.350663 18.350663 1.001613 1.001613 1.001613
2110 18.350663 18.350663 18.350663 1.001613 1.001613 1.001613
2120 18.350663 18.350663 18.350663 1.001613 1.001613 1.001613
2130 18.350663 18.350663 18.350663 1.001613 1.001613 1.001613
2140 18.350663 18.350663 18.350663 1.001613 1.001613 1.001613
2150 18.350663 18.350663 18.350663 1.001613 1.001613 1.001613
2160 18.350663 18.350663 18.350663 1.001613 1.001613 1.001613
2170 18.350663 18.350663 18.350663 1.001613 1.001613 1.001613
2180 18.350663 18.350663 18.350663 1.001613 1.001613 1.001613
2190 18.350663 18.350663 18.350663 1.001613 1.001613 1.001613
2200 18.350663 18.350663 18.350663 1.001613 1.001613 1.001613
2210 18.350663 18.350663 18.350663 1.001613 1.001613 1.001613
2220 18.350663 18.350663 18.350663 1.001613 1.001613 1.001613
2230 18.350663 18.350663 18.350663 1.001613 1.001613 1.001613
2240 18.350663 18.350663 18.350663 1.001613 1.001613 1.001613
2250 18.350663 18.350663 18.350663 1.001613 1.001613 1.001613
2260 18.350663 18.350663 18.350663 1.001613 1.001613 1.001613
2270 18.350663 18.350663 18.350663 1.001613 1.001613 1.001613
2280 18.350663 18.350663 18.350663 1.001613 1.001613 1.001613
2290 18.350663 18.350663 18.350663 1.001613 1.001613 1.001613
2300 18.350663 18.350663 18.350663 1.001613 1.001613 1.001613
2310 18.350663 18.350663 18.350663 1.001613 1.001613 1.001613
2320 18.350663 18.350663 18.350663 1.001613 1.001613 1.001613
2330 18.350663 18.350663 18.350663 1.001613 1.001613 1.001613
2340 18.350663 18.350663 18.350663 1.001613 1.001613 1.001613
2350 18.350663 18.350663 18.350663 1.001613 1.001613 1.001613
2360 18.350663 18.350663 18.350663 1.001613 1.001613 1.001613
2370 18.350663 18.350663 18.350663 1.001613 1.001613 1.001613
2380 18.350663 18.350663 18.350663 1.001613 1.001613 1.001613
2390 18.350663 18.350663 18.350663 1.001613 1.001613 1.001613
2400 18.350663 18.350663 18.350663 1.001613 1.001613 1.001613
2410 18.350663 18.350663 18.350663 1.001613 1.001613 1.001613
2420 18.350663 18.350663 18.350663 1.001613 1.001613 1.001613
2430 18.350663 18.350663 18.350663 1.001613 1.001613 1.001613
2440 18.350663 18.350663 18.350663 1.001613 1.001613 1.001613
2450 18.350663 18.350663 18.350663 1.001613 1.001613 1.001613
2460 18.350663 18.350663 18.350663 1.001613 1.001613 1.001613
2470 18.350663 18.350663 18.350663 1.001613 1.001613 1.001613
2480 18.350663 18.350663 18.350663 1.001613 1.001613 1.001613
2490 18.350663 18.350663 18.350663 1.001613 1.001613 1.001613
2500 18.350663 18.350663 18.350663 1.001613 1.001613 1.001613
2510 18.350663 18.350663 18.350663 1.001613 1.001613 1.001613
2520 18.350663 18.350663 18.350663 1.001613 1.001613 1.001613
2530 18.350663 18.350663 18.350663 1.001613 1.001613 1.001613
2540 18.350663 18.350663 18.350663 1.001613 1.001613 1.001613
2550 18.350663 18.350663 18.350663 1.001613 1.001613 1.001613
2560 18.350663 18.350663 18.350663 1.001613 1.001613 1.001613
2570 18.350663 18.350663 18.350663 1.001613 1.001613 1.001613
2580 18.350663 18.350663 18.350663 1.001613 1.001613 1.001613
2590 18.350663 18.350663 18.350663 1.001613 1.001613 1.001613
2600 18.350663 18.350663 18.350663 1.001613 1.001613 1.001613
2610 18.350663 18.350663 18.350663 1.001613 1.001613 1.001613
2620 18.350663 18.350663 18.350663 1.001613 1.001613 1.001613
2630 18.350663 18.350663 18.350663 1.001613 1.001613 1.001613
2640 18.350663 18.350663 18.350663 1.001613 1.001613 1.001613
2650 18.350663 18.350663 18.350663 1.001613 1.001613 1.001613
2660 18.350663 18.350663 18.350663 1.001613 1.001613 1.001613
2670 18.350663 18.350663 18.350663 1.001613 1.001613 1.001613
2680 18.350663 18.350663 18.350663 1.001613 1.001613 1.001613
2690 18.350663 18.350663 18.350663 1.001613 1.001613 1.001613
2700 18.350663 18.350663 18.350663 1.001613 1.001613 1.001613
2710 18.350663 18.350663 18.350663 1.001613 1.001613 1.001613
2720 18.350663 18.350663 18.350663 1.001613 1.001613 1.001613
2730 18.350663 18.350663 18.350663 1.001613 1.001613 1.001613
2740 18.350663 18.350663 18.350663 1.001613 1.001613 1.001613
2750 18.350663 18.350663 18.350663 1.001613 1.001613 1.001613
2760 18.350663 18.350663 18.350663 1.001613 1.001613 1.001613
2770 18.350663 18.350663 18.350663 1.001613 1.001613 1.001613
2780 18.350663 18.350663 18.350663 1.001613 1.001613 1.001613
2790 18.350663 18.350663 18.350663 1.001613 1.001613 1.001613
2800 18.350663 18.350663 18.350663 1.001613 1.001613 1.001613
2810 18.350663 18.350663 18.350663 1.001613 1.001613 1.001613
2820 18.350663 18.350663 18.350663 1.001613 1.001613 1.001613
2830 18.350663 18.350663 18.350663 1.001613 1.001613 1.001613
2840 18.350663 18.350663 18.350663 1.001613 1.001613 1.001613
2850 18.350663 18.350663 18.350663 1.001613 1.001613 1.001613
2860 18.350663 18.350663 18.350663 1.001613 1.001613 1.001613
2870 18.350663 18.350663 18.350663 1.001613 1.001613 1.001613
2880 18.350663 18.350663 18.350663 1.001613 1.001613 1.001613
2890 18.350663 18.350663 18.350663 1.001613 1.001613 1.001613
2900 18.350663 18.350663 18.350663 1.001613 1.001613 1.001613
2910 18.350663 18.350663 18.350663 1.001613 1.001613 1.001613
2920 18.350663 18.350663 18.350663 1.001613 1.001613 1.001613
2930 18.350663 18.350663 18.350663 1.001613 1.001613 1.001613
2940 18.350663 18.350663 18.350663 1.001613 1.001613 1.001613
2950 18.350663 18.350663 18.350663 1.001613 1.001613 1.001613
2960 18.350663 18.350663 18.350663 1.001613 1.001613 1.001613
2970 18.350663 18.350663 18.350663 1.001613 1.001613 1.001613
2980 18.350663 18.350663 18.350663 1.001613 1.001613 1.001613
2990 18.350663 18.350663 18.350663 1.001613 1.001613 1.001613
3000 18.350663 18.350663 18.350663 1.001613 1.001613 1.001613
3010 18.350663 18.350663 18.350663 1.001613 1.001613 1.001613
3020 18.350663 18.350663 18.350663 1.001613 1.001613 1.001613
3030 18.350663 18.350663 18.350663 1.001613 1.001613 1.001613
3040 18.350663 18.350663 18.350663 1.001613 1.001613 1.001613
3050 18.350663 18.350663 18.350663 1.001613 1.001613 1.001613
3060 18.350663 18.350663 18.350663 1.001613 1.001613 1.001613
3070 18.350663 18.350663 18.350663 1.001613 1.001613 1.001613
3080 18.350663 18.350663 18.350663 1.001613 1.001613 1.001613
3090 18.350663 18.350663 18.350663 1.001613 1.001613 1.001613
3100 18.350663 18.350663 18.350663 1.001613 1.001613 1.001613
3110 18.350663 18.350663 18.350663 1.001613 1.001613 1.001613
3120 18.350663 18.350663 18.350663 1.001613 1.001613 1.001613
3130 18.350663 18.350663 18.350663 1.001613 1.001613 1.001613
3140 18.350663 18.350663 18.350663 1.001613 1.001613 1.001613
3150 18.350663 18.350663 18.350663 1.001613 1.001613 1.001613
3160 18.350663 18.350663 18.350663 1.001613 1.001613 1.001613
3170 18.350663 18.350663 18.350663 1.001613 1.001613 1.001613
3180 18.350663 18.350663 18.350663 1.001613 1.001613 1.001613
3190 18.350663 18.350663 18.350663 1.001613 1.001613 1.001613
3200 18.350663 18.350663 18.350663 1.001613 1.001613 1.001613
3210 18.350663 18.350663 18.350663 1.001613 1.001613 1.001613
3220 18.350663 18.350663 18.350663 1.001613 1.001613 1.001613
3230 18.350663 18.350663 18.350663 1.001613 1.001613 1.001613
3240 18.350663 18.350663 18.350663 1.001613 1.001613 1.001613
3250 18.350663 18.350663 18.350663 1.001613 1.001613 1.001613
3260 18.350663 18.350663 18.350663 1.001613 1.001613 1.001613
3270 18.350663 18.350663 18.350663 1.001613 1.001613 1.001613
3280 18.350663 18.350663 18.350663 1.001613 1.001613 1.001613
3290 18.350663 18.350663 18.350663 1.001613 1.001613 1.001613
3300 18.350663 18.350663 18.350663 1.001613 1.001613 1.001613
3310 18.350663 18.350663 18.350663 1.001613 1.001613 1.001613
3320 18.350663 18.350663 18.350663 1.001613 1.001613 1.001613
3330 18.350663 18.350663 18.350663 1.001613 1.001613 1.001613
3340 18.350663 18.350663 18.350663 1.001613 1.001613 1.001613
3350 18.350663 18.350663 18.350663 1.001613 1.001613 1.001613
3360 18.350663 18.350663 18.350663 1.001613 1.001613 1.001613
3370 18.350663 18.350663 18.350663 1.001613 1.001613 1.001613
3380 18.350663 18.350663 18.350663 1.001613 1.001613 1.001613
3390 18.350663 18.350663 18.350663 1.001613 1.001613 1.001613
3400 18.350663 18.350663 18.350663 1.001613 1.001613 1.001613
3410 18.350663 18.350663 18.350663 1.001613 1.001613 1.001613
3420 18.350663 18.350663 18.350663 1.001613 1.001613 1.001613
3430 18.350663 18.350663 18.350663 1.001613 1.001613 1.001613
3440 18.350663 18.350663 18.350663 1.001613 1.001613 1.001613
3450 18.350663 18.350663 18.350663 1.001613 1.001613 1.001613
3460 18.350663 18.350663 18.350663 1.001613 1.001613 1.001613
3470 18.350663 18.350663 18.350663 1.001613 1.001613 1.001613
3480 18.350663 18.350663 18.350663 1.001613 1.001613 1.001613
3490 18.350663 18.350663 18.350663 1.001613 1.001613 1.001613
3500 18.350663 18.350663 18.350663 1.001613 1.001613 1.001613
3510 18.350663 18.350663 18.350663 1.001613 1.001613 1.001613
3520 18.350663 18.350663 18.350663 1.001613 1.001613 1.001613
3530 18.350663 18.350663 18.350663 1.001613 1.001613 1.001613
3540 18.350663 18.350663 18.350663 1.001613 1.001613 1.001613
3550 18.350663 18.350663 18.350663 1.001613 1.001613 1.001613
3560 18.350663 18.350663 18.350663 1.001613 1.001613 1.001613
3570 18.350663 18.350663 18.350663 1.001613 1.001613 1.001613
3580 18.350663 18.350663 18.350663 1.001613 1.001613 1.001613
3590 18.350663 18.350663 18.350663 1.001613 1.001613 1.001613
3600 18.350663 18.350663 18.350663 1.001613 1.001613 1.001613
3610 18.350663 18.350663 18.350663 1.001613 1.001613 1.001613
3620 18.350663 18.350663 18.350663 1.001613 1.001613 1.001613
3630 18.350663 18.350663 18.350663 1.001613 1.001613 1.001613
3640 18.350663 18.350663 18.350663 1.001613 1.001613 1.001613
3650 18.350663 18.350663 18.350663 1.001613 1.001613 1.001613
3660 18.350663 18.350663 18.350663 1.001613 1.001613 1.001613
3670 18.350663 18.350663 18.350663 1.001613 1.001613 1.001613
3680 18.350663 18.350663 18.350663 1.001613 1.001613 1.001613
3690 18.350663 18.350663 18.350663 1.001613 1.001613 1.001613
3700 18.350663 18.350663 18.350663 1.001613 1.001613 1.001613
3710 18.350663 18.350663 18.350663 1.001613 1.001613 1.001613
3720 18.350663 18.350663 18.350663 1.001613 1.001613 1.001613
3730 18.350663 18.350663 18.350663 1.001613 1.001613 1.001613
3740 18.350663 18.350663 18.350663 1.001613 1.001613 1.001613
3750 18.350663 18.350663 18.350663 1.001613 1.001613 1.001613
3760 18.350663 18.350663 18.350663 1.001613 1.001613 1.001613
3770 18.350663 18.350663 18.350663 1.001613 1.001613 1.001613
3780 18.350663 18.350663 18.350663 1.001613 1.001613 1.001613
3790 18.350663 18.350663 18.350663 1.001613 1.001613 1.001613
3800 18.350663 18.350663 18.350663 1.001613 1.001613 1.001613
3810 18.350663 18.350663 18.350663 1.001613 1.001613 1.001613
3820 18.350663 18.350663 18.350663 1.001613 1.001613 1.001613
3830 18.350663 18.350663 18.350663 1.001613 1.001613 1.001613
3840 18.350663 18.350663 18.350663 1.001613 1.001613 1.001613
3850 18.350663 18.350663 18.350663 1.001613 1.001613 1.001613
3860 18.350663 18.350663 18.350663 1.001613 1.001613 1.001613
3870 18.350663 18.350663 18.350663 1.001613 1.001613 1.001613
3880 18.350663 18.350663 18.350663 1.001613 1.001613 1.001613
3890 18.350663 18.350663 18.350663 1.001613 1.001613 1.001613
3900 18.350663 18.350663 18.350663 1.001613 1.001613 1.001613
3910 18.350663 18.350663 18.350663 1.001613 1.001613 1.001613
3920 18.350663 18.350663 18.350663 1.001613 1.001613 1.001613
3930 18.350663 18.350663 18.350663 1.001613 1.001613 1.001613
3940 18.350663 18.350663 18.350663 1.001613 1.001613 1.001613
3950 18.350663 18.350663 18.350663 1.001613 1.001613 1.001613
3960 18.350663 18.350663 18.350663 1.001613 1.001613 1.001613
3970 18.350663 18.350663 18.350663 1.001613 1.001613 1.001613
3980 18.350663 18.350663 18.350663 1.001613 1.001613 1.001613
3990 18.350663 18.350663 18.350663 1.001613 1.001613 1.001613
4000 18.350663 18.350663 18.350663 1.001613 1.001613 1.001613
4010 18.350663 18.350663 18.350663 1.001613 1.001613 1.001613
4020 18.350663 18.350663 18.350663 1.001613 1.001613 1.001613
4030 18.350663 18.350663 18.350663 1.001613 1.001613 1.001613
4040 18.350663 18.350663 18.350663 1.001613 1.001613 1.001613
4050 18.350663 18.350663 18.350663 1.001613 1.001613 1.001613
4060 18.350663 18.350663 18.350663 1.001613 1.001613 1.001613
4070 18.350663 18.350663 18.350663 1.001613 1.001613 1.001613
4080 18.350663 18.350663 18.350663 1.001613 1.001613 1.001613
4090 18.350663 18.350663 18.350663 1.001613 1.001613 1.001613
4100 18.350663 18.350663 18.350663 1.001613 1.001613 1.001613
4110 18.350663 18.350663 18.350663 1.001613 1.001613 1.001613
4120 18.350663 18.350663 18.350663 1.001613 1.001613 1.001613
4130 18.350663 18.350663 18.350663 1.001613 1.001613 1.001613
4140 18.350663 18.350663 18.350663 1.001613 1.001613 1.001613
4150 18.350663 18.350663 18.350663 1.001613 1.001613 1.001613
4160 18.350663 18.350663 18.350663 1.001613 1.001613 1.001613
4170 18.350663 18.350663 18.350663 1.001613 1.001613 1.001613
4180 18.350663 18.350663 18.350663 1.001613 1.001613 1.001613
4190 18.350663 18.350663 18.350663 1.001613 1.001613 1.001613
4200 18.350663 18.350663 18.350663 1.001613 1.001613 1.001613
4210 18.350663 18.350663 18.350663 1.001613 1.001613 1.001613
4220 18.350663 18.350663 18.350663 1.001613 1.001613 1.001613
4230 18.350663 18.350663 18.350663 1.001613 1.001613 1.001613
4240 18.350663 18.350663 18.350663 1.001613 1.001613 1.001613
4250 18.350663 18.350663 18.350663 1.001613 1.001613 1.001613
4260 18.350663 18.350663 18.350663 1.001613 1.001613 1.001613
4270 18.350663 18.350663 18.350663 1.001613 1.001613 1.001613
4280 18.350663 18.350663 18.350663 1.001613 1.001613 1.001613
4290 18.350663 18.350663 18.350663 1.001613 1.001613 1.001613
4300 18.350663 18.350663 18.350663 1.001613 1.001613 1.001613
4310 18.350663 18.350663 18.350663 1.001613 1.001613 1.001613
4320 18.350663 18.350663 18.350663 1.001613 1.001613 1.001613
4330 18.350663 18.350663 18.350663 1.001613 1.001613 1.001613
4340 18.350663 18.350663 18.350663 1.001613 1.001613 1.001613
4350 18.350663 18.350663 18.350663 1.001613 1.001613 1.001613
4360 18.350663 18.350663 18.350663 1.001613 1.001613 1.001613
4370 18.350663 18.350663 18.350663 1.001613 1.001613 1.001613
4380 18.350663 18.350663 18.350663 1.001613 1.001613 1.001613
4390 18.350663 18.350663 18.350663 1.001613 1.001613 1.001613
4400 18.350663 18.350663 18.350663 1.001613 1.001613 1.001613
4410 18.350663 18.350663 18.350663 1.001613 1.001613 1.001613
4420 18.350663 18.350663 18.350663 1.001613 1.001613 1.001613
4430 18.350663 18.350663 18.350663 1.001613 1.001613 1.001613
4440 18.350663 18.350663 18.350663 1.001613 1.001613 1.001613
4450 18.350663 18.350663 18.350663 1.001613 1.001613 1.001613
4460 18.350663 18.350663 18.350663 1.001613 1.001613 1.001613
4470 18.350663 18.350663 18.350663 1.001613 1.001613 1.001613
4480 18.350663 18.350663 18.350663 1.001613 1.001613 1.001613
4490 18.350663 18.350663 18.350663 1.001613 1.001613 1.001613
4500 18.350663 18.350663 18.350663 1.001613 1.001613 1.001613
4510 18.350663 18.350663 18.350663 1.001613 1.001613 1.001613
4520 18.350663 18.350663 18.350663 1.001613 1.001613 1.001613
4530 18.350663 18.350663 18.350663 1.001613 1.001613 1.001613
4540 18.350663 18.350663 18.350663 1.001613 1.001613 1.001613
4550 18.350663 18.350663 18.350663 1.001613 1.001613 1.001613
4560 18.350663 18.350663 18.350663 1.001613 1.001613 1.001613
4570 18.350663 18.350663 18.350663 1.001613 1.001613 1.001613
4580 18.350663 18.350663 18.350663 1.001613 1.001613 1.001613
4590 18.350663 18.350663 18.350663 1.001613 1.001613 1.001613
4600 18.350663 18.350663 18.350663 1.001613 1.001613 1.001613
4610 18.350663 18.350663 18.350663 1.001613 1.001613 1.001613
4620 18.350663 18.350663 18.350663 1.001613 1.001613 1.001613
4630 18.350663 18.350663 18.350663 1.001613 1.001613 1.001613
4640 18.350663 18.350663 18.350663 1.001613 1.001613 1.001613
4650 18.350663 18.350663 18.350663 1.001613 1.001613 1.001613
4660 18.350663 18.350663 18.350663 1.001613 1.001613 1.001613
4670 18.350663 18.350663 18.350663 1.001613 1.001613 1.001613
4680 18.350663 18.350663 18.350663 1.001613 1.001613 1.001613
4690 18.350663 18.350663 18.350663 1.001613 1.001613 1.001613
4700 18.350663 18.350663 18.350663 1.001613 1.001613 1.001613
4710 18.350663 18.350663 18.350663 1.001613 1.001613 1.001613
4720 18.350663 18.350663 18.350663 1.001613 1.001613 1.001613
4730 18.350663 18.350663 18.350663 1.001613 1.001613 1.001613
4740 18.350663 18.350663 18.350663 1.001613 1.001613 1.001613
4750 18.350663 18.350663 18.350663 1.001613 1.001613 1.001613
4760 18.350663 18.350663 18.350663 1.001613 1.001613 1.001613
4770 18.350663 18.350663 18.350663 1.001613 1.001613 1.001613
4780 18.350663 18.350663 18.350663 1.001613 1.001613 1.001613
4790 18.350663 18.350663 18.350663 1.001613 1.001613 1.001613
4800 18.350663 18.350663 18.350663 1.001613 1.001613 1.001613
4810 18.350663 18.350663 18.350663 1.001613 1.001613 1.001613
4820 18.350663 18.350663 18.350663 1.001613 1.001613 1.001613
4830 18.350663 18.350663 18.350663 1.001613 1.001613 1.001613
4840 18.350663 18.350663 18.350663 1.001613 1.001613 1.001613
4850 18.350663 18.350663 18.350663 1.001613 1.001613 1.001613
4860 18.350663 18.350663 18.350663 1.001613 1.001613 1.001613
4870 18.350663 18.350663 18.350663 1.001613 1.001613 1.001613
4880 18.350663 18.350663 18.350663 1.001613 1.001613 1.001613
4890 18.350663 18.350663 18.350663 1.001613 1.001613 1.001613
4900 18.350663 18.350663 18.350663 1.001613 1.001613 1.001613
4910 18.350663 18.350663 18.350663 1.001613 1.001613 1.001613
4920 18.350663 18.350663 18.350663 1.001613 1.001613 1.001613
4930 18.350663 18.350663 18.350663 1.001613 1.001613 1.001613
4940 18.350663 18.350663 18.350663 1.001613 1.001613 1.001613
4950 18.350663 18.350663 18.350663 1.001613 1.001613 1.001613
4960 18.350663 18.350663 18.350663 1.001613 1.001613 1.001613
4970 18.350663 18.350663 18.350663 1.001613 1.001613 1.001613
4980 18.350663 18.350663 18.350663 1.001613 1.001613 1.001613
4990 18.350663 18.350663 18.350663 1.001613 1.001613 1.001613
5000 18.350663 18.350663 18.350663 1.001613 1.001613 1.001613
5010 18.350663 18.350663 18.350663 1.001613 1.001613 1.001613
5020 18.350663 18.350663 18.350663 1.001613 1.001613 1.001613
5030 18.350663 18.350663 18.350663 1.001613 1.001613 1.001613
5040 18.350663 18.350663 18.350663 1.001613 1.001613 1.001613
5050 18.350663 18.350663 18.350663 1.001613 1.001613 1.001613
5060 18.350663 18.350663 18.350663 1.001613 1.001613 1.001613
5070 18.350663 18.350663 18.350663 1.001613 1.001613 1.001613
5080 18.350663 18.350663 18.350663 1.001613 1.001613 1.001613
5090 18.350663 18.350663 18.350663 1.001613 1.001613 1.001613
5100 18.350663 18.350663 18.350663 1.001613 1.001613 1.001613
5110 18.350663 18.350663 18.350663 1.001613 1.001613 1.001613
5120 18.350663 18.350663 18.350663 1.001613 1.001613 1.001613
5130 18.350663 18.350663 18.350663 1.001613 1.001613 1.001613
5140 18.350663 18.350663 18.350663 1.001613 1.001613 1.001613
5150 18.350663 18.350663 18.350663 1.001613 1.001613 1.001613
5160 18.350663 18.350663 18.350663 1.001613 1.001613 1.001613
5170 18.350663 18.350663 18.350663 1.001613 1.001613 1.001613
5180 18.350663 18.350663 18.350663 1.001613 1.001613 1.001613
5190 18.350663 18.350663 18.350663 1.001613 1.001613 1.001613
5200 18.350663 18.350663 18.350663 1.001613 1.001613 1.001613
5210 18.350663 18.350663 18.350663 1.001613 1.001613 1.001613
5220 18.350663 18.350663 18.350663 1.001613 1.001613 1.001613
5230 18.350663 18.350663 18.350663 1.001613 1.001613 1.001613
5240 18.350663 18.350663 18.350663 1.001613 1.001613 1.001613
5250 18.350663 18.350663 18.350663 1.001613 1.001613 1.001613
5260 18.350663 18.350663 18.350663 1.001613 1.001613 1.001613
5270 18.350663 18.350663 18.350663 1.001613 1.001613 1.001613
5280 18.350663 18.350663 18.350663 1.001613 1.001613 1.001613
5290 18.350663 18.350663 18.350663 1.001613 1.001613 1.001613
5300 18.350663 18.350663 18.350663 1.001613 1.001613 1.001613
5310 18.350663 18.350663 18.350663 1.001613 1.001613 1.001613
5320 18.350663 18.350663 18.350663 1.001613 1.001613 1.001613
5330 18.350663 18.350663 18.350663 1.001613 1.001613 1.001613
5340 18.350663 18.350663 18.350663 1.001613 1.001613 1.001613
5350 18.350663 18.350663 18.350663 1.001613 1.001613 1.001613
5360 18.350663 18.350663 18.350663 1.001613 1.001613 1.001613
5370 18.350663 18.350663 18.350663 1.001613 1.001613 1.001613
5380 18.350663 18.350663 18.350663 1.001613 1.001613 1.001613
5390 18.350663 18.350663 18.350663 1.001613 1.001613 1.001613
5400 18.350663 18.350663 18.350663 1.001613 1.001613 1.001613
5410 18.350663 18.350663 18.350663 1.001613 1.001613 1.001613
5420 18.350663 18.350663 18.350663 1.001613 1.001613 1.001613
5430 18.350663 18.350663 18.350663 1.001613 1.001613 1.001613
5440 18.350663 18.350663 18.350663 1.001613 1.001613 1.001613
5450 18.350663 18.350663 18.350663 1.001613 1.001613 1.001613
5460 18.350663 18.350663 18.350663 1.001613 1.001613 1.001613
5470 18.350663 18.350663 18.350663 1.001613 1.001613 1.001613
5480 18.350663 18.350663 18.350663 1.001613 1.001613 1.001613
5490 18.350663 18.350663 18.350663 1.001613 1.001613 1.001613
5500 18.350663 18.350663 18.350663 1.001613 1.001613 1.001613
5510 18.350663 18.350663 18.350663 1.001613 1.001613 1.001613
5520 18.350663 18.350663 18.350663 1.001613 1.001613 1.001613
5530 18.350663 18.350663 18.350663 1.001613 1.001613 1.001613
5540 18.350663 18.350663 18.350663 1.001613 1.001613 1.001613
5550 18.350663 18.350663 18.350663 1.001613 1.001613 1.001613
5560 18.350663 18.350663 18.350663 1.001613 1.001613 1.001613
5570 18.350663 18.350663 18.350663 1.001613 1.001613 1.001613
5580 18.350663 18.350663 18.350663 1.001613 1.001613 1.001613
5590 18.350663 18.350663 18.350663 1.001613 1.001613 1.001613
5600 18.350663 18.350663 18.350663 1.001613 1.001613 1.001613
5610 18.350663 18.350663 18.350663 1.001613 1.001613 1.001613
5620 18.350663 18.350663 18.350663 1.001613 1.001613 1.001613
5630 18.350663 18.350663 18.350663 1.001613 1.001613 1.001613
5640 18.350663 18.350663 18.350663 1.001613 1.001613 1.001613
5650 18.350663 18.350663 18.350663 1.001613 1.001613 1.001613
5660 18.350663 18.350663 18.350663 1.001613 1.001613 1.001613
5670 18.350663 18.350663 18.350663 1.001613 1.001613 1.001613
5680 18.350663 18.350663 18.350663 1.001613 1.001613 1.001613
5690 18.350663 18.350663 18.350663 1.001613 1.001613 1.001613
5700 18.350663 18.350663 18.350663 1.001613 1.001613 1.001613
5710 18.350663 18.350663 18.350663 1.001613 1.001613 1.001613
5720 18.350663 18.350663 18.350663 1.001613 1.001613 1.001613
5730 18.350663 18.350663 18.350663 1.001613 1.001613 1.001613
5740 18.350663 18.350663 18.350663 1.001613 1.001613 1.001613
5750 18.350663 18.350663 18.350663 1.001613 1.001613 1.001613
5760 18.350663 18.350663 18.350663 1.001613 1.001613 1.001613
5770 18.350663 18.350663 18.350663 1.001613 1.001613 1.001613
5780 18.350663 18.350663 18.350663 1.001613 1.001613 1.001613
5790 18.350663 18.350663 18.350663 1.001613 1.001613 1.001613
5800 18.350663 18.350663 18.350663 1.001613 1.001613 1.001613
5810 18.350663 18.350663 18.350663 1.001613 1.001613 1.001613
5820 18.350663 18.350663 18.350663 1.001613 1.001613 1.001613
5830 18.350663 18.350663 18.350663 1.001613 1.001613 1.001613
5840 18.350663 18.350663 18.350663 1.001613 1.001613 1.001613
5850 18.350663 18.350663 18.350663 1.001613 1.001613 1.001613
5860 18.350663 18.350663 18.350663 1.001613 1.001613 1.001613
5870 18.350663 18.350663 18.350663 1.001613 1.001613 1.001613
5880 18.350663 18.350663 18.350663 1.001613 1.001613 1.001613
5890 18.350663 18.350663 18.350663 1.001613 1.001613 1.001613
5900 18.350663 18.350663 18.350663 1.001613 1.001613 1.001613
5910 18.350663 18.350663 18.350663 1.001613 1.001613 1.001613
5920 18.350663 18.350663 18.350663 1.001613 1.001613 1.001613
5930 18.350663 18.350663 18.350663 1.001613 1.001613 1.001613
5940 18.350663 18.350663 18.350663 1.001613 1.001613 1.001613
5950 18.350663 18.350663 18.350663 1.001613 1.001613 1.001613
5960 18.350663 18.350663 18.350663 1.001613 1.001613 1.001613
5970 18.350663 18.350663 18.350663 1.001613 1.001613 1.001613
5980 18.350663 18.350663 18.350663 1.001613 1.001613 1.001613
5990 18.350663 18.350663 18.350663 1.001613 1.001613 1.001613
6000 18.350663 18.350663 18.350663 1.001613 1.001613 1.001613
6010 18.350663 18.350663 18.350663 1.001613 1.001613 1.001613
6020 18.350663 18.350663 18.350663 1.001613 1.001613 1.001613
6030 18.350663 18.350663 18.350663 1.001613 1.001613 1.001613
6040 18.350663 18.350663 18.350663 1.001613 1.001613 1.001613
6050 18.350663 18.350663 18.350663 1.001613 1.001613 1.001613
6060 18.350663 18.350663 18.350663 1.001613 1.001613 1.001613
6070 18.350663 18.350663 18.350663 1.001613 1.001613 1.001613
6080 18.350663 18.350663 18.350663 1.001613 1.001613 1.001613
6090 18.350663 18.350663 18.350663 1.001613 1.001613 1.001613
6100 18.350663 18.350663 18.350663 1.001613 1.001613 1.001613
6110 18.350663 18.350663 18.350663 1.001613 1.001613 1.001613
6120 18.350663 18.350663 18.350663 1.001613 1.001613 1.001613
6130 18.350663 18.350663 18.350663 1.001613 1.001613 1.001613
6140 18.350663 18.350663 18.350663 1.001613 1.001613 1.001613
6150 18.350663 18.350663 18.350663 1.001613 1.001613 1.001613
6160 18.350663 18.350663 18.350663 1.001613 1.001613 1.001613
6170 18.350663 18.350663 18.350663 1.001613 1.001613 1.001613
6180 18.350663 18.350663 18.350663 1.001613 1.001613 1.001613
6190 18.350663 18.350663 18.350663 1.001613 1.001613 1.001613
6200 18.350663 18.350663 18.350663 1.001613 1.001613 1.001613
6210 18.350663 18.350663 18.350663 1.001613 1.001613 1.001613
6220 18.350663 18.350663 18.350663 1.001613 1.001613 1.001613
6230 18.350663 18.350663 18.350663 1.001613 1.001613 1.001613
6240 18.350663 18.350663 18.350663 1.001613 1.001613 1.001613
6250 18.350663 18.350663 18.350663 1.001613 1.001613 1.001613
6260 18.350663 18.350663 18.350663 1.001613 1.001613 1.001613
6270 18.350663 18.350663 18.350663 1.001613 1.001613 1.001613
6280 18.350663 18.350663 18.350663 1.001613 1.001613 1.001613
6290 18.350663 18.350663 18.350663 1.001613 1.001613 1.001613
6300 18.350663 18.350663 18.350663 1.001613 1.001613 1.001613
6310 18.350663 18.350663 18.350663 1.001613 1.001613 1.001613
6320 18.350663 18.350663 18.350663 1.001613 1.001613 1.001613
6330 18.350663 18.350663 18.350663 1.001613 1.001613 1.001613
6340 18.350663 18.350663 18.350663 1.001613 1.001613 1.001613
6350 18.350663 18.350663 18.350663 1.001613 1.001613 1.001613
6360 18.350663 18.350663 18.350663 1.001613 1.001613 1.001613
6370 18.350663 18.350663 18.350663 1.001613 1.001613 1.001613
6380 18.350663 18.350663 18.350663 1.001613 1.001613 1.001613
6390 18.350663 18.350663 18.350663 1.001613 1.001613 1.001613
6400 18.350663 18.350663 18.350663 1.001613 1.001613 1.001613
6410 18.350663 18.350663 18.350663 1.001613 1.001613 1.001613
6420 18.350663 18.350663 18.350663 1.001613 1.001613 1.001613
6430 18.350663 18.350663 18.350663 1.001613 1.001613 1.001613
6440 18.350663 18.350663 18.350663 1.001613 1.001613 1.001613
6450 18.350663 18.350663 18.350663 1.001613 1.001613 1.001613
6460 18.350663 18.350663 18.350663 1.001613 1.001613 1.001613
6470 18.350663 18.350663 18.350663 1.001613 1.001613 1.001613
6480 18.350663 18.350663 18.350663 1.001613 1.001613 1.001613
6490 18.350663 18.350663 18.350663 1.001613 1.001613 1.001613
6500 18.350663 18.350663 18.350663 1.001613 1.001613 1.001613
6510 18.350663 18.350663 18.350663 1.001613 1.001613 1.001613
6520 18.350663 18.350663 18.350663 1.001613 1.001613 1.001613
6530 18.350663 18.350663 18.350663 1.001613 1.001613 1.001613
6540 18.350663 18.350663 18.350663 1.001613 1.001613 1.001613
6550 18.350663 18.350663 18.350663 1.001613 1.001613 1.001613
6560 18.350663 18.350663 18.350663 1.001613 1.001613 1.001613
6570 18.350663 18.350663 18.350663 1.001613 1.001613 1.001613
6580 18.350663 18.350663 18.350663 1.001613 1.001613 1.001613
6590 18.350663 18.350663 18.350663 1.001613 1.001613 1.001613
6600 18.350663 18.350663 18.350663 1.001613 1.001613 1.001613
6610 18.350663 18.350663 18.350663 1.001613 1.001613 1.001613
6620 18.350663 18.350663 18.350663 1.001613 1.001613 1.001613
6630 18.350663 18.350663 18.350663 1.001613 1.001613 1.001613
6640 18.350663 18.350663 18.350663 1.001613 1.001613 1.001613
6650 18.350663 18.350663 18.350663 1.001613 1.001613 1.001613
6660 18.350663 18.350663 18.350663 1.001613 1.001613 1.001613
6670 18.350663 18.350663 18.350663 1.001613 1.001613 1.001613
6680 18.350663 18.350663 18.350663 1.001613 1.001613 1.001613
6690 18.350663 18.350663 18.350663 1.001613 1.001613 1.001613
6700 18.350663 18.350663 18.350663 1.001613 1.001613 1.001613
6710 18.350663 18.350663 18.350663 1.001613 1.001613 1.001613
6720 18.350663 18.350663 18.350663 1.001613 1.001613 1.001613
6730 18.350663 18.350663 18.350663 1.001613 1.001613 1.001613
6740 18.350663 18.350663 18.350663 1.001613 1.001613 1.001613
6750 18.350663 18.350663 18.350663 1.001613 1.001613 1.001613
6760 18.350663 18.350663 18.350663 1.001613 1.001613 1.001613
6770 18.350663 18.350663 18.350663 1.001613 1.001613 1.001613
6780 18.350663 18.350663 18.350663 1.001613 1.001613 1.001613
6790 18.350663 18.350663 18.350663 1.001613 1.001613 1.001613
6800 18.350663 18.350663 18.350663 1.001613 1.001613 1.001613
6810 18.350663 18.350663 18.350663 1.001613 1.001613 1.001613
6820 18.350663 18.350663 18.350663 1.001613 1.001613 1.001613
6830 18.350663 18.350663 18.350663 1.001613 1.001613 1.001613
6840 18.350663 18.350663 18.350663 1.001613 1.001613 1.001613
6850 18.350663 18.350663 18.350663 1.001613 1.001613 1.001613
6860 18.350663 18.350663 18.350663 1.001613 1.001613 1.001613
6870 18.350663 18.350663 18.350663 1.001613 1.001613 1.001613
6880 18.350663 18.350663 18.350663 1.001613 1.001613 1.001613
6890 18.350663 18.350663 18.350663 1.001613 1.001613 1.001613
6900 18.350663 18.350663 18.350663 1.001613 1.001613 1.001613
6910 18.350663 18.350663 18.350663 1.001613 1.001613 1.001613
6920 18.350663 18.350663 18.350663 1.001613 1.001613 1.001613
6930 18.350663 18.350663 18.350663 1.001613 1.001613 1.001613
6940 18.350663 18.350663 18.350663 1.001613 1.001613 1.001613
6950 18.350663 18.350663 18.350663 1.001613 1.001613 1.001613
6960 18.350663 18.350663 18.350663 1.001613 1.001613 1.001613
6970 18.350663 18.350663 18.350663 1.001613 1.001613 1.001613
6980 18.350663 18.350663 18.350663 1.001613 1.001613 1.001613
6990 18.350663 18.350663 18.350663 1.001613 1.001613 1.001613
7000 18.350663 18.350663 18.350663 1.001613 1.001613 1.001613
7010 18.350663 18.350663 18.350663 1.001613 1.001613 1.001613
7020 18.350663 18.350663 18.350663 1.001613 1.001613 1.001613
7030 18.350663 18.350663 18.350663 1.001613 1.001613 1.001613
7040 18.350663 18.350663 18.350663 1.001613 1.001613 1.001613
7050 18.350663 18.350663 18.350663 1.001613 1.001613 1.001613
7060 18.350663 18.350663 18.350663 1.001613 1.001613 1.001613
7070 18.350663 18.350663 18.350663 1.001613 1.001613 1.001613
7080 18.350663 18.350663 18.350663 1.001613 1.001613 1.001613
7090 18.350663 18.350663 18.350663 1.001613 1.001613 1.001613
7100 18.350663 18.350663 18.350663 1.001613 1.001613 1.001613
7110 18.350663 18.350663 18.350663 1.001613 1.001613 1.001613
7120 18.350663 18.350663 18.350663 1.001613 1.001613 1.001613
7130 18.350663 18.350663 18.350663 1.001613 1.001613 1.001613
7140 18.350663 18.350663 18.350663 1.001613 1.001613 1.001613
7150 18.350663 18.350663 18.350663 1.001613 1.001613 1.001613
7160 18.350663 18.350663 18.350663 1.001613 1.001613 1.001613
7170 18.350663 18.350663 18.350663 1.001613 1.001613 1.001613
7180 18.350663 18.350663 18.350663 1.001613 1.001613 1.001613
7190 18.350663 18.350663 18.350663 1.001613 1.001613 1.001613
7200 18.350663 18.350663 18.350663 1.001613 1.001613 1.001613
7210 18.350663 18.350663 18.350663 1.001613 1.001613 1.001613
7220 18.350663 18.350663 18.350663 1.001613 1.001613 1.001613
7230 18.350663 18.350663 18.350663 1.001613 1.001613 1.001613
7240 18.350663 18.350663 18.350663 1.001613 1.001613 1.001613
7250 18.350663 18.350663 18.350663 1.001613 1.001613 1.001613
7260 18.350663 18.350663 18.350663 1.001613 1.001613 1.001613
7270 18.350663 18.350663 18.350663 1.001613 1.001613 1.001613
7280 18.350663 18.350663 18.350663 1.001613 1.001613 1.001613
7290 18.350663 18.350663 18.350663 1.001613 1.001613 1.001613
7300 18.350663 18.350663 18.350663 1.001613 1.001613 1.001613
7310 18.350663 18.350663 18.350663 1.001613 1.001613 1.001613
7320 18.350663 18.350663 18.350663 1.001613 1.001613 1.001613
7330 18.350663 18.350663 18.350663 1.001613 1.001613 1.001613
7340 18.350663 18.350663 18.350663 1.001613 1.001613 1.001613
7350 18.350663 18.350663 18.350663 1.001613 1.001613 1.001613
7360 18.350663 18.350663 18.350663 1.001613 1.001613 1.001613
7370 18.350663 18.350663 18.350663 1.001613 1.001613 1.001613
7380 18.350663 18.350663 18.350663 1.001613 1.001613 1.001613
7390 18.350663 18.350663 18.350663 1.001613 1.001613 1.001613
7400 18.350663 18.350663 18.350663 1.001613 1.001613 1.001613
7410 18.350663 18.350663 18.350663 1.001613 1.001613 1.001613
7420 18.350663 18.350663 18.350663 1.001613 1.001613 1.001613
7430 18.350663 18.350663 18.350663 1.001613 1.001613 1.001613
7440 18.350663 18.350663 18.350663 1.001613 1.001613 1.001613
7450 18.350663 18.350663 18.350663 1.001613 1.001613 1.001613
7460 18.350663 18.350663 18.350663 1.001613 1.001613 1.001613
7470 18.350663 18.350663 18.350663 1.001613 1.001613 1.001613
7480 18.350663 18.350663 18.350663 1.001613 1.001613 1.001613
7490 18.350663 18.350663 18.350663 1.001613 1.001613 1.001613
7500 18.350663 18.350663 18.350663 1.001613 1.001613 1.001613
7510 18.350663 18.350663 18.350663 1.001613 1.001613 1.001613
7520 18.350663 18.350663 18.350663 1.001613 1.001613 1.001613
7530 18.350663 18.350663 18.350663 1.001613 1.001613 1.001613
7540 18.350663 18.350663 18.350663 1.001613 1.001613 1.001613
7550 18.350663 18.350663 18.350663 1.001613 1.001613 1.001613
7560 18.350663 18.350663 18.350663 1.001613 1.001613 1.001613
7570 18.350663 18.350663 18.350663 1.001613 1.001613 1.001613
7580 18.350663 18.350663 18.350663 1.001613 1.001613 1.001613
7590 18.350663 18.350663 18.350663 1.001613 1.001613 1.001613
7600 18.350663 18.350663 18.350663 1.001613 1.001613 1.001613
7610 18.350663 18.350663 18.350663 1.001613 1.001613 1.001613
7620 18.350663 18.350663 18.350663 1.001613 1.001613 1.001613
7630 18.350663 18.350663 18.350663 1.001613 1.001613 1.001613
7640 18.350663 18.350663 18.350663 1.001613 1.001613 1.001613
7650 18.350663 18.350663 18.350663 1.001613 1.001613 1.001613
7660 18.350663 18.350663 18.350663 1.001613 1.001613 1.001613
7670 18.350663 18.350663 18.350663 1.001613 1.001613 1.001613
7680 18.350663 18.350663 18.350663 1.001613 1.001613 1.001613
7690 18.350663 18.350663 18.350663 1.001613 1.001613 1.001613
7700 18.350663 18.350663 18.350663 1.001613 1.001613 1.001613
7710 18.350663 18.350663 18.350663 1.001613 1.001613 1.001613
7720 18.350663 18.350663 18.350663 1.001613 1.001613 1.001613
7730 18.350663 18.350663 18.350663 1.001613 1.001613 1.001613
7740 18.350663 18.350663 18.350663 1.001613 1.001613 1.001613
7750 18.350663 18.350663 18.350663 1.001613 1.001613 1.001613
7760 18.350663 18.350663 18.350663 1.001613 1.001613 1.001613
7770 18.350663 18.350663 18.350663 1.001613 1.001613 1.001613
7780 18.350663 18.350663 18.350663 1.001613 1.001613 1.001613
7790 18.350663 18.350663 18.350663 1.001613 1.001613 1.001613
7800 18.350663 18.350663 18.350663 1.001613 1.001613 1.001613
7810 18.350663 18.350663 18.350663 1.001613 1.001613 1.001613
7820 18.350663 18.350663 18.350663 1.001613 1.001613 1.001613
7830 18.350663 18.350663 18.350663 1.001613 1.001613 1.001613
7840 18.350663 18.350663 18.350663 1.001613 1.001613 1.001613
7850 18.350663 18.350663 18.350663 1.001613 1.001613 1.001613
7860 18.350663 18.350663 18.350663 1.001613 1.001613 1.001613
7870 18.350663 18.350663 18.350663 1.001613 1.001613 1.001613
7880 18.350663 18.350663 18.350663 1.001613 1.001613 1.001613
7890 18.350663 18.350663 18.350663 1.001613 1.001613 1.001613
7900 18.350663 18.350663 18.350663 1.001613 1.001613 1.001613
7910 18.350663 18.350663 18.350663 1.001613 1.001613 1.001613
7920 18.350663 18.350663 18.350663 1.001613 1.001613 1.001613
7930 18.350663 18.350663 18.350663 1.001613 1.001613 1.001613
7940 18.350663 18.350663 18.350663 1.001613 1.001613 1.001613
7950 18.350663 18.350663 18.350663 1.001613 1.001613 1.001613
7960 18.350663 18.350663 18.350663 1.001613 1.001613 1.001613
7970 18.350663 18.350663 18.350663 1.001613 1.001613 1.001613
7980 18.350663 18.350663 18.350663 1.001613 1.001613 1.001613
7990 18.350663 18.350663 18.350663 1.001613 1.001613 1.001613
8000 18.350663 18.350663 18.350663 1.001613 1.001613 1.001613
8010 18.350663 18.350663 18.350663 1.001613 1.001613 1.001613
8020 18.350663 18.350663 18.350663 1.001613 1.001613 1.001613
8030 18.350663 18.350663 18.350663 1.001613 1.001613 1.001613
8040 18.350663 18.350663 18.350663 1.001613 1.001613 1.001613
8050 18.350663 18.350663 18.350663 1.001613 1.001613 1.001613
8060 18.350663 18.350663 18.350663 1.001613 1.001613 1.001613
8070 18.350663 18.350663 18.350663 1.001613 1.001613 1.001613
8080 18.350663 18.350663 18.350663 1.001613 1.001613 1.001613
8090 18.350663 18.350663 18.350663 1.001613 1.001613 1.001613
8100 18.350663 18.350663 18.350663 1.001613 1.001613 1.001613
8110 18.350663 18.350663 18.350663 1.001613 1.001613 1.001613
8120 18.350663 18.350663 18.350663 1.001613 1.001613 1.001613
8130 18.350663 18.350663 18.350663 1.001613 1.001613 1.001613
8140 18.350663 18.350663 18.350663 1.001613 1.001613 1.001613
8150 18.350663 18.350663 18.350663 1.001613 1.001613 1.001613
8160 18.350663 18.350663 18.350663 1.001613 1.001613 1.001613
8170 18.350663 18.350663 18.350663 1.001613 1.001613 1.001613
8180 18.350663 18.350663 18.350663 1.001613 1.001613 1.001613
8190 18.350663 18.350663 18.350663 1.001613 1.001613 1.001613
8200 18.350663 18.350663 18.350663 1.001613 1.001613 1.001613
8210 18.350663 18.350663 18.350663 1.001613 1.001613 1.001613
8220 18.350663 18.350663 18.350663 1.001613 1.001613 1.001613
8230 18.350663 18.350663 18.350663 1.001613 1.001613 1.001613
8240 18.350663 18.350663 18.350663 1.001613 1.001613 1.001613
8250 18.350663 18.350663 18.350663 1.001613 1.001613 1.001613
8260 18.350663 18.350663 18.350663 1.001613 1.001613 1.001613
8270 18.350663 18.350663 18.350663 1.001613 1.001613 1.001613
8280 18.350663 18.350663 18.350663 1.001613 1.001613 1.001613
8290 18.350663 18.350663 18.350663 1.001613 1.001613 1.001613
8300 18.350663 18.350663 18.350663 1.001613 1.001613 1.001613
8310 18.350663 18.350663 18.350663 1.001613 1.001613 1.001613
8320 18.350663 18.350663 18.350663 1.001613 1.001613 1.001613
8330 18.350663 18.350663 18.350663 1.001613 1.001613 1.001613
8340 18.350663 18.350663 18.350663 1.001613 1.001613 1.001613
8350 18.350663 18.350663 18.350663 1.001613 1.001613 1.001613
8360 18.350663 18.350663 18.350663 1.001613 1.001613 1.001613
8370 18.350663 18.350663 18.350663 1.001613 1.001613 1.001613
8380 18.350663 18.350663 18.350663 1.001613 1.001613 1.001613
8390 18.350663 18.350663 18.350663 1.001613 1.001613 1.001613
8400 18.350663 18.350663 18.350663 1.001613 1.001613 1.001613
8410 18.350663 18.350663 18.350663 1.001613 1.001613 1.001613
8420 18.350663 18.350663 18.350663 1.001613 1.001613 1.001613
8430 18.350663 18.350663 18.350663 1.001613 1.001613 1.001613
8440 18.350663 18.350663 18.350663 1.001613 1.001613 1.001613
8450 18.350663 18.350663 18.350663 1.001613 1.001613 1.001613
8460 18.350663 18.350663 18.350663 1.001613 1.001613 1.001613
8470 18.350663 18.350663 18.350663 1.001613 1.001613 1.001613
8480 18.350663 18.350663 18.350663 1.001613 1.001613 1.001613
8490 18.350663 18.350663 18.350663 1.001613 1.001613 1.001613
8500 18.350663 18.350663 18.350663 1.001613 1.001613 1.001613
8510 18.350663 18.350663 18.350663 1.001613 1.001613 1.001613
8520 18.350663 18.350663 18.350663 1.001613 1.001613 1.001613
8530 18.350663 18.350663 18.350663 1.001613 1.001613 1.001613
8540 18.350663 18.350663 18.350663 1.001613 1.001613 1.001613
8550 18.350663 18.350663 18.350663 1.001613 1.001613 1.001613
8560 18.350663 18.350663 18.350663 1.001613 1.001613 1.001613
8570 18.350663 18.350663 18.350663 1.001613 1.001613 1.001613
8580 18.350663 18.350663 18.350663 1.001613 1.001613 1.001613
8590 18.350663 18.350663 18.350663 1.001613 1.001613 1.001613
8600 18.350663 18.350663 18.350663 1.001613 1.001613 1.001613
8610 18.350663 18.350663 18.350663 1.001613 1.001613 1.001613
8620 18.350663 18.350663 18.350663 1.001613 1.001613 1.001613
8630 18.350663 18.350663 18.350663 1.001613 1.001613 1.001613
8640 18.350663 18.350663 18.350663 1.001613 1.001613 1.001613
8650 18.350663 18.350663 18.350663 1.001613 1.001613 1.001613
8660 18.350663 18.350663 18.350663 1.001613 1.001613 1.001613
8670 18.350663 18.350663 18.350663 1.001613 1.001613 1.001613
8680 18.350663 18.350663 18.350663 1.001613 1.001613 1.001613
8690 18.350663 18.350663 18.350663 1.001613 1.001613 1.001613
8700 18.350663 18.350663 18.350663 1.001613 1.001613 1.001613
8710 18.350663 18.350663 18.350663 1.001613 1.001613 1.001613
8720 18.350663 18.350663 18.350663 1.001613 1.001613 1.001613
8730 18.350663 18.350663 18.350663 1.001613 1.001613 1.001613
8740 18.350663 18.350663 18.350663 1.001613 1.001613 1.001613
8750 18.350663 18.350663 18.350663 1.001613 1.001613 1.001613
8760 18.350663 18.350663 18.350663 1.001613 1.001613 1.001613
8770 18.350663 18.350663 18.350663 1.001613 1.001613 1.001613
8780 18.350663 18.350663 18.350663 1.001613 1.001613 1.001613
8790 18.350663 18.350663 18.350663 1.001613 1.001613 1.001613
8800 18.350663 18.350663 18.350663 1.001613 1.001613 1.001613
8810 18.350663 18.350663 18.350663 1.001613 1.001613 1.001613
8820 18.350663 18.350663 18.350663 1.001613 1.001613 1.001613
8830 18.350663 18.350663 18.350663 1.001613 1.001613 1.001613
8840 18.350663 18.350663 18.350663 1.001613 1.001613 1.001613
8850 18.350663 18.350663 18.350663 1.001613 1.001613 1.001613
8860 18.350663 18.350663 18.350663 1.001613 1.001613 1.001613
8870 18.350663 18.350663 18.350663 1.001613 1.001613 1.001613
8880 18.350663 18.350663 18.350663 1.001613 1.001613 1.001613
8890 18.350663 18.350663 18.350663 1.001613 1.001613 1.001613
8900 18.350663 18.350663 18.350663 1.001613 1.001613 1.001613
8910 18.350663 18.350663 18.350663 1.001613 1.001613 1.001613
8920 18.350663 18.350663 18.350663 1.001613 1.001613 1.001613
8930 18.350663 18.350663 18.350663 1.001613 1.001613 1.001613
8940 18.350663 18.350663 18.350663 1.001613 1.001613 1.001613
8950 18.350663 18.350663 18.350663 1.001613 1.001613 1.001613
8960 18.350663 18.350663 18.350663 1.001613 1.001613 1.001613
8970 18.350663 18.350663 18.350663 1.001613 1.001613 1.001613
8980 18.350663 18.350663 18.350663 1.001613 1.001613 1.001613
8990 18.350663 18.350663 18.350663 1.001613 1.001613 1.001613
9000 18.350663 18.350663 18.350663 1.001613 1.001613 1.001613
9010 18.350663 18.350663 18.350663 1.001613 1.001613 1.001613
9020 18.350663 18.350663 18.350663 1.001613 1.001613 1.001613
9030 18.350663 18.350663 18.350663 1.001613 1.001613 1.001613
9040 18.350663 18.350663 18.350663 1.001613 1.001613 1.001613
9050 18.350663 18.350663 18.350663 1.001613 1.001613 1.001613
9060 18.350663 18.350663 18.350663 1.001613 1.001613 1.001613
9070 18.350663 18.350663 18.350663 1.001613 1.001613 1.001613
9080 18.350663 18.350663 18.350663 1.001613 1.001613 1.001613
9090 18.350663 18.350663 18.350663 1.001613 1.001613 1.001613
9100 18.350663 18.350663 18.350663 1.001613 1.001613 1.001613
9110 18.350663 18.350663 18.350663 1.001613 1.001613 1.001613
9120 18.350663 18.350663 18.350663 1.001613 1.001613 1.001613
9130 18.350663 18.350663 18.350663 1.001613 1.001613 1.001613
9140 18.350663 18.350663 18.350663 1.001613 1.001613 1.001613
9150 18.350663 18.350663 18.350663 1.001613 1.001613 1.001613
9160 18.350663 18.350663 18.350663 1.001613 1.001613 1.001613
9170 18.350663 18.350663 18.350663 1.001613 1.001613 1.001613
9180 18.350663 18.350663 18.350663 1.001613 1.001613 1.001613
9190 18.350663 18.350663 18.350663 1.001613 1.001613 1.001613
9200 18.350663 18.350663 18.350663 1.001613 1.001613 1.001613
9210 18.350663 18.350663 18.350663 1.001613 1.001613 1.001613
9220 18.350663 18.350663 18.350663 1.001613 1.001613 1.001613
9230 18.350663 18.350663 18.350663 1.001613 1.001613 1.001613
9240 18.350663 18.350663 18.350663 1.001613 1.001613 1.001613
9250 18.350663 18.350663 18.350663 1.001613 1.001613 1.001613
9260 18.350663 18.350663 18.350663 1.001613 1.001613 1.001613
9270 18.350663 18.350663 18.350663 1.001613 1.001613 1.001613
9280 18.350663 18.350663 18.350663 1.001613 1.001613 1.001613
9290 18.350663 18.350663 18.350663 1.001613 1.001613 1.001613
9300 18.350663 18.350663 18.350663 1.001613 1.001613 1.001613
9310 18.350663 18.350663 18.350663 1.001613 1.001613 1.001613
9320 18.350663 18.350663 18.350663 1.001613 1.001613 1.001613
9330 18.350663 18.350663 18.350663 1.001613 1.001613 1.001613
9340 18.350663 18.350663 18.350663 1.001613 1.001613 1.001613
9350 18.350663 18.350663 18.350663 1.001613 1.001613 1.001613
9360 18.350663 18.350663 18.350663 1.001613 1.001613 1.001613
9370 18.350663 18.350663 18.350663 1.001613 1.001613 1.001613
9380 18.350663 18.350663 18.350663 1.001613 1.001613 1.001613
9390 18.350663 18.350663 18.350663 1.001613 1.001613 1.001613
9400 18.350663 18.350663 18.350663 1.001613 1.001613 1.001613
9410 18.350663 18.350663 18.350663 1.001613 1.001613 1.001613
9420 18.350663 18.350663 18.350663 1.001613 1.001613 1.001613
9430 18.350663 18.350663 18.350663 1.001613 1.001613 1.001613
9440 18.350663 18.350663 18.350663 1.001613 1.001613 1.001613
9450 18.350663 18.350663 18.350663 1.001613 1.001613 1.001613
9460 18.350663 18.350663 18.350663 1.001613 1.001613 1.001613
9470 18.350663 18.350663 18.350663 1.001613 1.001613 1.001613
9480 18.350663 18.350663 18.350663 1.001613 1.001613 1.001613
9490 18.350663 18.350663 18.350663 1.001613 1.001613 1.001613
9500 18.350663 18.350663 18.350663 1.001613 1.001613 1.001613
9510 18.350663 18.350663 18.350663 1.001613 1.001613 1.001613
9520 18.350663 18.350663 18.350663 1.001613 1.001613 1.001613
9530 18.350663 18.350663 18.350663 1.001613 1.001613 1.001613
9540 18.350663 18.350663 18.350663 1.001613 1.001613 1.001613
9550 18.350663 18.350663 18.350663 1.001613 1.001613 1.001613
9560 18.350663 18.350663 18.350663 1.001613 1.001613 1.001613
9570 18.350663 18.350663 18.350663 1.001613 1.001613 1.001613
9580 18.350663 18.350663 18.350663 1.001613 1.001613 1.001613
9590 18.350663 18.350663 18.350663 1.001613 1.001613 1.001613
9600 18.350663 18.350663 18.350663 1.001613 1.001613 1.001613
9610 18.350663 18.350663 18.350663 1.001613 1.001613 1.001613
9620 18.350663 18.350663 18.350663 1.001613 1.001613 1.001613
9630 18.350663 18.350663 18.350663 1.001613 1.001613 1.001613
9640 18.350663 18.350663 18.350663 1.001613 1.001613 1.001613
9650 18.350663 18.350663 18.350663 1.001613 1.001613 1.001613
9660 18.350663 18.350663 18.350663 1.001613 1.001613 1.001613
9670 18.350663 18.350663 18.350663 1.001613 1.001613 1.001613
9680 18.350663 18.350663 18.350663 1.001613 1.001613 1.001613
9690 18.350663 18.350663 18.350663 1.001613 1.001613 1.001613
9700 18.350663 18.350663 18.350663 1.001613 1.001613 1.001613
9710 18.350663 18.350663 18.350663 1.001613 1.001613 1.001613
9720 18.350663 18.350663 18.350663 1.001613 1.001613 1.001613
9730 18.350663 18.350663 18.350663 1.001613 1.001613 1.001613
9740 18.350663 18.350663 18.350663 1.001613 1.001613 1.001613
9750 18.350663 18.350663 18.350663 1.001613 1.001613 1.001613
9760 18.350663 18.350663 18.350663 1.001613 1.001613 1.001613
9770 18.350663 18.350663 18.350663 1.001613 1.001613 1.001613
9780 18.350663 18.350663 18.350663 1.001613 1.001613 1.001613
9790 18.350663 18.350663 18.350663 1.001613 1.001613 1.001613
9800 18.350663 18.350663 18.350663 1.001613 1.001613 1.001613
9810 18.350663 18.350663 18.350663 1.001613 1.001613 1.001613
9820 18.350663 18.350663 18.350663 1.001613 1.001613 1.001613
9830 18.350663 18.350663 18.350663 1.001613 1.001613 1.001613
9840 18.350663 18.350663 18.350663 1.001613 1.001613 1.001613
9850 18.350663 18.350663 18.350663 1.001613 1.001613 1.001613
9860 18.350663 18.350663 18.350663 1.001613 1.001613 1.001613
9870 18.350663 18.350663 18.350663 1.001613 1.001613 1.001613
9880 18.350663 18.350663 18.350663 1.001613 1.001613 1.001613
9890 18.350663 18.350663 18.350663 1.001613 1.001613 1.001613
9900 18.350663 18.350663 18.350663 1.001613 1.001613 1.001613
9910 18.350663 18.350663 18.350663 1.001613 1.001613 1.001613
9920 18.350663 18.350663 18.350663 1.001613 1.001613 1.001613
9930 18.350663 18.350663 18.350663 1.001613 1.001613 1.001613
9940 18.350663 18.350663 18.350663 1.001613 1.001613 1.001613
9950 18.350663 18.350663 18.350663 1.001613 1.001613 1.001613
9960 18.350663 18.350663 18.350663 1.001613 1.001613 1.001613
9970 18.350663 18.350663 18.350663 1.001613 1.001613 1.001613
9980 18.350663 18.350663 18.350663 1.001613 1.001613 1.001613
9990 18.350663 18.350663 18.350663 1.001613 1.001613 1.001613
10000 18.350663 18.350663 18.350663 1.001613 1.001613 1.001613
