# generation power_min power_avg power_max util_min util_avg util_max
1 15.919380 18.248344 21.180436 0.198012 0.252061 0.311960
10 15.919380 17.916444 19.721634 0.198012 0.245573 0.294245
20 15.468445 17.608279 19.264149 0.192392 0.240545 0.284329
30 15.468445 17.345199 18.606005 0.192392 0.236759 0.278869
40 14.418661 17.098426 18.385462 0.174508 0.232290 0.269987
50 14.232896 16.819422 18.196883 0.163401 0.227198 0.269987
60 14.232896 16.549702 18.043304 0.163401 0.222131 0.267000
70 14.232896 16.293785 17.857515 0.163401 0.217463 0.258688
80 13.792650 16.016028 17.442718 0.163401 0.212634 0.251442
90 13.792650 15.782427 17.089268 0.163401 0.208214 0.243578
100 13.792650 15.582266 16.904761 0.163401 0.204441 0.239157
110 13.381789 15.325140 16.505914 0.158260 0.199929 0.230466
120 13.217671 15.119167 16.184955 0.158260 0.196358 0.230466
130 13.217671 14.947290 15.976421 0.156286 0.192521 0.225484
140 12.827758 14.755116 15.774526 0.156286 0.188740 0.217733
150 12.741988 14.552165 15.600484 0.156286 0.184910 0.213763
160 12.645715 14.357363 15.464188 0.156286 0.181865 0.213763
170 12.419161 14.130073 15.292239 0.149696 0.178231 0.213763
180 12.018003 13.906279 15.157376 0.149521 0.174750 0.213763
190 12.018003 13.725701 14.997488 0.149521 0.171732 0.200260
200 12.018003 13.546866 14.623716 0.147615 0.169113 0.194374
210 11.874348 13.368204 14.418661 0.144416 0.166342 0.190265
220 11.874348 13.179437 14.256565 0.144416 0.163652 0.185964
230 11.836951 13.040528 13.977875 0.144416 0.162810 0.185964
240 11.836951 12.902035 13.769230 0.144416 0.161206 0.185964
250 11.760839 12.763081 13.572566 0.144416 0.159882 0.178580
260 11.760839 12.635423 13.388589 0.144416 0.158753 0.175671
270 11.395176 12.486749 13.338834 0.136287 0.156743 0.175671
280 11.182061 12.343914 13.110246 0.136287 0.154922 0.173176
290 10.988355 12.209980 12.879649 0.131482 0.152743 0.164888
300 10.988355 12.099195 12.727919 0.131482 0.151304 0.162440
310 10.988355 11.996201 12.593214 0.127659 0.149639 0.162440
320 10.969868 11.889616 12.500247 0.127500 0.147995 0.161362
330 10.750145 11.766040 12.400270 0.125547 0.145725 0.161362
340 10.721444 11.653367 12.304548 0.124284 0.143812 0.159596
350 10.673011 11.537943 12.148948 0.124039 0.141584 0.158470
360 10.554680 11.422398 12.069502 0.114393 0.139254 0.155568
370 10.554680 11.317705 11.922359 0.114393 0.137424 0.155212
380 10.554680 11.235765 11.792608 0.114393 0.135863 0.155212
390 10.527444 11.137394 11.663680 0.109638 0.133768 0.149781
400 9.985794 11.038417 11.530068 0.106592 0.131703 0.149781
410 9.985794 10.948586 11.460030 0.106592 0.129748 0.143998
420 9.985794 10.853925 11.375602 0.106592 0.127736 0.142859
430 9.985794 10.766975 11.259252 0.106592 0.126350 0.139938
440 9.841493 10.677821 11.084510 0.106592 0.124697 0.136407
450 9.841493 10.617390 11.005806 0.106592 0.123839 0.136407
460 9.775595 10.538282 10.931126 0.105266 0.122293 0.135645
470 9.574966 10.458806 10.850262 0.105266 0.121116 0.131490
480 9.574966 10.380102 10.776884 0.105266 0.119743 0.131490
490 9.574966 10.307271 10.703326 0.105266 0.118463 0.131490
500 9.574966 10.236648 10.672134 0.105266 0.117031 0.129831
510 9.570491 10.166007 10.627205 0.105266 0.115363 0.129831
520 9.551700 10.093474 10.527444 0.097585 0.114347 0.129831
530 9.416670 10.029737 10.418476 0.097585 0.113416 0.125359
540 9.416670 9.972666 10.268717 0.097585 0.112492 0.122658
550 9.170623 9.913950 10.206654 0.097585 0.111424 0.118388
560 9.170623 9.855323 10.170346 0.097585 0.110808 0.118388
570 9.099512 9.791455 10.097666 0.097585 0.110012 0.118388
580 9.099512 9.732066 10.021366 0.097585 0.109433 0.118388
590 9.099512 9.670739 10.008041 0.097585 0.108736 0.118388
600 8.991252 9.600771 9.973954 0.097585 0.108161 0.118388
610 8.991252 9.527435 9.922224 0.097585 0.107408 0.118388
620 8.981424 9.463695 9.841493 0.097585 0.106723 0.116731
630 8.921072 9.397404 9.775595 0.097585 0.105839 0.116731
640 8.921072 9.341294 9.689663 0.097585 0.105378 0.116731
650 8.881253 9.275764 9.574966 0.098347 0.104600 0.113994
660 8.881253 9.222645 9.551700 0.098347 0.103790 0.111483
670 8.817068 9.172454 9.474340 0.098347 0.102925 0.110295
680 8.817068 9.124173 9.392253 0.098347 0.102379 0.110295
690 8.778325 9.079232 9.331646 0.098347 0.101674 0.110295
700 8.778325 9.044031 9.307235 0.098347 0.100915 0.107305
710 8.778325 9.008333 9.239271 0.098347 0.100648 0.105974
720 8.708808 8.969881 9.208848 0.098347 0.100585 0.105974
730 8.708808 8.935571 9.148241 0.098347 0.100440 0.105974
740 8.708808 8.911311 9.051665 0.099114 0.100281 0.103958
750 8.708808 8.890065 9.006202 0.099114 0.100161 0.103958
760 8.683718 8.867800 8.981424 0.099114 0.100080 0.101129
770 8.683718 8.849453 8.961666 0.099114 0.099980 0.101129
780 8.683718 8.832975 8.926404 0.099114 0.099958 0.101129
790 8.683718 8.818637 8.921072 0.099114 0.100049 0.101129
800 8.683718 8.801837 8.892149 0.099114 0.100035 0.101129
810 8.683718 8.787284 8.881253 0.099114 0.100020 0.101129
820 8.683718 8.774715 8.817068 0.099114 0.100061 0.101129
830 8.683718 8.763914 8.817068 0.099114 0.100199 0.101129
840 8.683718 8.752772 8.811736 0.100041 0.100326 0.101129
850 8.609480 8.741512 8.811736 0.100041 0.100355 0.101129
860 8.609480 8.730158 8.811736 0.100041 0.100415 0.101129
870 8.609480 8.717607 8.811736 0.100041 0.100497 0.101129
880 8.609480 8.706392 8.778325 0.100041 0.100585 0.101129
890 8.609480 8.696932 8.778325 0.100041 0.100694 0.101129
900 8.609480 8.690252 8.708808 0.100041 0.100803 0.101129
910 8.609480 8.687743 8.708808 0.100041 0.100912 0.101129
920 8.609480 8.685234 8.708808 0.100041 0.101021 0.101129
930 8.609480 8.682976 8.683718 0.100041 0.101119 0.101129
940 8.609480 8.682976 8.683718 0.100041 0.101119 0.101129
950 8.609480 8.682233 8.683718 0.100041 0.101108 0.101129
960 8.609480 8.682233 8.683718 0.100041 0.101108 0.101129
970 8.609480 8.682233 8.683718 0.100041 0.101108 0.101129
980 8.609480 8.682233 8.683718 0.100041 0.101108 0.101129
990 8.609480 8.681491 8.683718 0.100041 0.101097 0.101129
1000 8.604148 8.680695 8.683718 0.100041 0.101097 0.101129
1010 8.604148 8.678415 8.683718 0.100041 0.101075 0.101129
1020 8.604148 8.676930 8.683718 0.100041 0.101053 0.101129
1030 8.604148 8.673801 8.683718 0.100041 0.101042 0.101129
1040 8.604148 8.672262 8.683718 0.100041 0.101031 0.101129
1050 8.604148 8.669186 8.683718 0.100041 0.101010 0.101129
1060 8.604148 8.665208 8.683718 0.100041 0.101010 0.101129
1070 8.604148 8.662874 8.683718 0.100041 0.100999 0.101129
1080 8.604148 8.655713 8.683718 0.100041 0.100999 0.101129
1090 8.604148 8.648605 8.683718 0.100041 0.100988 0.101129
1100 8.604148 8.643088 8.683718 0.100041 0.100977 0.101129
1110 8.604148 8.635131 8.683718 0.100041 0.100977 0.101129
1120 8.604148 8.627174 8.683718 0.100041 0.100977 0.101129
1130 8.604148 8.619217 8.683718 0.100041 0.100977 0.101129
1140 8.604148 8.611260 8.683718 0.100041 0.100977 0.101129
1150 8.604148 8.604788 8.609480 0.100041 0.100999 0.101129
1160 8.604148 8.604255 8.609480 0.100041 0.101108 0.101129
1170 8.604148 8.604148 8.604148 0.101129 0.101129 0.101129
1180 8.604148 8.604148 8.604148 0.101129 0.101129 0.101129
1190 8.604148 8.604148 8.604148 0.101129 0.101129 0.101129
1200 8.604148 8.604148 8.604148 0.101129 0.101129 0.101129
1210 8.604148 8.604148 8.604148 0.101129 0.101129 0.101129
1220 8.604148 8.604148 8.604148 0.101129 0.101129 0.101129
1230 8.604148 8.604148 8.604148 0.101129 0.101129 0.101129
1240 8.604148 8.604148 8.604148 0.101129 0.101129 0.101129
1250 8.604148 8.604148 8.604148 0.101129 0.101129 0.101129
1260 8.604148 8.604148 8.604148 0.101129 0.101129 0.101129
1270 8.604148 8.604148 8.604148 0.101129 0.101129 0.101129
1280 8.604148 8.604148 8.604148 0.101129 0.101129 0.101129
1290 8.604148 8.604148 8.604148 0.101129 0.101129 0.101129
1300 8.604148 8.604148 8.604148 0.101129 0.101129 0.101129
1310 8.604148 8.604148 8.604148 0.101129 0.101129 0.101129
1320 8.604148 8.604148 8.604148 0.101129 0.101129 0.101129
1330 8.604148 8.604148 8.604148 0.101129 0.101129 0.101129
1340 8.604148 8.604148 8.604148 0.101129 0.101129 0.101129
1350 8.604148 8.604148 8.604148 0.101129 0.101129 0.101129
1360 8.604148 8.604148 8.604148 0.101129 0.101129 0.101129
1370 8.604148 8.604148 8.604148 0.101129 0.101129 0.101129
1380 8.604148 8.604148 8.604148 0.101129 0.101129 0.101129
1390 8.604148 8.604148 8.604148 0.101129 0.101129 0.101129
1400 8.604148 8.604148 8.604148 0.101129 0.101129 0.101129
1410 8.604148 8.604148 8.604148 0.101129 0.101129 0.101129
1420 8.604148 8.604148 8.604148 0.101129 0.101129 0.101129
1430 8.604148 8.604148 8.604148 0.101129 0.101129 0.101129
1440 8.604148 8.604148 8.604148 0.101129 0.101129 0.101129
1450 8.604148 8.604148 8.604148 0.101129 0.101129 0.101129
1460 8.604148 8.604148 8.604148 0.101129 0.101129 0.101129
1470 8.604148 8.604148 8.604148 0.101129 0.101129 0.101129
1480 8.604148 8.604148 8.604148 0.101129 0.101129 0.101129
1490 8.604148 8.604148 8.604148 0.101129 0.101129 0.101129
1500 8.604148 8.604148 8.604148 0.101129 0.101129 0.101129
1510 8.604148 8.604148 8.604148 0.101129 0.101129 0.101129
1520 8.604148 8.604148 8.604148 0.101129 0.101129 0.101129
1530 8.604148 8.604148 8.604148 0.101129 0.101129 0.101129
1540 8.604148 8.604148 8.604148 0.101129 0.101129 0.101129
1550 8.604148 8.604148 8.604148 0.101129 0.101129 0.101129
1560 8.604148 8.604148 8.604148 0.101129 0.101129 0.101129
1570 8.604148 8.604148 8.604148 0.101129 0.101129 0.101129
1580 8.604148 8.604148 8.604148 0.101129 0.101129 0.101129
1590 8.604148 8.604148 8.604148 0.101129 0.101129 0.101129
1600 8.604148 8.604148 8.604148 0.101129 0.101129 0.101129
1610 8.604148 8.604148 8.604148 0.101129 0.101129 0.101129
1620 8.604148 8.604148 8.604148 0.101129 0.101129 0.101129
1630 8.604148 8.604148 8.604148 0.101129 0.101129 0.101129
1640 8.604148 8.604148 8.604148 0.101129 0.101129 0.101129
1650 8.604148 8.604148 8.604148 0.101129 0.101129 0.101129
1660 8.604148 8.604148 8.604148 0.101129 0.101129 0.101129
1670 8.604148 8.604148 8.604148 0.101129 0.101129 0.101129
1680 8.604148 8.604148 8.604148 0.101129 0.101129 0.101129
1690 8.604148 8.604148 8.604148 0.101129 0.101129 0.101129
1700 8.604148 8.604148 8.604148 0.101129 0.101129 0.101129
1710 8.604148 8.604148 8.604148 0.101129 0.101129 0.101129
1720 8.604148 8.604148 8.604148 0.101129 0.101129 0.101129
1730 8.604148 8.604148 8.604148 0.101129 0.101129 0.101129
1740 8.604148 8.604148 8.604148 0.101129 0.101129 0.101129
1750 8.604148 8.604148 8.604148 0.101129 0.101129 0.101129
1760 8.604148 8.604148 8.604148 0.101129 0.101129 0.101129
1770 8.604148 8.604148 8.604148 0.101129 0.101129 0.101129
1780 8.604148 8.604148 8.604148 0.101129 0.101129 0.101129
1790 8.604148 8.604148 8.604148 0.101129 0.101129 0.101129
1800 8.604148 8.604148 8.604148 0.101129 0.101129 0.101129
1810 8.604148 8.604148 8.604148 0.101129 0.101129 0.101129
1820 8.604148 8.604148 8.604148 0.101129 0.101129 0.101129
1830 8.604148 8.604148 8.604148 0.101129 0.101129 0.101129
1840 8.604148 8.604148 8.604148 0.101129 0.101129 0.101129
1850 8.604148 8.604148 8.604148 0.101129 0.101129 0.101129
1860 8.604148 8.604148 8.604148 0.101129 0.101129 0.101129
1870 8.604148 8.604148 8.604148 0.101129 0.101129 0.101129
1880 8.604148 8.604148 8.604148 0.101129 0.101129 0.101129
1890 8.604148 8.604148 8.604148 0.101129 0.101129 0.101129
1900 8.604148 8.604148 8.604148 0.101129 0.101129 0.101129
1910 8.604148 8.604148 8.604148 0.101129 0.101129 0.101129
1920 8.604148 8.604148 8.604148 0.101129 0.101129 0.101129
1930 8.604148 8.604148 8.604148 0.101129 0.101129 0.101129
1940 8.604148 8.604148 8.604148 0.101129 0.101129 0.101129
1950 8.604148 8.604148 8.604148 0.101129 0.101129 0.101129
1960 8.604148 8.604148 8.604148 0.101129 0.101129 0.101129
1970 8.604148 8.604148 8.604148 0.101129 0.101129 0.101129
1980 8.604148 8.604148 8.604148 0.101129 0.101129 0.101129
1990 8.604148 8.604148 8.604148 0.101129 0.101129 0.101129
2000 8.604148 8.604148 8.604148 0.101129 0.101129 0.101129
2010 8.604148 8.604148 8.604148 0.101129 0.101129 0.101129
2020 8.604148 8.604148 8.604148 0.101129 0.101129 0.101129
2030 8.604148 8.604148 8.604148 0.101129 0.101129 0.101129
2040 8.604148 8.604148 8.604148 0.101129 0.101129 0.101129
2050 8.604148 8.604148 8.604148 0.101129 0.101129 0.101129
2060 8.604148 8.604148 8.604148 0.101129 0.101129 0.101129
2070 8.604148 8.604148 8.604148 0.101129 0.101129 0.101129
2080 8.604148 8.604148 8.604148 0.101129 0.101129 0.101129
2090 8.604148 8.604148 8.604148 0.101129 0.101129 0.101129
2100 8.604148 8.604148 8.604148 0.101129 0.101129 0.101129
2110 8.604148 8.604148 8.604148 0.101129 0.101129 0.101129
2120 8.604148 8.604148 8.604148 0.101129 0.101129 0.101129
2130 8.604148 8.604148 8.604148 0.101129 0.101129 0.101129
2140 8.604148 8.604148 8.604148 0.101129 0.101129 0.101129
2150 8.604148 8.604148 8.604148 0.101129 0.101129 0.101129
2160 8.604148 8.604148 8.604148 0.101129 0.101129 0.101129
2170 8.604148 8.604148 8.604148 0.101129 0.101129 0.101129
2180 8.604148 8.604148 8.604148 0.101129 0.101129 0.101129
2190 8.604148 8.604148 8.604148 0.101129 0.101129 0.101129
2200 8.604148 8.604148 8.604148 0.101129 0.101129 0.101129
2210 8.604148 8.604148 8.604148 0.101129 0.101129 0.101129
2220 8.604148 8.604148 8.604148 0.101129 0.101129 0.101129
2230 8.604148 8.604148 8.604148 0.101129 0.101129 0.101129
2240 8.604148 8.604148 8.604148 0.101129 0.101129 0.101129
2250 8.604148 8.604148 8.604148 0.101129 0.101129 0.101129
2260 8.604148 8.604148 8.604148 0.101129 0.101129 0.101129
2270 8.604148 8.604148 8.604148 0.101129 0.101129 0.101129
2280 8.604148 8.604148 8.604148 0.101129 0.101129 0.101129
2290 8.604148 8.604148 8.604148 0.101129 0.101129 0.101129
2300 8.604148 8.604148 8.604148 0.101129 0.101129 0.101129
2310 8.604148 8.604148 8.604148 0.101129 0.101129 0.101129
2320 8.604148 8.604148 8.604148 0.101129 0.101129 0.101129
2330 8.604148 8.604148 8.604148 0.101129 0.101129 0.101129
2340 8.604148 8.604148 8.604148 0.101129 0.101129 0.101129
2350 8.604148 8.604148 8.604148 0.101129 0.101129 0.101129
2360 8.604148 8.604148 8.604148 0.101129 0.101129 0.101129
2370 8.604148 8.604148 8.604148 0.101129 0.101129 0.101129
2380 8.604148 8.604148 8.604148 0.101129 0.101129 0.101129
2390 8.604148 8.604148 8.604148 0.101129 0.101129 0.101129
2400 8.604148 8.604148 8.604148 0.101129 0.101129 0.101129
2410 8.604148 8.604148 8.604148 0.101129 0.101129 0.101129
2420 8.604148 8.604148 8.604148 0.101129 0.101129 0.101129
2430 8.604148 8.604148 8.604148 0.101129 0.101129 0.101129
2440 8.604148 8.604148 8.604148 0.101129 0.101129 0.101129
2450 8.604148 8.604148 8.604148 0.101129 0.101129 0.101129
2460 8.604148 8.604148 8.604148 0.101129 0.101129 0.101129
2470 8.604148 8.604148 8.604148 0.101129 0.101129 0.101129
2480 8.604148 8.604148 8.604148 0.101129 0.101129 0.101129
2490 8.604148 8.604148 8.604148 0.101129 0.101129 0.101129
2500 8.604148 8.604148 8.604148 0.101129 0.101129 0.101129
2510 8.604148 8.604148 8.604148 0.101129 0.101129 0.101129
2520 8.604148 8.604148 8.604148 0.101129 0.101129 0.101129
2530 8.604148 8.604148 8.604148 0.101129 0.101129 0.101129
2540 8.604148 8.604148 8.604148 0.101129 0.101129 0.101129
2550 8.604148 8.604148 8.604148 0.101129 0.101129 0.101129
2560 8.604148 8.604148 8.604148 0.101129 0.101129 0.101129
2570 8.604148 8.604148 8.604148 0.101129 0.101129 0.101129
2580 8.604148 8.604148 8.604148 0.101129 0.101129 0.101129
2590 8.604148 8.604148 8.604148 0.101129 0.101129 0.101129
2600 8.604148 8.604148 8.604148 0.101129 0.101129 0.101129
2610 8.604148 8.604148 8.604148 0.101129 0.101129 0.101129
2620 8.604148 8.604148 8.604148 0.101129 0.101129 0.101129
2630 8.604148 8.604148 8.604148 0.101129 0.101129 0.101129
2640 8.604148 8.604148 8.604148 0.101129 0.101129 0.101129
2650 8.604148 8.604148 8.604148 0.101129 0.101129 0.101129
2660 8.604148 8.604148 8.604148 0.101129 0.101129 0.101129
2670 8.604148 8.604148 8.604148 0.101129 0.101129 0.101129
2680 8.604148 8.604148 8.604148 0.101129 0.101129 0.101129
2690 8.604148 8.604148 8.604148 0.101129 0.101129 0.101129
2700 8.604148 8.604148 8.604148 0.101129 0.101129 0.101129
2710 8.604148 8.604148 8.604148 0.101129 0.101129 0.101129
2720 8.604148 8.604148 8.604148 0.101129 0.101129 0.101129
2730 8.604148 8.604148 8.604148 0.101129 0.101129 0.101129
2740 8.604148 8.604148 8.604148 0.101129 0.101129 0.101129
2750 8.604148 8.604148 8.604148 0.101129 0.101129 0.101129
2760 8.604148 8.604148 8.604148 0.101129 0.101129 0.101129
2770 8.604148 8.604148 8.604148 0.101129 0.101129 0.101129
2780 8.604148 8.604148 8.604148 0.101129 0.101129 0.101129
2790 8.604148 8.604148 8.604148 0.101129 0.101129 0.101129
2800 8.604148 8.604148 8.604148 0.101129 0.101129 0.101129
2810 8.604148 8.604148 8.604148 0.101129 0.101129 0.101129
2820 8.604148 8.604148 8.604148 0.101129 0.101129 0.101129
2830 8.604148 8.604148 8.604148 0.101129 0.101129 0.101129
2840 8.604148 8.604148 8.604148 0.101129 0.101129 0.101129
2850 8.604148 8.604148 8.604148 0.101129 0.101129 0.101129
2860 8.604148 8.604148 8.604148 0.101129 0.101129 0.101129
2870 8.604148 8.604148 8.604148 0.101129 0.101129 0.101129
2880 8.604148 8.604148 8.604148 0.101129 0.101129 0.101129
2890 8.604148 8.604148 8.604148 0.101129 0.101129 0.101129
2900 8.604148 8.604148 8.604148 0.101129 0.101129 0.101129
2910 8.604148 8.604148 8.604148 0.101129 0.101129 0.101129
2920 8.604148 8.604148 8.604148 0.101129 0.101129 0.101129
2930 8.604148 8.604148 8.604148 0.101129 0.101129 0.101129
2940 8.604148 8.604148 8.604148 0.101129 0.101129 0.101129
2950 8.604148 8.604148 8.604148 0.101129 0.101129 0.101129
2960 8.604148 8.604148 8.604148 0.101129 0.101129 0.101129
2970 8.604148 8.604148 8.604148 0.101129 0.101129 0.101129
2980 8.604148 8.604148 8.604148 0.101129 0.101129 0.101129
2990 8.604148 8.604148 8.604148 0.101129 0.101129 0.101129
3000 8.604148 8.604148 8.604148 0.101129 0.101129 0.101129
3010 8.604148 8.604148 8.604148 0.101129 0.101129 0.101129
3020 8.604148 8.604148 8.604148 0.101129 0.101129 0.101129
3030 8.604148 8.604148 8.604148 0.101129 0.101129 0.101129
3040 8.604148 8.604148 8.604148 0.101129 0.101129 0.101129
3050 8.604148 8.604148 8.604148 0.101129 0.101129 0.101129
3060 8.604148 8.604148 8.604148 0.101129 0.101129 0.101129
3070 8.604148 8.604148 8.604148 0.101129 0.101129 0.101129
3080 8.604148 8.604148 8.604148 0.101129 0.101129 0.101129
3090 8.604148 8.604148 8.604148 0.101129 0.101129 0.101129
3100 8.604148 8.604148 8.604148 0.101129 0.101129 0.101129
3110 8.604148 8.604148 8.604148 0.101129 0.101129 0.101129
3120 8.604148 8.604148 8.604148 0.101129 0.101129 0.101129
3130 8.604148 8.604148 8.604148 0.101129 0.101129 0.101129
3140 8.604148 8.604148 8.604148 0.101129 0.101129 0.101129
3150 8.604148 8.604148 8.604148 0.101129 0.101129 0.101129
3160 8.604148 8.604148 8.604148 0.101129 0.101129 0.101129
3170 8.604148 8.604148 8.604148 0.101129 0.101129 0.101129
3180 8.604148 8.604148 8.604148 0.101129 0.101129 0.101129
3190 8.604148 8.604148 8.604148 0.101129 0.101129 0.101129
3200 8.604148 8.604148 8.604148 0.101129 0.101129 0.101129
3210 8.604148 8.604148 8.604148 0.101129 0.101129 0.101129
3220 8.604148 8.604148 8.604148 0.101129 0.101129 0.101129
3230 8.604148 8.604148 8.604148 0.101129 0.101129 0.101129
3240 8.604148 8.604148 8.604148 0.101129 0.101129 0.101129
3250 8.604148 8.604148 8.604148 0.101129 0.101129 0.101129
3260 8.604148 8.604148 8.604148 0.101129 0.101129 0.101129
3270 8.604148 8.604148 8.604148 0.101129 0.101129 0.101129
3280 8.604148 8.604148 8.604148 0.101129 0.101129 0.101129
3290 8.604148 8.604148 8.604148 0.101129 0.101129 0.101129
3300 8.604148 8.604148 8.604148 0.101129 0.101129 0.101129
3310 8.604148 8.604148 8.604148 0.101129 0.101129 0.101129
3320 8.604148 8.604148 8.604148 0.101129 0.101129 0.101129
3330 8.604148 8.604148 8.604148 0.101129 0.101129 0.101129
3340 8.604148 8.604148 8.604148 0.101129 0.101129 0.101129
3350 8.604148 8.604148 8.604148 0.101129 0.101129 0.101129
3360 8.604148 8.604148 8.604148 0.101129 0.101129 0.101129
3370 8.604148 8.604148 8.604148 0.101129 0.101129 0.101129
3380 8.604148 8.604148 8.604148 0.101129 0.101129 0.101129
3390 8.604148 8.604148 8.604148 0.101129 0.101129 0.101129
3400 8.604148 8.604148 8.604148 0.101129 0.101129 0.101129
3410 8.604148 8.604148 8.604148 0.101129 0.101129 0.101129
3420 8.604148 8.604148 8.604148 0.101129 0.101129 0.101129
3430 8.604148 8.604148 8.604148 0.101129 0.101129 0.101129
3440 8.604148 8.604148 8.604148 0.101129 0.101129 0.101129
3450 8.604148 8.604148 8.604148 0.101129 0.101129 0.101129
3460 8.604148 8.604148 8.604148 0.101129 0.101129 0.101129
3470 8.604148 8.604148 8.604148 0.101129 0.101129 0.101129
3480 8.604148 8.604148 8.604148 0.101129 0.101129 0.101129
3490 8.604148 8.604148 8.604148 0.101129 0.101129 0.101129
3500 8.604148 8.604148 8.604148 0.101129 0.101129 0.101129
3510 8.604148 8.604148 8.604148 0.101129 0.101129 0.101129
3520 8.604148 8.604148 8.604148 0.101129 0.101129 0.101129
3530 8.604148 8.604148 8.604148 0.101129 0.101129 0.101129
3540 8.604148 8.604148 8.604148 0.101129 0.101129 0.101129
3550 8.604148 8.604148 8.604148 0.101129 0.101129 0.101129
3560 8.604148 8.604148 8.604148 0.101129 0.101129 0.101129
3570 8.604148 8.604148 8.604148 0.101129 0.101129 0.101129
3580 8.604148 8.604148 8.604148 0.101129 0.101129 0.101129
3590 8.604148 8.604148 8.604148 0.101129 0.101129 0.101129
3600 8.604148 8.604148 8.604148 0.101129 0.101129 0.101129
3610 8.604148 8.604148 8.604148 0.101129 0.101129 0.101129
3620 8.604148 8.604148 8.604148 0.101129 0.101129 0.101129
3630 8.604148 8.604148 8.604148 0.101129 0.101129 0.101129
3640 8.604148 8.604148 8.604148 0.101129 0.101129 0.101129
3650 8.604148 8.604148 8.604148 0.101129 0.101129 0.101129
3660 8.604148 8.604148 8.604148 0.101129 0.101129 0.101129
3670 8.604148 8.604148 8.604148 0.101129 0.101129 0.101129
3680 8.604148 8.604148 8.604148 0.101129 0.101129 0.101129
3690 8.604148 8.604148 8.604148 0.101129 0.101129 0.101129
3700 8.604148 8.604148 8.604148 0.101129 0.101129 0.101129
3710 8.604148 8.604148 8.604148 0.101129 0.101129 0.101129
3720 8.604148 8.604148 8.604148 0.101129 0.101129 0.101129
3730 8.604148 8.604148 8.604148 0.101129 0.101129 0.101129
3740 8.604148 8.604148 8.604148 0.101129 0.101129 0.101129
3750 8.604148 8.604148 8.604148 0.101129 0.101129 0.101129
3760 8.604148 8.604148 8.604148 0.101129 0.101129 0.101129
3770 8.604148 8.604148 8.604148 0.101129 0.101129 0.101129
3780 8.604148 8.604148 8.604148 0.101129 0.101129 0.101129
3790 8.604148 8.604148 8.604148 0.101129 0.101129 0.101129
3800 8.604148 8.604148 8.604148 0.101129 0.101129 0.101129
3810 8.604148 8.604148 8.604148 0.101129 0.101129 0.101129
3820 8.604148 8.604148 8.604148 0.101129 0.101129 0.101129
3830 8.604148 8.604148 8.604148 0.101129 0.101129 0.101129
3840 8.604148 8.604148 8.604148 0.101129 0.101129 0.101129
3850 8.604148 8.604148 8.604148 0.101129 0.101129 0.101129
3860 8.604148 8.604148 8.604148 0.101129 0.101129 0.101129
3870 8.604148 8.604148 8.604148 0.101129 0.101129 0.101129
3880 8.604148 8.604148 8.604148 0.101129 0.101129 0.101129
3890 8.604148 8.604148 8.604148 0.101129 0.101129 0.101129
3900 8.604148 8.604148 8.604148 0.101129 0.101129 0.101129
3910 8.604148 8.604148 8.604148 0.101129 0.101129 0.101129
3920 8.604148 8.604148 8.604148 0.101129 0.101129 0.101129
3930 8.604148 8.604148 8.604148 0.101129 0.101129 0.101129
3940 8.604148 8.604148 8.604148 0.101129 0.101129 0.101129
3950 8.604148 8.604148 8.604148 0.101129 0.101129 0.101129
3960 8.604148 8.604148 8.604148 0.101129 0.101129 0.101129
3970 8.604148 8.604148 8.604148 0.101129 0.101129 0.101129
3980 8.604148 8.604148 8.604148 0.101129 0.101129 0.101129
3990 8.604148 8.604148 8.604148 0.101129 0.101129 0.101129
4000 8.604148 8.604148 8.604148 0.101129 0.101129 0.101129
4010 8.604148 8.604148 8.604148 0.101129 0.101129 0.101129
4020 8.604148 8.604148 8.604148 0.101129 0.101129 0.101129
4030 8.604148 8.604148 8.604148 0.101129 0.101129 0.101129
4040 8.604148 8.604148 8.604148 0.101129 0.101129 0.101129
4050 8.604148 8.604148 8.604148 0.101129 0.101129 0.101129
4060 8.604148 8.604148 8.604148 0.101129 0.101129 0.101129
4070 8.604148 8.604148 8.604148 0.101129 0.101129 0.101129
4080 8.604148 8.604148 8.604148 0.101129 0.101129 0.101129
4090 8.604148 8.604148 8.604148 0.101129 0.101129 0.101129
4100 8.604148 8.604148 8.604148 0.101129 0.101129 0.101129
4110 8.604148 8.604148 8.604148 0.101129 0.101129 0.101129
4120 8.604148 8.604148 8.604148 0.101129 0.101129 0.101129
4130 8.604148 8.604148 8.604148 0.101129 0.101129 0.101129
4140 8.604148 8.604148 8.604148 0.101129 0.101129 0.101129
4150 8.604148 8.604148 8.604148 0.101129 0.101129 0.101129
4160 8.604148 8.604148 8.604148 0.101129 0.101129 0.101129
4170 8.604148 8.604148 8.604148 0.101129 0.101129 0.101129
4180 8.604148 8.604148 8.604148 0.101129 0.101129 0.101129
4190 8.604148 8.604148 8.604148 0.101129 0.101129 0.101129
4200 8.604148 8.604148 8.604148 0.101129 0.101129 0.101129
4210 8.604148 8.604148 8.604148 0.101129 0.101129 0.101129
4220 8.604148 8.604148 8.604148 0.101129 0.101129 0.101129
4230 8.604148 8.604148 8.604148 0.101129 0.101129 0.101129
4240 8.604148 8.604148 8.604148 0.101129 0.101129 0.101129
4250 8.604148 8.604148 8.604148 0.101129 0.101129 0.101129
4260 8.604148 8.604148 8.604148 0.101129 0.101129 0.101129
4270 8.604148 8.604148 8.604148 0.101129 0.101129 0.101129
4280 8.604148 8.604148 8.604148 0.101129 0.101129 0.101129
4290 8.604148 8.604148 8.604148 0.101129 0.101129 0.101129
4300 8.604148 8.604148 8.604148 0.101129 0.101129 0.101129
4310 8.604148 8.604148 8.604148 0.101129 0.101129 0.101129
4320 8.604148 8.604148 8.604148 0.101129 0.101129 0.101129
4330 8.604148 8.604148 8.604148 0.101129 0.101129 0.101129
4340 8.604148 8.604148 8.604148 0.101129 0.101129 0.101129
4350 8.604148 8.604148 8.604148 0.101129 0.101129 0.101129
4360 8.604148 8.604148 8.604148 0.101129 0.101129 0.101129
4370 8.604148 8.604148 8.604148 0.101129 0.101129 0.101129
4380 8.604148 8.604148 8.604148 0.101129 0.101129 0.101129
4390 8.604148 8.604148 8.604148 0.101129 0.101129 0.101129
4400 8.604148 8.604148 8.604148 0.101129 0.101129 0.101129
4410 8.604148 8.604148 8.604148 0.101129 0.101129 0.101129
4420 8.604148 8.604148 8.604148 0.101129 0.101129 0.101129
4430 8.604148 8.604148 8.604148 0.101129 0.101129 0.101129
4440 8.604148 8.604148 8.604148 0.101129 0.101129 0.101129
4450 8.604148 8.604148 8.604148 0.101129 0.101129 0.101129
4460 8.604148 8.604148 8.604148 0.101129 0.101129 0.101129
4470 8.604148 8.604148 8.604148 0.101129 0.101129 0.101129
4480 8.604148 8.604148 8.604148 0.101129 0.101129 0.101129
4490 8.604148 8.604148 8.604148 0.101129 0.101129 0.101129
4500 8.604148 8.604148 8.604148 0.101129 0.101129 0.101129
4510 8.604148 8.604148 8.604148 0.101129 0.101129 0.101129
4520 8.604148 8.604148 8.604148 0.101129 0.101129 0.101129
4530 8.604148 8.604148 8.604148 0.101129 0.101129 0.101129
4540 8.604148 8.604148 8.604148 0.101129 0.101129 0.101129
4550 8.604148 8.604148 8.604148 0.101129 0.101129 0.101129
4560 8.604148 8.604148 8.604148 0.101129 0.101129 0.101129
4570 8.604148 8.604148 8.604148 0.101129 0.101129 0.101129
4580 8.604148 8.604148 8.604148 0.101129 0.101129 0.101129
4590 8.604148 8.604148 8.604148 0.101129 0.101129 0.101129
4600 8.604148 8.604148 8.604148 0.101129 0.101129 0.101129
4610 8.604148 8.604148 8.604148 0.101129 0.101129 0.101129
4620 8.604148 8.604148 8.604148 0.101129 0.101129 0.101129
4630 8.604148 8.604148 8.604148 0.101129 0.101129 0.101129
4640 8.604148 8.604148 8.604148 0.101129 0.101129 0.101129
4650 8.604148 8.604148 8.604148 0.101129 0.101129 0.101129
4660 8.604148 8.604148 8.604148 0.101129 0.101129 0.101129
4670 8.604148 8.604148 8.604148 0.101129 0.101129 0.101129
4680 8.604148 8.604148 8.604148 0.101129 0.101129 0.101129
4690 8.604148 8.604148 8.604148 0.101129 0.101129 0.101129
4700 8.604148 8.604148 8.604148 0.101129 0.101129 0.101129
4710 8.604148 8.604148 8.604148 0.101129 0.101129 0.101129
4720 8.604148 8.604148 8.604148 0.101129 0.101129 0.101129
4730 8.604148 8.604148 8.604148 0.101129 0.101129 0.101129
4740 8.604148 8.604148 8.604148 0.101129 0.101129 0.101129
4750 8.604148 8.604148 8.604148 0.101129 0.101129 0.101129
4760 8.604148 8.604148 8.604148 0.101129 0.101129 0.101129
4770 8.604148 8.604148 8.604148 0.101129 0.101129 0.101129
4780 8.604148 8.604148 8.604148 0.101129 0.101129 0.101129
4790 8.604148 8.604148 8.604148 0.101129 0.101129 0.101129
4800 8.604148 8.604148 8.604148 0.101129 0.101129 0.101129
4810 8.604148 8.604148 8.604148 0.101129 0.101129 0.101129
4820 8.604148 8.604148 8.604148 0.101129 0.101129 0.101129
4830 8.604148 8.604148 8.604148 0.101129 0.101129 0.101129
4840 8.604148 8.604148 8.604148 0.101129 0.101129 0.101129
4850 8.604148 8.604148 8.604148 0.101129 0.101129 0.101129
4860 8.604148 8.604148 8.604148 0.101129 0.101129 0.101129
4870 8.604148 8.604148 8.604148 0.101129 0.101129 0.101129
4880 8.604148 8.604148 8.604148 0.101129 0.101129 0.101129
4890 8.604148 8.604148 8.604148 0.101129 0.101129 0.101129
4900 8.604148 8.604148 8.604148 0.101129 0.101129 0.101129
4910 8.604148 8.604148 8.604148 0.101129 0.101129 0.101129
4920 8.604148 8.604148 8.604148 0.101129 0.101129 0.101129
4930 8.604148 8.604148 8.604148 0.101129 0.101129 0.101129
4940 8.604148 8.604148 8.604148 0.101129 0.101129 0.101129
4950 8.604148 8.604148 8.604148 0.101129 0.101129 0.101129
4960 8.604148 8.604148 8.604148 0.101129 0.101129 0.101129
4970 8.604148 8.604148 8.604148 0.101129 0.101129 0.101129
4980 8.604148 8.604148 8.604148 0.101129 0.101129 0.101129
4990 8.604148 8.604148 8.604148 0.101129 0.101129 0.101129
5000 8.604148 8.604148 8.604148 0.101129 0.101129 0.101129
5010 8.604148 8.604148 8.604148 0.101129 0.101129 0.101129
5020 8.604148 8.604148 8.604148 0.101129 0.101129 0.101129
5030 8.604148 8.604148 8.604148 0.101129 0.101129 0.101129
5040 8.604148 8.604148 8.604148 0.101129 0.101129 0.101129
5050 8.604148 8.604148 8.604148 0.101129 0.101129 0.101129
5060 8.604148 8.604148 8.604148 0.101129 0.101129 0.101129
5070 8.604148 8.604148 8.604148 0.101129 0.101129 0.101129
5080 8.604148 8.604148 8.604148 0.101129 0.101129 0.101129
5090 8.604148 8.604148 8.604148 0.101129 0.101129 0.101129
5100 8.604148 8.604148 8.604148 0.101129 0.101129 0.101129
5110 8.604148 8.604148 8.604148 0.101129 0.101129 0.101129
5120 8.604148 8.604148 8.604148 0.101129 0.101129 0.101129
5130 8.604148 8.604148 8.604148 0.101129 0.101129 0.101129
5140 8.604148 8.604148 8.604148 0.101129 0.101129 0.101129
5150 8.604148 8.604148 8.604148 0.101129 0.101129 0.101129
5160 8.604148 8.604148 8.604148 0.101129 0.101129 0.101129
5170 8.604148 8.604148 8.604148 0.101129 0.101129 0.101129
5180 8.604148 8.604148 8.604148 0.101129 0.101129 0.101129
5190 8.604148 8.604148 8.604148 0.101129 0.101129 0.101129
5200 8.604148 8.604148 8.604148 0.101129 0.101129 0.101129
5210 8.604148 8.604148 8.604148 0.101129 0.101129 0.101129
5220 8.604148 8.604148 8.604148 0.101129 0.101129 0.101129
5230 8.604148 8.604148 8.604148 0.101129 0.101129 0.101129
5240 8.604148 8.604148 8.604148 0.101129 0.101129 0.101129
5250 8.604148 8.604148 8.604148 0.101129 0.101129 0.101129
5260 8.604148 8.604148 8.604148 0.101129 0.101129 0.101129
5270 8.604148 8.604148 8.604148 0.101129 0.101129 0.101129
5280 8.604148 8.604148 8.604148 0.101129 0.101129 0.101129
5290 8.604148 8.604148 8.604148 0.101129 0.101129 0.101129
5300 8.604148 8.604148 8.604148 0.101129 0.101129 0.101129
5310 8.604148 8.604148 8.604148 0.101129 0.101129 0.101129
5320 8.604148 8.604148 8.604148 0.101129 0.101129 0.101129
5330 8.604148 8.604148 8.604148 0.101129 0.101129 0.101129
5340 8.604148 8.604148 8.604148 0.101129 0.101129 0.101129
5350 8.604148 8.604148 8.604148 0.101129 0.101129 0.101129
5360 8.604148 8.604148 8.604148 0.101129 0.101129 0.101129
5370 8.604148 8.604148 8.604148 0.101129 0.101129 0.101129
5380 8.604148 8.604148 8.604148 0.101129 0.101129 0.101129
5390 8.604148 8.604148 8.604148 0.101129 0.101129 0.101129
5400 8.604148 8.604148 8.604148 0.101129 0.101129 0.101129
5410 8.604148 8.604148 8.604148 0.101129 0.101129 0.101129
5420 8.604148 8.604148 8.604148 0.101129 0.101129 0.101129
5430 8.604148 8.604148 8.604148 0.101129 0.101129 0.101129
5440 8.604148 8.604148 8.604148 0.101129 0.101129 0.101129
5450 8.604148 8.604148 8.604148 0.101129 0.101129 0.101129
5460 8.604148 8.604148 8.604148 0.101129 0.101129 0.101129
5470 8.604148 8.604148 8.604148 0.101129 0.101129 0.101129
5480 8.604148 8.604148 8.604148 0.101129 0.101129 0.101129
5490 8.604148 8.604148 8.604148 0.101129 0.101129 0.101129
5500 8.604148 8.604148 8.604148 0.101129 0.101129 0.101129
5510 8.604148 8.604148 8.604148 0.101129 0.101129 0.101129
5520 8.604148 8.604148 8.604148 0.101129 0.101129 0.101129
5530 8.604148 8.604148 8.604148 0.101129 0.101129 0.101129
5540 8.604148 8.604148 8.604148 0.101129 0.101129 0.101129
5550 8.604148 8.604148 8.604148 0.101129 0.101129 0.101129
5560 8.604148 8.604148 8.604148 0.101129 0.101129 0.101129
5570 8.604148 8.604148 8.604148 0.101129 0.101129 0.101129
5580 8.604148 8.604148 8.604148 0.101129 0.101129 0.101129
5590 8.604148 8.604148 8.604148 0.101129 0.101129 0.101129
5600 8.604148 8.604148 8.604148 0.101129 0.101129 0.101129
5610 8.604148 8.604148 8.604148 0.101129 0.101129 0.101129
5620 8.604148 8.604148 8.604148 0.101129 0.101129 0.101129
5630 8.604148 8.604148 8.604148 0.101129 0.101129 0.101129
5640 8.604148 8.604148 8.604148 0.101129 0.101129 0.101129
5650 8.604148 8.604148 8.604148 0.101129 0.101129 0.101129
5660 8.604148 8.604148 8.604148 0.101129 0.101129 0.101129
5670 8.604148 8.604148 8.604148 0.101129 0.101129 0.101129
5680 8.604148 8.604148 8.604148 0.101129 0.101129 0.101129
5690 8.604148 8.604148 8.604148 0.101129 0.101129 0.101129
5700 8.604148 8.604148 8.604148 0.101129 0.101129 0.101129
5710 8.604148 8.604148 8.604148 0.101129 0.101129 0.101129
5720 8.604148 8.604148 8.604148 0.101129 0.101129 0.101129
5730 8.604148 8.604148 8.604148 0.101129 0.101129 0.101129
5740 8.604148 8.604148 8.604148 0.101129 0.101129 0.101129
5750 8.604148 8.604148 8.604148 0.101129 0.101129 0.101129
5760 8.604148 8.604148 8.604148 0.101129 0.101129 0.101129
5770 8.604148 8.604148 8.604148 0.101129 0.101129 0.101129
5780 8.604148 8.604148 8.604148 0.101129 0.101129 0.101129
5790 8.604148 8.604148 8.604148 0.101129 0.101129 0.101129
5800 8.604148 8.604148 8.604148 0.101129 0.101129 0.101129
5810 8.604148 8.604148 8.604148 0.101129 0.101129 0.101129
5820 8.604148 8.604148 8.604148 0.101129 0.101129 0.101129
5830 8.604148 8.604148 8.604148 0.101129 0.101129 0.101129
5840 8.604148 8.604148 8.604148 0.101129 0.101129 0.101129
5850 8.604148 8.604148 8.604148 0.101129 0.101129 0.101129
5860 8.604148 8.604148 8.604148 0.101129 0.101129 0.101129
5870 8.604148 8.604148 8.604148 0.101129 0.101129 0.101129
5880 8.604148 8.604148 8.604148 0.101129 0.101129 0.101129
5890 8.604148 8.604148 8.604148 0.101129 0.101129 0.101129
5900 8.604148 8.604148 8.604148 0.101129 0.101129 0.101129
5910 8.604148 8.604148 8.604148 0.101129 0.101129 0.101129
5920 8.604148 8.604148 8.604148 0.101129 0.101129 0.101129
5930 8.604148 8.604148 8.604148 0.101129 0.101129 0.101129
5940 8.604148 8.604148 8.604148 0.101129 0.101129 0.101129
5950 8.604148 8.604148 8.604148 0.101129 0.101129 0.101129
5960 8.604148 8.604148 8.604148 0.101129 0.101129 0.101129
5970 8.604148 8.604148 8.604148 0.101129 0.101129 0.101129
5980 8.604148 8.604148 8.604148 0.101129 0.101129 0.101129
5990 8.604148 8.604148 8.604148 0.101129 0.101129 0.101129
6000 8.604148 8.604148 8.604148 0.101129 0.101129 0.101129
6010 8.604148 8.604148 8.604148 0.101129 0.101129 0.101129
6020 8.604148 8.604148 8.604148 0.101129 0.101129 0.101129
6030 8.604148 8.604148 8.604148 0.101129 0.101129 0.101129
6040 8.604148 8.604148 8.604148 0.101129 0.101129 0.101129
6050 8.604148 8.604148 8.604148 0.101129 0.101129 0.101129
6060 8.604148 8.604148 8.604148 0.101129 0.101129 0.101129
6070 8.604148 8.604148 8.604148 0.101129 0.101129 0.101129
6080 8.604148 8.604148 8.604148 0.101129 0.101129 0.101129
6090 8.604148 8.604148 8.604148 0.101129 0.101129 0.101129
6100 8.604148 8.604148 8.604148 0.101129 0.101129 0.101129
6110 8.604148 8.604148 8.604148 0.101129 0.101129 0.101129
6120 8.604148 8.604148 8.604148 0.101129 0.101129 0.101129
6130 8.604148 8.604148 8.604148 0.101129 0.101129 0.101129
6140 8.604148 8.604148 8.604148 0.101129 0.101129 0.101129
6150 8.604148 8.604148 8.604148 0.101129 0.101129 0.101129
6160 8.604148 8.604148 8.604148 0.101129 0.101129 0.101129
6170 8.604148 8.604148 8.604148 0.101129 0.101129 0.101129
6180 8.604148 8.604148 8.604148 0.101129 0.101129 0.101129
6190 8.604148 8.604148 8.604148 0.101129 0.101129 0.101129
6200 8.604148 8.604148 8.604148 0.101129 0.101129 0.101129
6210 8.604148 8.604148 8.604148 0.101129 0.101129 0.101129
6220 8.604148 8.604148 8.604148 0.101129 0.101129 0.101129
6230 8.604148 8.604148 8.604148 0.101129 0.101129 0.101129
6240 8.604148 8.604148 8.604148 0.101129 0.101129 0.101129
6250 8.604148 8.604148 8.604148 0.101129 0.101129 0.101129
6260 8.604148 8.604148 8.604148 0.101129 0.101129 0.101129
6270 8.604148 8.604148 8.604148 0.101129 0.101129 0.101129
6280 8.604148 8.604148 8.604148 0.101129 0.101129 0.101129
6290 8.604148 8.604148 8.604148 0.101129 0.101129 0.101129
6300 8.604148 8.604148 8.604148 0.101129 0.101129 0.101129
6310 8.604148 8.604148 8.604148 0.101129 0.101129 0.101129
6320 8.604148 8.604148 8.604148 0.101129 0.101129 0.101129
6330 8.604148 8.604148 8.604148 0.101129 0.101129 0.101129
6340 8.604148 8.604148 8.604148 0.101129 0.101129 0.101129
6350 8.604148 8.604148 8.604148 0.101129 0.101129 0.101129
6360 8.604148 8.604148 8.604148 0.101129 0.101129 0.101129
6370 8.604148 8.604148 8.604148 0.101129 0.101129 0.101129
6380 8.604148 8.604148 8.604148 0.101129 0.101129 0.101129
6390 8.604148 8.604148 8.604148 0.101129 0.101129 0.101129
6400 8.604148 8.604148 8.604148 0.101129 0.101129 0.101129
6410 8.604148 8.604148 8.604148 0.101129 0.101129 0.101129
6420 8.604148 8.604148 8.604148 0.101129 0.101129 0.101129
6430 8.604148 8.604148 8.604148 0.101129 0.101129 0.101129
6440 8.604148 8.604148 8.604148 0.101129 0.101129 0.101129
6450 8.604148 8.604148 8.604148 0.101129 0.101129 0.101129
6460 8.604148 8.604148 8.604148 0.101129 0.101129 0.101129
6470 8.604148 8.604148 8.604148 0.101129 0.101129 0.101129
6480 8.604148 8.604148 8.604148 0.101129 0.101129 0.101129
6490 8.604148 8.604148 8.604148 0.101129 0.101129 0.101129
6500 8.604148 8.604148 8.604148 0.101129 0.101129 0.101129
6510 8.604148 8.604148 8.604148 0.101129 0.101129 0.101129
6520 8.604148 8.604148 8.604148 0.101129 0.101129 0.101129
6530 8.604148 8.604148 8.604148 0.101129 0.101129 0.101129
6540 8.604148 8.604148 8.604148 0.101129 0.101129 0.101129
6550 8.604148 8.604148 8.604148 0.101129 0.101129 0.101129
6560 8.604148 8.604148 8.604148 0.101129 0.101129 0.101129
6570 8.604148 8.604148 8.604148 0.101129 0.101129 0.101129
6580 8.604148 8.604148 8.604148 0.101129 0.101129 0.101129
6590 8.604148 8.604148 8.604148 0.101129 0.101129 0.101129
6600 8.604148 8.604148 8.604148 0.101129 0.101129 0.101129
6610 8.604148 8.604148 8.604148 0.101129 0.101129 0.101129
6620 8.604148 8.604148 8.604148 0.101129 0.101129 0.101129
6630 8.604148 8.604148 8.604148 0.101129 0.101129 0.101129
6640 8.604148 8.604148 8.604148 0.101129 0.101129 0.101129
6650 8.604148 8.604148 8.604148 0.101129 0.101129 0.101129
6660 8.604148 8.604148 8.604148 0.101129 0.101129 0.101129
6670 8.604148 8.604148 8.604148 0.101129 0.101129 0.101129
6680 8.604148 8.604148 8.604148 0.101129 0.101129 0.101129
6690 8.604148 8.604148 8.604148 0.101129 0.101129 0.101129
6700 8.604148 8.604148 8.604148 0.101129 0.101129 0.101129
6710 8.604148 8.604148 8.604148 0.101129 0.101129 0.101129
6720 8.604148 8.604148 8.604148 0.101129 0.101129 0.101129
6730 8.604148 8.604148 8.604148 0.101129 0.101129 0.101129
6740 8.604148 8.604148 8.604148 0.101129 0.101129 0.101129
6750 8.604148 8.604148 8.604148 0.101129 0.101129 0.101129
6760 8.604148 8.604148 8.604148 0.101129 0.101129 0.101129
6770 8.604148 8.604148 8.604148 0.101129 0.101129 0.101129
6780 8.604148 8.604148 8.604148 0.101129 0.101129 0.101129
6790 8.604148 8.604148 8.604148 0.101129 0.101129 0.101129
6800 8.604148 8.604148 8.604148 0.101129 0.101129 0.101129
6810 8.604148 8.604148 8.604148 0.101129 0.101129 0.101129
6820 8.604148 8.604148 8.604148 0.101129 0.101129 0.101129
6830 8.604148 8.604148 8.604148 0.101129 0.101129 0.101129
6840 8.604148 8.604148 8.604148 0.101129 0.101129 0.101129
6850 8.604148 8.604148 8.604148 0.101129 0.101129 0.101129
6860 8.604148 8.604148 8.604148 0.101129 0.101129 0.101129
6870 8.604148 8.604148 8.604148 0.101129 0.101129 0.101129
6880 8.604148 8.604148 8.604148 0.101129 0.101129 0.101129
6890 8.604148 8.604148 8.604148 0.101129 0.101129 0.101129
6900 8.604148 8.604148 8.604148 0.101129 0.101129 0.101129
6910 8.604148 8.604148 8.604148 0.101129 0.101129 0.101129
6920 8.604148 8.604148 8.604148 0.101129 0.101129 0.101129
6930 8.604148 8.604148 8.604148 0.101129 0.101129 0.101129
6940 8.604148 8.604148 8.604148 0.101129 0.101129 0.101129
6950 8.604148 8.604148 8.604148 0.101129 0.101129 0.101129
6960 8.604148 8.604148 8.604148 0.101129 0.101129 0.101129
6970 8.604148 8.604148 8.604148 0.101129 0.101129 0.101129
6980 8.604148 8.604148 8.604148 0.101129 0.101129 0.101129
6990 8.604148 8.604148 8.604148 0.101129 0.101129 0.101129
7000 8.604148 8.604148 8.604148 0.101129 0.101129 0.101129
7010 8.604148 8.604148 8.604148 0.101129 0.101129 0.101129
7020 8.604148 8.604148 8.604148 0.101129 0.101129 0.101129
7030 8.604148 8.604148 8.604148 0.101129 0.101129 0.101129
7040 8.604148 8.604148 8.604148 0.101129 0.101129 0.101129
7050 8.604148 8.604148 8.604148 0.101129 0.101129 0.101129
7060 8.604148 8.604148 8.604148 0.101129 0.101129 0.101129
7070 8.604148 8.604148 8.604148 0.101129 0.101129 0.101129
7080 8.604148 8.604148 8.604148 0.101129 0.101129 0.101129
7090 8.604148 8.604148 8.604148 0.101129 0.101129 0.101129
7100 8.604148 8.604148 8.604148 0.101129 0.101129 0.101129
7110 8.604148 8.604148 8.604148 0.101129 0.101129 0.101129
7120 8.604148 8.604148 8.604148 0.101129 0.101129 0.101129
7130 8.604148 8.604148 8.604148 0.101129 0.101129 0.101129
7140 8.604148 8.604148 8.604148 0.101129 0.101129 0.101129
7150 8.604148 8.604148 8.604148 0.101129 0.101129 0.101129
7160 8.604148 8.604148 8.604148 0.101129 0.101129 0.101129
7170 8.604148 8.604148 8.604148 0.101129 0.101129 0.101129
7180 8.604148 8.604148 8.604148 0.101129 0.101129 0.101129
7190 8.604148 8.604148 8.604148 0.101129 0.101129 0.101129
7200 8.604148 8.604148 8.604148 0.101129 0.101129 0.101129
7210 8.604148 8.604148 8.604148 0.101129 0.101129 0.101129
7220 8.604148 8.604148 8.604148 0.101129 0.101129 0.101129
7230 8.604148 8.604148 8.604148 0.101129 0.101129 0.101129
7240 8.604148 8.604148 8.604148 0.101129 0.101129 0.101129
7250 8.604148 8.604148 8.604148 0.101129 0.101129 0.101129
7260 8.604148 8.604148 8.604148 0.101129 0.101129 0.101129
7270 8.604148 8.604148 8.604148 0.101129 0.101129 0.101129
7280 8.604148 8.604148 8.604148 0.101129 0.101129 0.101129
7290 8.604148 8.604148 8.604148 0.101129 0.101129 0.101129
7300 8.604148 8.604148 8.604148 0.101129 0.101129 0.101129
7310 8.604148 8.604148 8.604148 0.101129 0.101129 0.101129
7320 8.604148 8.604148 8.604148 0.101129 0.101129 0.101129
7330 8.604148 8.604148 8.604148 0.101129 0.101129 0.101129
7340 8.604148 8.604148 8.604148 0.101129 0.101129 0.101129
7350 8.604148 8.604148 8.604148 0.101129 0.101129 0.101129
7360 8.604148 8.604148 8.604148 0.101129 0.101129 0.101129
7370 8.604148 8.604148 8.604148 0.101129 0.101129 0.101129
7380 8.604148 8.604148 8.604148 0.101129 0.101129 0.101129
7390 8.604148 8.604148 8.604148 0.101129 0.101129 0.101129
7400 8.604148 8.604148 8.604148 0.101129 0.101129 0.101129
7410 8.604148 8.604148 8.604148 0.101129 0.101129 0.101129
7420 8.604148 8.604148 8.604148 0.101129 0.101129 0.101129
7430 8.604148 8.604148 8.604148 0.101129 0.101129 0.101129
7440 8.604148 8.604148 8.604148 0.101129 0.101129 0.101129
7450 8.604148 8.604148 8.604148 0.101129 0.101129 0.101129
7460 8.604148 8.604148 8.604148 0.101129 0.101129 0.101129
7470 8.604148 8.604148 8.604148 0.101129 0.101129 0.101129
7480 8.604148 8.604148 8.604148 0.101129 0.101129 0.101129
7490 8.604148 8.604148 8.604148 0.101129 0.101129 0.101129
7500 8.604148 8.604148 8.604148 0.101129 0.101129 0.101129
7510 8.604148 8.604148 8.604148 0.101129 0.101129 0.101129
7520 8.604148 8.604148 8.604148 0.101129 0.101129 0.101129
7530 8.604148 8.604148 8.604148 0.101129 0.101129 0.101129
7540 8.604148 8.604148 8.604148 0.101129 0.101129 0.101129
7550 8.604148 8.604148 8.604148 0.101129 0.101129 0.101129
7560 8.604148 8.604148 8.604148 0.101129 0.101129 0.101129
7570 8.604148 8.604148 8.604148 0.101129 0.101129 0.101129
7580 8.604148 8.604148 8.604148 0.101129 0.101129 0.101129
7590 8.604148 8.604148 8.604148 0.101129 0.101129 0.101129
7600 8.604148 8.604148 8.604148 0.101129 0.101129 0.101129
7610 8.604148 8.604148 8.604148 0.101129 0.101129 0.101129
7620 8.604148 8.604148 8.604148 0.101129 0.101129 0.101129
7630 8.604148 8.604148 8.604148 0.101129 0.101129 0.101129
7640 8.604148 8.604148 8.604148 0.101129 0.101129 0.101129
7650 8.604148 8.604148 8.604148 0.101129 0.101129 0.101129
7660 8.604148 8.604148 8.604148 0.101129 0.101129 0.101129
7670 8.604148 8.604148 8.604148 0.101129 0.101129 0.101129
7680 8.604148 8.604148 8.604148 0.101129 0.101129 0.101129
7690 8.604148 8.604148 8.604148 0.101129 0.101129 0.101129
7700 8.604148 8.604148 8.604148 0.101129 0.101129 0.101129
7710 8.604148 8.604148 8.604148 0.101129 0.101129 0.101129
7720 8.604148 8.604148 8.604148 0.101129 0.101129 0.101129
7730 8.604148 8.604148 8.604148 0.101129 0.101129 0.101129
7740 8.604148 8.604148 8.604148 0.101129 0.101129 0.101129
7750 8.604148 8.604148 8.604148 0.101129 0.101129 0.101129
7760 8.604148 8.604148 8.604148 0.101129 0.101129 0.101129
7770 8.604148 8.604148 8.604148 0.101129 0.101129 0.101129
7780 8.604148 8.604148 8.604148 0.101129 0.101129 0.101129
7790 8.604148 8.604148 8.604148 0.101129 0.101129 0.101129
7800 8.604148 8.604148 8.604148 0.101129 0.101129 0.101129
7810 8.604148 8.604148 8.604148 0.101129 0.101129 0.101129
7820 8.604148 8.604148 8.604148 0.101129 0.101129 0.101129
7830 8.604148 8.604148 8.604148 0.101129 0.101129 0.101129
7840 8.604148 8.604148 8.604148 0.101129 0.101129 0.101129
7850 8.604148 8.604148 8.604148 0.101129 0.101129 0.101129
7860 8.604148 8.604148 8.604148 0.101129 0.101129 0.101129
7870 8.604148 8.604148 8.604148 0.101129 0.101129 0.101129
7880 8.604148 8.604148 8.604148 0.101129 0.101129 0.101129
7890 8.604148 8.604148 8.604148 0.101129 0.101129 0.101129
7900 8.604148 8.604148 8.604148 0.101129 0.101129 0.101129
7910 8.604148 8.604148 8.604148 0.101129 0.101129 0.101129
7920 8.604148 8.604148 8.604148 0.101129 0.101129 0.101129
7930 8.604148 8.604148 8.604148 0.101129 0.101129 0.101129
7940 8.604148 8.604148 8.604148 0.101129 0.101129 0.101129
7950 8.604148 8.604148 8.604148 0.101129 0.101129 0.101129
7960 8.604148 8.604148 8.604148 0.101129 0.101129 0.101129
7970 8.604148 8.604148 8.604148 0.101129 0.101129 0.101129
7980 8.604148 8.604148 8.604148 0.101129 0.101129 0.101129
7990 8.604148 8.604148 8.604148 0.101129 0.101129 0.101129
8000 8.604148 8.604148 8.604148 0.101129 0.101129 0.101129
8010 8.604148 8.604148 8.604148 0.101129 0.101129 0.101129
8020 8.604148 8.604148 8.604148 0.101129 0.101129 0.101129
8030 8.604148 8.604148 8.604148 0.101129 0.101129 0.101129
8040 8.604148 8.604148 8.604148 0.101129 0.101129 0.101129
8050 8.604148 8.604148 8.604148 0.101129 0.101129 0.101129
8060 8.604148 8.604148 8.604148 0.101129 0.101129 0.101129
8070 8.604148 8.604148 8.604148 0.101129 0.101129 0.101129
8080 8.604148 8.604148 8.604148 0.101129 0.101129 0.101129
8090 8.604148 8.604148 8.604148 0.101129 0.101129 0.101129
8100 8.604148 8.604148 8.604148 0.101129 0.101129 0.101129
8110 8.604148 8.604148 8.604148 0.101129 0.101129 0.101129
8120 8.604148 8.604148 8.604148 0.101129 0.101129 0.101129
8130 8.604148 8.604148 8.604148 0.101129 0.101129 0.101129
8140 8.604148 8.604148 8.604148 0.101129 0.101129 0.101129
8150 8.604148 8.604148 8.604148 0.101129 0.101129 0.101129
8160 8.604148 8.604148 8.604148 0.101129 0.101129 0.101129
8170 8.604148 8.604148 8.604148 0.101129 0.101129 0.101129
8180 8.604148 8.604148 8.604148 0.101129 0.101129 0.101129
8190 8.604148 8.604148 8.604148 0.101129 0.101129 0.101129
8200 8.604148 8.604148 8.604148 0.101129 0.101129 0.101129
8210 8.604148 8.604148 8.604148 0.101129 0.101129 0.101129
8220 8.604148 8.604148 8.604148 0.101129 0.101129 0.101129
8230 8.604148 8.604148 8.604148 0.101129 0.101129 0.101129
8240 8.604148 8.604148 8.604148 0.101129 0.101129 0.101129
8250 8.604148 8.604148 8.604148 0.101129 0.101129 0.101129
8260 8.604148 8.604148 8.604148 0.101129 0.101129 0.101129
8270 8.604148 8.604148 8.604148 0.101129 0.101129 0.101129
8280 8.604148 8.604148 8.604148 0.101129 0.101129 0.101129
8290 8.604148 8.604148 8.604148 0.101129 0.101129 0.101129
8300 8.604148 8.604148 8.604148 0.101129 0.101129 0.101129
8310 8.604148 8.604148 8.604148 0.101129 0.101129 0.101129
8320 8.604148 8.604148 8.604148 0.101129 0.101129 0.101129
8330 8.604148 8.604148 8.604148 0.101129 0.101129 0.101129
8340 8.604148 8.604148 8.604148 0.101129 0.101129 0.101129
8350 8.604148 8.604148 8.604148 0.101129 0.101129 0.101129
8360 8.604148 8.604148 8.604148 0.101129 0.101129 0.101129
8370 8.604148 8.604148 8.604148 0.101129 0.101129 0.101129
8380 8.604148 8.604148 8.604148 0.101129 0.101129 0.101129
8390 8.604148 8.604148 8.604148 0.101129 0.101129 0.101129
8400 8.604148 8.604148 8.604148 0.101129 0.101129 0.101129
8410 8.604148 8.604148 8.604148 0.101129 0.101129 0.101129
8420 8.604148 8.604148 8.604148 0.101129 0.101129 0.101129
8430 8.604148 8.604148 8.604148 0.101129 0.101129 0.101129
8440 8.604148 8.604148 8.604148 0.101129 0.101129 0.101129
8450 8.604148 8.604148 8.604148 0.101129 0.101129 0.101129
8460 8.604148 8.604148 8.604148 0.101129 0.101129 0.101129
8470 8.604148 8.604148 8.604148 0.101129 0.101129 0.101129
8480 8.604148 8.604148 8.604148 0.101129 0.101129 0.101129
8490 8.604148 8.604148 8.604148 0.101129 0.101129 0.101129
8500 8.604148 8.604148 8.604148 0.101129 0.101129 0.101129
8510 8.604148 8.604148 8.604148 0.101129 0.101129 0.101129
8520 8.604148 8.604148 8.604148 0.101129 0.101129 0.101129
8530 8.604148 8.604148 8.604148 0.101129 0.101129 0.101129
8540 8.604148 8.604148 8.604148 0.101129 0.101129 0.101129
8550 8.604148 8.604148 8.604148 0.101129 0.101129 0.101129
8560 8.604148 8.604148 8.604148 0.101129 0.101129 0.101129
8570 8.604148 8.604148 8.604148 0.101129 0.101129 0.101129
8580 8.604148 8.604148 8.604148 0.101129 0.101129 0.101129
8590 8.604148 8.604148 8.604148 0.101129 0.101129 0.101129
8600 8.604148 8.604148 8.604148 0.101129 0.101129 0.101129
8610 8.604148 8.604148 8.604148 0.101129 0.101129 0.101129
8620 8.604148 8.604148 8.604148 0.101129 0.101129 0.101129
8630 8.604148 8.604148 8.604148 0.101129 0.101129 0.101129
8640 8.604148 8.604148 8.604148 0.101129 0.101129 0.101129
8650 8.604148 8.604148 8.604148 0.101129 0.101129 0.101129
8660 8.604148 8.604148 8.604148 0.101129 0.101129 0.101129
8670 8.604148 8.604148 8.604148 0.101129 0.101129 0.101129
8680 8.604148 8.604148 8.604148 0.101129 0.101129 0.101129
8690 8.604148 8.604148 8.604148 0.101129 0.101129 0.101129
8700 8.604148 8.604148 8.604148 0.101129 0.101129 0.101129
8710 8.604148 8.604148 8.604148 0.101129 0.101129 0.101129
8720 8.604148 8.604148 8.604148 0.101129 0.101129 0.101129
8730 8.604148 8.604148 8.604148 0.101129 0.101129 0.101129
8740 8.604148 8.604148 8.604148 0.101129 0.101129 0.101129
8750 8.604148 8.604148 8.604148 0.101129 0.101129 0.101129
8760 8.604148 8.604148 8.604148 0.101129 0.101129 0.101129
8770 8.604148 8.604148 8.604148 0.101129 0.101129 0.101129
8780 8.604148 8.604148 8.604148 0.101129 0.101129 0.101129
8790 8.604148 8.604148 8.604148 0.101129 0.101129 0.101129
8800 8.604148 8.604148 8.604148 0.101129 0.101129 0.101129
8810 8.604148 8.604148 8.604148 0.101129 0.101129 0.101129
8820 8.604148 8.604148 8.604148 0.101129 0.101129 0.101129
8830 8.604148 8.604148 8.604148 0.101129 0.101129 0.101129
8840 8.604148 8.604148 8.604148 0.101129 0.101129 0.101129
8850 8.604148 8.604148 8.604148 0.101129 0.101129 0.101129
8860 8.604148 8.604148 8.604148 0.101129 0.101129 0.101129
8870 8.604148 8.604148 8.604148 0.101129 0.101129 0.101129
8880 8.604148 8.604148 8.604148 0.101129 0.101129 0.101129
8890 8.604148 8.604148 8.604148 0.101129 0.101129 0.101129
8900 8.604148 8.604148 8.604148 0.101129 0.101129 0.101129
8910 8.604148 8.604148 8.604148 0.101129 0.101129 0.101129
8920 8.604148 8.604148 8.604148 0.101129 0.101129 0.101129
8930 8.604148 8.604148 8.604148 0.101129 0.101129 0.101129
8940 8.604148 8.604148 8.604148 0.101129 0.101129 0.101129
8950 8.604148 8.604148 8.604148 0.101129 0.101129 0.101129
8960 8.604148 8.604148 8.604148 0.101129 0.101129 0.101129
8970 8.604148 8.604148 8.604148 0.101129 0.101129 0.101129
8980 8.604148 8.604148 8.604148 0.101129 0.101129 0.101129
8990 8.604148 8.604148 8.604148 0.101129 0.101129 0.101129
9000 8.604148 8.604148 8.604148 0.101129 0.101129 0.101129
9010 8.604148 8.604148 8.604148 0.101129 0.101129 0.101129
9020 8.604148 8.604148 8.604148 0.101129 0.101129 0.101129
9030 8.604148 8.604148 8.604148 0.101129 0.101129 0.101129
9040 8.604148 8.604148 8.604148 0.101129 0.101129 0.101129
9050 8.604148 8.604148 8.604148 0.101129 0.101129 0.101129
9060 8.604148 8.604148 8.604148 0.101129 0.101129 0.101129
9070 8.604148 8.604148 8.604148 0.101129 0.101129 0.101129
9080 8.604148 8.604148 8.604148 0.101129 0.101129 0.101129
9090 8.604148 8.604148 8.604148 0.101129 0.101129 0.101129
9100 8.604148 8.604148 8.604148 0.101129 0.101129 0.101129
9110 8.604148 8.604148 8.604148 0.101129 0.101129 0.101129
9120 8.604148 8.604148 8.604148 0.101129 0.101129 0.101129
9130 8.604148 8.604148 8.604148 0.101129 0.101129 0.101129
9140 8.604148 8.604148 8.604148 0.101129 0.101129 0.101129
9150 8.604148 8.604148 8.604148 0.101129 0.101129 0.101129
9160 8.604148 8.604148 8.604148 0.101129 0.101129 0.101129
9170 8.604148 8.604148 8.604148 0.101129 0.101129 0.101129
9180 8.604148 8.604148 8.604148 0.101129 0.101129 0.101129
9190 8.604148 8.604148 8.604148 0.101129 0.101129 0.101129
9200 8.604148 8.604148 8.604148 0.101129 0.101129 0.101129
9210 8.604148 8.604148 8.604148 0.101129 0.101129 0.101129
9220 8.604148 8.604148 8.604148 0.101129 0.101129 0.101129
9230 8.604148 8.604148 8.604148 0.101129 0.101129 0.101129
9240 8.604148 8.604148 8.604148 0.101129 0.101129 0.101129
9250 8.604148 8.604148 8.604148 0.101129 0.101129 0.101129
9260 8.604148 8.604148 8.604148 0.101129 0.101129 0.101129
9270 8.604148 8.604148 8.604148 0.101129 0.101129 0.101129
9280 8.604148 8.604148 8.604148 0.101129 0.101129 0.101129
9290 8.604148 8.604148 8.604148 0.101129 0.101129 0.101129
9300 8.604148 8.604148 8.604148 0.101129 0.101129 0.101129
9310 8.604148 8.604148 8.604148 0.101129 0.101129 0.101129
9320 8.604148 8.604148 8.604148 0.101129 0.101129 0.101129
9330 8.604148 8.604148 8.604148 0.101129 0.101129 0.101129
9340 8.604148 8.604148 8.604148 0.101129 0.101129 0.101129
9350 8.604148 8.604148 8.604148 0.101129 0.101129 0.101129
9360 8.604148 8.604148 8.604148 0.101129 0.101129 0.101129
9370 8.604148 8.604148 8.604148 0.101129 0.101129 0.101129
9380 8.604148 8.604148 8.604148 0.101129 0.101129 0.101129
9390 8.604148 8.604148 8.604148 0.101129 0.101129 0.101129
9400 8.604148 8.604148 8.604148 0.101129 0.101129 0.101129
9410 8.604148 8.604148 8.604148 0.101129 0.101129 0.101129
9420 8.604148 8.604148 8.604148 0.101129 0.101129 0.101129
9430 8.604148 8.604148 8.604148 0.101129 0.101129 0.101129
9440 8.604148 8.604148 8.604148 0.101129 0.101129 0.101129
9450 8.604148 8.604148 8.604148 0.101129 0.101129 0.101129
9460 8.604148 8.604148 8.604148 0.101129 0.101129 0.101129
9470 8.604148 8.604148 8.604148 0.101129 0.101129 0.101129
9480 8.604148 8.604148 8.604148 0.101129 0.101129 0.101129
9490 8.604148 8.604148 8.604148 0.101129 0.101129 0.101129
9500 8.604148 8.604148 8.604148 0.101129 0.101129 0.101129
9510 8.604148 8.604148 8.604148 0.101129 0.101129 0.101129
9520 8.604148 8.604148 8.604148 0.101129 0.101129 0.101129
9530 8.604148 8.604148 8.604148 0.101129 0.101129 0.101129
9540 8.604148 8.604148 8.604148 0.101129 0.101129 0.101129
9550 8.604148 8.604148 8.604148 0.101129 0.101129 0.101129
9560 8.604148 8.604148 8.604148 0.101129 0.101129 0.101129
9570 8.604148 8.604148 8.604148 0.101129 0.101129 0.101129
9580 8.604148 8.604148 8.604148 0.101129 0.101129 0.101129
9590 8.604148 8.604148 8.604148 0.101129 0.101129 0.101129
9600 8.604148 8.604148 8.604148 0.101129 0.101129 0.101129
9610 8.604148 8.604148 8.604148 0.101129 0.101129 0.101129
9620 8.604148 8.604148 8.604148 0.101129 0.101129 0.101129
9630 8.604148 8.604148 8.604148 0.101129 0.101129 0.101129
9640 8.604148 8.604148 8.604148 0.101129 0.101129 0.101129
9650 8.604148 8.604148 8.604148 0.101129 0.101129 0.101129
9660 8.604148 8.604148 8.604148 0.101129 0.101129 0.101129
9670 8.604148 8.604148 8.604148 0.101129 0.101129 0.101129
9680 8.604148 8.604148 8.604148 0.101129 0.101129 0.101129
9690 8.604148 8.604148 8.604148 0.101129 0.101129 0.101129
9700 8.604148 8.604148 8.604148 0.101129 0.101129 0.101129
9710 8.604148 8.604148 8.604148 0.101129 0.101129 0.101129
9720 8.604148 8.604148 8.604148 0.101129 0.101129 0.101129
9730 8.604148 8.604148 8.604148 0.101129 0.101129 0.101129
9740 8.604148 8.604148 8.604148 0.101129 0.101129 0.101129
9750 8.604148 8.604148 8.604148 0.101129 0.101129 0.101129
9760 8.604148 8.604148 8.604148 0.101129 0.101129 0.101129
9770 8.604148 8.604148 8.604148 0.101129 0.101129 0.101129
9780 8.604148 8.604148 8.604148 0.101129 0.101129 0.101129
9790 8.604148 8.604148 8.604148 0.101129 0.101129 0.101129
9800 8.604148 8.604148 8.604148 0.101129 0.101129 0.101129
9810 8.604148 8.604148 8.604148 0.101129 0.101129 0.101129
9820 8.604148 8.604148 8.604148 0.101129 0.101129 0.101129
9830 8.604148 8.604148 8.604148 0.101129 0.101129 0.101129
9840 8.604148 8.604148 8.604148 0.101129 0.101129 0.101129
9850 8.604148 8.604148 8.604148 0.101129 0.101129 0.101129
9860 8.604148 8.604148 8.604148 0.101129 0.101129 0.101129
9870 8.604148 8.604148 8.604148 0.101129 0.101129 0.101129
9880 8.604148 8.604148 8.604148 0.101129 0.101129 0.101129
9890 8.604148 8.604148 8.604148 0.101129 0.101129 0.101129
9900 8.604148 8.604148 8.604148 0.101129 0.101129 0.101129
9910 8.604148 8.604148 8.604148 0.101129 0.101129 0.101129
9920 8.604148 8.604148 8.604148 0.101129 0.101129 0.101129
9930 8.604148 8.604148 8.604148 0.101129 0.101129 0.101129
9940 8.604148 8.604148 8.604148 0.101129 0.101129 0.101129
9950 8.604148 8.604148 8.604148 0.101129 0.101129 0.101129
9960 8.604148 8.604148 8.604148 0.101129 0.101129 0.101129
9970 8.604148 8.604148 8.604148 0.101129 0.101129 0.101129
9980 8.604148 8.604148 8.604148 0.101129 0.101129 0.101129
9990 8.604148 8.604148 8.604148 0.101129 0.101129 0.101129
10000 8.734810 8.734810 8.734810 0.104025 0.104025 0.104025
