# generation power_min power_avg power_max util_min util_avg util_max
1 10.158042 11.944126 14.107283 0.590114 0.881140 1.238335
10 10.158042 11.861932 13.949789 0.589076 0.858472 1.119321
20 9.824945 11.585963 12.930067 0.589076 0.849497 1.040447
30 9.824945 11.386214 12.458240 0.589076 0.851288 1.040447
40 9.088639 11.183778 12.303980 0.589076 0.847802 1.035398
50 9.088639 10.951482 12.063328 0.589076 0.846487 1.035398
60 9.088639 10.755932 11.916923 0.589076 0.837771 1.032158
70 9.088639 10.553944 11.763339 0.589076 0.843882 1.032158
80 9.079143 10.345509 11.493049 0.589076 0.840643 1.032158
90 8.364718 10.158004 11.191182 0.589076 0.842770 1.032158
100 8.364718 9.978853 10.959099 0.589076 0.840205 1.032158
110 8.364718 9.787140 10.836268 0.589076 0.840185 1.010688
120 8.364718 9.630070 10.633186 0.589076 0.846600 1.010688
130 8.258896 9.472170 10.392732 0.643711 0.845255 1.008317
140 7.640024 9.311528 10.194509 0.643711 0.844545 0.995593
150 7.640024 9.175885 10.007561 0.658891 0.850767 1.035008
160 7.609064 9.023670 9.838976 0.658891 0.856002 1.035008
170 7.540303 8.879724 9.733121 0.658891 0.863312 1.035008
180 7.098249 8.702184 9.572412 0.664149 0.866852 1.035008
190 7.098249 8.547455 9.370833 0.664149 0.864007 1.035008
200 7.098249 8.423047 9.224766 0.622315 0.858170 1.002977
210 7.098249 8.305044 9.079143 0.578924 0.855383 1.002977
220 7.098249 8.176963 8.884728 0.578924 0.855436 1.013446
230 6.847100 8.042119 8.752131 0.578924 0.859544 1.013446
240 6.847100 7.929478 8.621025 0.578924 0.848976 1.013446
250 6.569735 7.780617 8.540633 0.578924 0.852000 1.013446
260 6.569735 7.642023 8.375496 0.578924 0.848783 1.013446
270 6.569735 7.526841 8.251258 0.578924 0.835158 1.009714
280 6.569735 7.411535 8.110515 0.578924 0.828024 1.009714
290 6.363569 7.296841 7.976493 0.578924 0.825617 1.009714
300 6.363569 7.182539 7.760096 0.602905 0.819768 1.009714
310 6.287456 7.074855 7.640024 0.602905 0.816552 1.009714
320 6.287456 6.986751 7.524900 0.602905 0.807312 1.009714
330 6.052255 6.887544 7.339818 0.602905 0.807386 1.009714
340 5.777810 6.790625 7.264539 0.602905 0.790100 0.993836
350 5.777810 6.705326 7.220062 0.617179 0.784311 0.993836
360 5.777810 6.611962 7.140455 0.617179 0.781276 0.993836
370 5.673863 6.503655 7.053446 0.589044 0.775382 0.993836
380 5.634307 6.405384 6.955752 0.589044 0.769550 0.993836
390 5.354268 6.282971 6.847100 0.589044 0.767750 0.970523
400 5.207027 6.173967 6.675207 0.589044 0.764611 0.958615
410 5.061605 6.069161 6.573743 0.589044 0.763252 0.958615
420 5.061605 5.969156 6.527533 0.589044 0.760237 0.958615
430 5.061605 5.868664 6.425958 0.589044 0.758465 0.958615
440 4.999263 5.769203 6.353744 0.589044 0.752654 0.958615
450 4.816352 5.660481 6.287456 0.589044 0.750854 0.958615
460 4.816352 5.554473 6.199890 0.589044 0.745152 0.958615
470 4.782273 5.451892 6.046497 0.589044 0.744357 0.958615
480 4.782273 5.368613 5.895202 0.601582 0.743517 0.958615
490 4.782273 5.282172 5.726000 0.601582 0.733266 0.890965
500 4.659655 5.208154 5.659560 0.601582 0.736937 0.890965
510 4.601073 5.138981 5.547692 0.601582 0.736399 0.882575
520 4.582652 5.066043 5.428670 0.601582 0.736442 0.882575
530 4.541055 5.007086 5.347877 0.601582 0.736432 0.882575
540 4.520205 4.950583 5.289991 0.605139 0.741146 0.882575
550 4.502229 4.891610 5.232705 0.618639 0.746736 0.882575
560 4.500976 4.838374 5.180429 0.630824 0.747194 0.876381
570 4.492492 4.785008 5.105977 0.630824 0.745691 0.876381
580 4.454525 4.740477 4.999263 0.630824 0.751720 0.876381
590 4.451316 4.697587 4.919578 0.630824 0.752298 0.876381
600 4.407359 4.659564 4.860374 0.630824 0.755401 0.876381
610 4.407359 4.627766 4.816352 0.635523 0.759376 0.876381
620 4.407359 4.598582 4.782273 0.635523 0.760455 0.876381
630 4.398090 4.571697 4.753538 0.635523 0.760803 0.876381
640 4.398090 4.545363 4.711304 0.668382 0.758315 0.876381
650 4.361749 4.522025 4.655452 0.668382 0.756256 0.831737
660 4.361749 4.502881 4.627540 0.668382 0.752199 0.831737
670 4.306343 4.482318 4.601073 0.668382 0.751388 0.831737
680 4.306343 4.465322 4.550160 0.668382 0.751219 0.831737
690 4.306343 4.452078 4.527564 0.668382 0.752562 0.831737
700 4.306343 4.438296 4.502229 0.681993 0.753739 0.799423
710 4.220028 4.423448 4.485387 0.681993 0.755448 0.808937
720 4.102234 4.406275 4.483650 0.621449 0.754302 0.808937
730 4.102234 4.388688 4.474502 0.621449 0.754225 0.808937
740 4.102234 4.376295 4.455937 0.621449 0.756465 0.808937
750 4.102234 4.362061 4.451316 0.621449 0.755114 0.819872
760 4.102234 4.344004 4.434392 0.621449 0.754808 0.819872
770 4.001735 4.318600 4.422191 0.621064 0.747951 0.819872
780 4.001735 4.301894 4.403421 0.621064 0.744436 0.819872
790 4.001735 4.280243 4.398090 0.621064 0.739742 0.819872
800 4.001735 4.257448 4.372741 0.621064 0.731524 0.819872
810 4.001735 4.237500 4.366655 0.621064 0.730839 0.808937
820 4.001735 4.217175 4.353454 0.621064 0.727504 0.808937
830 4.001735 4.194963 4.323347 0.621064 0.721108 0.799131
840 4.001735 4.175711 4.304768 0.621064 0.711594 0.797056
850 4.001735 4.154750 4.280105 0.621064 0.700533 0.797056
860 4.001735 4.138329 4.246063 0.621064 0.691826 0.761612
870 4.001735 4.121832 4.210973 0.621064 0.685354 0.761612
880 4.001735 4.108387 4.187407 0.621064 0.678942 0.761612
890 4.001735 4.094074 4.186690 0.621064 0.674989 0.761612
900 4.001735 4.079209 4.159765 0.621064 0.670301 0.761612
910 4.001735 4.066895 4.141789 0.621064 0.661656 0.745756
920 4.000221 4.054623 4.122493 0.621064 0.650650 0.730971
930 3.999504 4.043410 4.102234 0.621064 0.644089 0.704094
940 3.999504 4.034877 4.101516 0.621064 0.645401 0.704094
950 3.999504 4.025402 4.088563 0.621064 0.643027 0.700408
960 3.999504 4.016823 4.087846 0.621064 0.635144 0.700408
970 3.999504 4.009263 4.054757 0.621064 0.628054 0.673531
980 3.999504 4.004003 4.054757 0.621064 0.622842 0.673531
990 3.999504 4.002370 4.003390 0.621064 0.621507 0.621795
1000 3.999504 4.002293 4.002672 0.621064 0.621489 0.621795
1010 3.999504 4.002226 4.002672 0.621064 0.621477 0.621795
1020 3.999504 4.002096 4.002672 0.621064 0.621469 0.621795
1030 3.999504 4.001939 4.002672 0.621064 0.621454 0.621795
1040 3.999504 4.001736 4.002672 0.621064 0.621445 0.621795
1050 3.999504 4.001515 4.002672 0.621064 0.621434 0.621795
1060 3.999504 4.001234 4.002672 0.621064 0.621447 0.621795
1070 3.999504 4.000955 4.002672 0.621064 0.621454 0.621795
1080 3.999504 4.000667 4.002672 0.621064 0.621469 0.621795
1090 3.999504 4.000395 4.001735 0.621064 0.621509 0.621795
1100 3.999504 4.000172 4.001735 0.621064 0.621582 0.621795
1110 3.999504 3.999963 4.001735 0.621064 0.621652 0.621795
1120 3.999504 3.999811 4.001018 0.621207 0.621711 0.621795
1130 3.999504 3.999676 4.000221 0.621652 0.621761 0.621795
1140 3.999504 3.999604 4.000221 0.621652 0.621775 0.621795
1150 3.999504 3.999533 4.000221 0.621652 0.621789 0.621795
1160 3.999504 3.999504 3.999504 0.621795 0.621795 0.621795
1170 3.999504 3.999504 3.999504 0.621795 0.621795 0.621795
1180 3.999504 3.999504 3.999504 0.621795 0.621795 0.621795
1190 3.999504 3.999504 3.999504 0.621795 0.621795 0.621795
1200 3.999504 3.999504 3.999504 0.621795 0.621795 0.621795
1210 3.999504 3.999504 3.999504 0.621795 0.621795 0.621795
1220 3.999504 3.999504 3.999504 0.621795 0.621795 0.621795
1230 3.999504 3.999504 3.999504 0.621795 0.621795 0.621795
1240 3.999504 3.999504 3.999504 0.621795 0.621795 0.621795
1250 3.999504 3.999504 3.999504 0.621795 0.621795 0.621795
1260 3.999504 3.999504 3.999504 0.621795 0.621795 0.621795
1270 3.999504 3.999504 3.999504 0.621795 0.621795 0.621795
1280 3.999504 3.999504 3.999504 0.621795 0.621795 0.621795
1290 3.999504 3.999504 3.999504 0.621795 0.621795 0.621795
1300 3.999504 3.999504 3.999504 0.621795 0.621795 0.621795
1310 3.999504 3.999504 3.999504 0.621795 0.621795 0.621795
1320 3.999504 3.999504 3.999504 0.621795 0.621795 0.621795
1330 3.999504 3.999504 3.999504 0.621795 0.621795 0.621795
1340 3.999504 3.999504 3.999504 0.621795 0.621795 0.621795
1350 3.999504 3.999504 3.999504 0.621795 0.621795 0.621795
1360 3.999504 3.999504 3.999504 0.621795 0.621795 0.621795
1370 3.999504 3.999504 3.999504 0.621795 0.621795 0.621795
1380 3.999504 3.999504 3.999504 0.621795 0.621795 0.621795
1390 3.999504 3.999504 3.999504 0.621795 0.621795 0.621795
1400 3.999504 3.999504 3.999504 0.621795 0.621795 0.621795
1410 3.999504 3.999504 3.999504 0.621795 0.621795 0.621795
1420 3.999504 3.999504 3.999504 0.621795 0.621795 0.621795
1430 3.999504 3.999504 3.999504 0.621795 0.621795 0.621795
1440 3.999504 3.999504 3.999504 0.621795 0.621795 0.621795
1450 3.999504 3.999504 3.999504 0.621795 0.621795 0.621795
1460 3.999504 3.999504 3.999504 0.621795 0.621795 0.621795
1470 3.999504 3.999504 3.999504 0.621795 0.621795 0.621795
1480 3.999504 3.999504 3.999504 0.621795 0.621795 0.621795
1490 3.999504 3.999504 3.999504 0.621795 0.621795 0.621795
1500 3.999504 3.999504 3.999504 0.621795 0.621795 0.621795
1510 3.999504 3.999504 3.999504 0.621795 0.621795 0.621795
1520 3.999504 3.999504 3.999504 0.621795 0.621795 0.621795
1530 3.999504 3.999504 3.999504 0.621795 0.621795 0.621795
1540 3.999504 3.999504 3.999504 0.621795 0.621795 0.621795
1550 3.999504 3.999504 3.999504 0.621795 0.621795 0.621795
1560 3.999504 3.999504 3.999504 0.621795 0.621795 0.621795
1570 3.999504 3.999504 3.999504 0.621795 0.621795 0.621795
1580 3.999504 3.999504 3.999504 0.621795 0.621795 0.621795
1590 3.999504 3.999504 3.999504 0.621795 0.621795 0.621795
1600 3.999504 3.999504 3.999504 0.621795 0.621795 0.621795
1610 3.999504 3.999504 3.999504 0.621795 0.621795 0.621795
1620 3.999504 3.999504 3.999504 0.621795 0.621795 0.621795
1630 3.999504 3.999504 3.999504 0.621795 0.621795 0.621795
1640 3.999504 3.999504 3.999504 0.621795 0.621795 0.621795
1650 3.999504 3.999504 3.999504 0.621795 0.621795 0.621795
1660 3.999504 3.999504 3.999504 0.621795 0.621795 0.621795
1670 3.999504 3.999504 3.999504 0.621795 0.621795 0.621795
1680 3.999504 3.999504 3.999504 0.621795 0.621795 0.621795
1690 3.999504 3.999504 3.999504 0.621795 0.621795 0.621795
1700 3.999504 3.999504 3.999504 0.621795 0.621795 0.621795
1710 3.999504 3.999504 3.999504 0.621795 0.621795 0.621795
1720 3.999504 3.999504 3.999504 0.621795 0.621795 0.621795
1730 3.999504 3.999504 3.999504 0.621795 0.621795 0.621795
1740 3.999504 3.999504 3.999504 0.621795 0.621795 0.621795
1750 3.999504 3.999504 3.999504 0.621795 0.621795 0.621795
1760 3.999504 3.999504 3.999504 0.621795 0.621795 0.621795
1770 3.999504 3.999504 3.999504 0.621795 0.621795 0.621795
1780 3.999504 3.999504 3.999504 0.621795 0.621795 0.621795
1790 3.999504 3.999504 3.999504 0.621795 0.621795 0.621795
1800 3.999504 3.999504 3.999504 0.621795 0.621795 0.621795
1810 3.999504 3.999504 3.999504 0.621795 0.621795 0.621795
1820 3.999504 3.999504 3.999504 0.621795 0.621795 0.621795
1830 3.999504 3.999504 3.999504 0.621795 0.621795 0.621795
1840 3.999504 3.999504 3.999504 0.621795 0.621795 0.621795
1850 3.999504 3.999504 3.999504 0.621795 0.621795 0.621795
1860 3.999504 3.999504 3.999504 0.621795 0.621795 0.621795
1870 3.999504 3.999504 3.999504 0.621795 0.621795 0.621795
1880 3.999504 3.999504 3.999504 0.621795 0.621795 0.621795
1890 3.999504 3.999504 3.999504 0.621795 0.621795 0.621795
1900 3.999504 3.999504 3.999504 0.621795 0.621795 0.621795
1910 3.999504 3.999504 3.999504 0.621795 0.621795 0.621795
1920 3.999504 3.999504 3.999504 0.621795 0.621795 0.621795
1930 3.999504 3.999504 3.999504 0.621795 0.621795 0.621795
1940 3.999504 3.999504 3.999504 0.621795 0.621795 0.621795
1950 3.999504 3.999504 3.999504 0.621795 0.621795 0.621795
1960 3.999504 3.999504 3.999504 0.621795 0.621795 0.621795
1970 3.999504 3.999504 3.999504 0.621795 0.621795 0.621795
1980 3.999504 3.999504 3.999504 0.621795 0.621795 0.621795
1990 3.999504 3.999504 3.999504 0.621795 0.621795 0.621795
2000 3.999504 3.999504 3.999504 0.621795 0.621795 0.621795
2010 3.999504 3.999504 3.999504 0.621795 0.621795 0.621795
2020 3.999504 3.999504 3.999504 0.621795 0.621795 0.621795
2030 3.999504 3.999504 3.999504 0.621795 0.621795 0.621795
2040 3.999504 3.999504 3.999504 0.621795 0.621795 0.621795
2050 3.999504 3.999504 3.999504 0.621795 0.621795 0.621795
2060 3.999504 3.999504 3.999504 0.621795 0.621795 0.621795
2070 3.999504 3.999504 3.999504 0.621795 0.621795 0.621795
2080 3.999504 3.999504 3.999504 0.621795 0.621795 0.621795
2090 3.999504 3.999504 3.999504 0.621795 0.621795 0.621795
2100 3.999504 3.999504 3.999504 0.621795 0.621795 0.621795
2110 3.999504 3.999504 3.999504 0.621795 0.621795 0.621795
2120 3.999504 3.999504 3.999504 0.621795 0.621795 0.621795
2130 3.999504 3.999504 3.999504 0.621795 0.621795 0.621795
2140 3.999504 3.999504 3.999504 0.621795 0.621795 0.621795
2150 3.999504 3.999504 3.999504 0.621795 0.621795 0.621795
2160 3.999504 3.999504 3.999504 0.621795 0.621795 0.621795
2170 3.999504 3.999504 3.999504 0.621795 0.621795 0.621795
2180 3.999504 3.999504 3.999504 0.621795 0.621795 0.621795
2190 3.999504 3.999504 3.999504 0.621795 0.621795 0.621795
2200 3.999504 3.999504 3.999504 0.621795 0.621795 0.621795
2210 3.999504 3.999504 3.999504 0.621795 0.621795 0.621795
2220 3.999504 3.999504 3.999504 0.621795 0.621795 0.621795
2230 3.999504 3.999504 3.999504 0.621795 0.621795 0.621795
2240 3.999504 3.999504 3.999504 0.621795 0.621795 0.621795
2250 3.999504 3.999504 3.999504 0.621795 0.621795 0.621795
2260 3.999504 3.999504 3.999504 0.621795 0.621795 0.621795
2270 3.999504 3.999504 3.999504 0.621795 0.621795 0.621795
2280 3.999504 3.999504 3.999504 0.621795 0.621795 0.621795
2290 3.999504 3.999504 3.999504 0.621795 0.621795 0.621795
2300 3.999504 3.999504 3.999504 0.621795 0.621795 0.621795
2310 3.999504 3.999504 3.999504 0.621795 0.621795 0.621795
2320 3.999504 3.999504 3.999504 0.621795 0.621795 0.621795
2330 3.999504 3.999504 3.999504 0.621795 0.621795 0.621795
2340 3.999504 3.999504 3.999504 0.621795 0.621795 0.621795
2350 3.999504 3.999504 3.999504 0.621795 0.621795 0.621795
2360 3.999504 3.999504 3.999504 0.621795 0.621795 0.621795
2370 3.999504 3.999504 3.999504 0.621795 0.621795 0.621795
2380 3.999504 3.999504 3.999504 0.621795 0.621795 0.621795
2390 3.999504 3.999504 3.999504 0.621795 0.621795 0.621795
2400 3.999504 3.999504 3.999504 0.621795 0.621795 0.621795
2410 3.999504 3.999504 3.999504 0.621795 0.621795 0.621795
2420 3.999504 3.999504 3.999504 0.621795 0.621795 0.621795
2430 3.999504 3.999504 3.999504 0.621795 0.621795 0.621795
2440 3.999504 3.999504 3.999504 0.621795 0.621795 0.621795
2450 3.999504 3.999504 3.999504 0.621795 0.621795 0.621795
2460 3.999504 3.999504 3.999504 0.621795 0.621795 0.621795
2470 3.999504 3.999504 3.999504 0.621795 0.621795 0.621795
2480 3.999504 3.999504 3.999504 0.621795 0.621795 0.621795
2490 3.999504 3.999504 3.999504 0.621795 0.621795 0.621795
2500 3.999504 3.999504 3.999504 0.621795 0.621795 0.621795
2510 3.999504 3.999504 3.999504 0.621795 0.621795 0.621795
2520 3.999504 3.999504 3.999504 0.621795 0.621795 0.621795
2530 3.999504 3.999504 3.999504 0.621795 0.621795 0.621795
2540 3.999504 3.999504 3.999504 0.621795 0.621795 0.621795
2550 3.999504 3.999504 3.999504 0.621795 0.621795 0.621795
2560 3.999504 3.999504 3.999504 0.621795 0.621795 0.621795
2570 3.999504 3.999504 3.999504 0.621795 0.621795 0.621795
2580 3.999504 3.999504 3.999504 0.621795 0.621795 0.621795
2590 3.999504 3.999504 3.999504 0.621795 0.621795 0.621795
2600 3.999504 3.999504 3.999504 0.621795 0.621795 0.621795
2610 3.999504 3.999504 3.999504 0.621795 0.621795 0.621795
2620 3.999504 3.999504 3.999504 0.621795 0.621795 0.621795
2630 3.999504 3.999504 3.999504 0.621795 0.621795 0.621795
2640 3.999504 3.999504 3.999504 0.621795 0.621795 0.621795
2650 3.999504 3.999504 3.999504 0.621795 0.621795 0.621795
2660 3.999504 3.999504 3.999504 0.621795 0.621795 0.621795
2670 3.999504 3.999504 3.999504 0.621795 0.621795 0.621795
2680 3.999504 3.999504 3.999504 0.621795 0.621795 0.621795
2690 3.999504 3.999504 3.999504 0.621795 0.621795 0.621795
2700 3.999504 3.999504 3.999504 0.621795 0.621795 0.621795
2710 3.999504 3.999504 3.999504 0.621795 0.621795 0.621795
2720 3.999504 3.999504 3.999504 0.621795 0.621795 0.621795
2730 3.999504 3.999504 3.999504 0.621795 0.621795 0.621795
2740 3.999504 3.999504 3.999504 0.621795 0.621795 0.621795
2750 3.999504 3.999504 3.999504 0.621795 0.621795 0.621795
2760 3.999504 3.999504 3.999504 0.621795 0.621795 0.621795
2770 3.999504 3.999504 3.999504 0.621795 0.621795 0.621795
2780 3.999504 3.999504 3.999504 0.621795 0.621795 0.621795
2790 3.999504 3.999504 3.999504 0.621795 0.621795 0.621795
2800 3.999504 3.999504 3.999504 0.621795 0.621795 0.621795
2810 3.999504 3.999504 3.999504 0.621795 0.621795 0.621795
2820 3.999504 3.999504 3.999504 0.621795 0.621795 0.621795
2830 3.999504 3.999504 3.999504 0.621795 0.621795 0.621795
2840 3.999504 3.999504 3.999504 0.621795 0.621795 0.621795
2850 3.999504 3.999504 3.999504 0.621795 0.621795 0.621795
2860 3.999504 3.999504 3.999504 0.621795 0.621795 0.621795
2870 3.999504 3.999504 3.999504 0.621795 0.621795 0.621795
2880 3.999504 3.999504 3.999504 0.621795 0.621795 0.621795
2890 3.999504 3.999504 3.999504 0.621795 0.621795 0.621795
2900 3.999504 3.999504 3.999504 0.621795 0.621795 0.621795
2910 3.999504 3.999504 3.999504 0.621795 0.621795 0.621795
2920 3.999504 3.999504 3.999504 0.621795 0.621795 0.621795
2930 3.999504 3.999504 3.999504 0.621795 0.621795 0.621795
2940 3.999504 3.999504 3.999504 0.621795 0.621795 0.621795
2950 3.999504 3.999504 3.999504 0.621795 0.621795 0.621795
2960 3.999504 3.999504 3.999504 0.621795 0.621795 0.621795
2970 3.999504 3.999504 3.999504 0.621795 0.621795 0.621795
2980 3.999504 3.999504 3.999504 0.621795 0.621795 0.621795
2990 3.999504 3.999504 3.999504 0.621795 0.621795 0.621795
3000 3.999504 3.999504 3.999504 0.621795 0.621795 0.621795
3010 3.999504 3.999504 3.999504 0.621795 0.621795 0.621795
3020 3.999504 3.999504 3.999504 0.621795 0.621795 0.621795
3030 3.999504 3.999504 3.999504 0.621795 0.621795 0.621795
3040 3.999504 3.999504 3.999504 0.621795 0.621795 0.621795
3050 3.999504 3.999504 3.999504 0.621795 0.621795 0.621795
3060 3.999504 3.999504 3.999504 0.621795 0.621795 0.621795
3070 3.999504 3.999504 3.999504 0.621795 0.621795 0.621795
3080 3.999504 3.999504 3.999504 0.621795 0.621795 0.621795
3090 3.999504 3.999504 3.999504 0.621795 0.621795 0.621795
3100 3.999504 3.999504 3.999504 0.621795 0.621795 0.621795
3110 3.999504 3.999504 3.999504 0.621795 0.621795 0.621795
3120 3.999504 3.999504 3.999504 0.621795 0.621795 0.621795
3130 3.999504 3.999504 3.999504 0.621795 0.621795 0.621795
3140 3.999504 3.999504 3.999504 0.621795 0.621795 0.621795
3150 3.999504 3.999504 3.999504 0.621795 0.621795 0.621795
3160 3.999504 3.999504 3.999504 0.621795 0.621795 0.621795
3170 3.999504 3.999504 3.999504 0.621795 0.621795 0.621795
3180 3.999504 3.999504 3.999504 0.621795 0.621795 0.621795
3190 3.999504 3.999504 3.999504 0.621795 0.621795 0.621795
3200 3.999504 3.999504 3.999504 0.621795 0.621795 0.621795
3210 3.999504 3.999504 3.999504 0.621795 0.621795 0.621795
3220 3.999504 3.999504 3.999504 0.621795 0.621795 0.621795
3230 3.999504 3.999504 3.999504 0.621795 0.621795 0.621795
3240 3.999504 3.999504 3.999504 0.621795 0.621795 0.621795
3250 3.999504 3.999504 3.999504 0.621795 0.621795 0.621795
3260 3.999504 3.999504 3.999504 0.621795 0.621795 0.621795
3270 3.999504 3.999504 3.999504 0.621795 0.621795 0.621795
3280 3.999504 3.999504 3.999504 0.621795 0.621795 0.621795
3290 3.999504 3.999504 3.999504 0.621795 0.621795 0.621795
3300 3.999504 3.999504 3.999504 0.621795 0.621795 0.621795
3310 3.999504 3.999504 3.999504 0.621795 0.621795 0.621795
3320 3.999504 3.999504 3.999504 0.621795 0.621795 0.621795
3330 3.999504 3.999504 3.999504 0.621795 0.621795 0.621795
3340 3.999504 3.999504 3.999504 0.621795 0.621795 0.621795
3350 3.999504 3.999504 3.999504 0.621795 0.621795 0.621795
3360 3.999504 3.999504 3.999504 0.621795 0.621795 0.621795
3370 3.999504 3.999504 3.999504 0.621795 0.621795 0.621795
3380 3.999504 3.999504 3.999504 0.621795 0.621795 0.621795
3390 3.999504 3.999504 3.999504 0.621795 0.621795 0.621795
3400 3.999504 3.999504 3.999504 0.621795 0.621795 0.621795
3410 3.999504 3.999504 3.999504 0.621795 0.621795 0.621795
3420 3.999504 3.999504 3.999504 0.621795 0.621795 0.621795
3430 3.999504 3.999504 3.999504 0.621795 0.621795 0.621795
3440 3.999504 3.999504 3.999504 0.621795 0.621795 0.621795
3450 3.999504 3.999504 3.999504 0.621795 0.621795 0.621795
3460 3.999504 3.999504 3.999504 0.621795 0.621795 0.621795
3470 3.999504 3.999504 3.999504 0.621795 0.621795 0.621795
3480 3.999504 3.999504 3.999504 0.621795 0.621795 0.621795
3490 3.999504 3.999504 3.999504 0.621795 0.621795 0.621795
3500 3.999504 3.999504 3.999504 0.621795 0.621795 0.621795
3510 3.999504 3.999504 3.999504 0.621795 0.621795 0.621795
3520 3.999504 3.999504 3.999504 0.621795 0.621795 0.621795
3530 3.999504 3.999504 3.999504 0.621795 0.621795 0.621795
3540 3.999504 3.999504 3.999504 0.621795 0.621795 0.621795
3550 3.999504 3.999504 3.999504 0.621795 0.621795 0.621795
3560 3.999504 3.999504 3.999504 0.621795 0.621795 0.621795
3570 3.999504 3.999504 3.999504 0.621795 0.621795 0.621795
3580 3.999504 3.999504 3.999504 0.621795 0.621795 0.621795
3590 3.999504 3.999504 3.999504 0.621795 0.621795 0.621795
3600 3.999504 3.999504 3.999504 0.621795 0.621795 0.621795
3610 3.999504 3.999504 3.999504 0.621795 0.621795 0.621795
3620 3.999504 3.999504 3.999504 0.621795 0.621795 0.621795
3630 3.999504 3.999504 3.999504 0.621795 0.621795 0.621795
3640 3.999504 3.999504 3.999504 0.621795 0.621795 0.621795
3650 3.999504 3.999504 3.999504 0.621795 0.621795 0.621795
3660 3.999504 3.999504 3.999504 0.621795 0.621795 0.621795
3670 3.999504 3.999504 3.999504 0.621795 0.621795 0.621795
3680 3.999504 3.999504 3.999504 0.621795 0.621795 0.621795
3690 3.999504 3.999504 3.999504 0.621795 0.621795 0.621795
3700 3.999504 3.999504 3.999504 0.621795 0.621795 0.621795
3710 3.999504 3.999504 3.999504 0.621795 0.621795 0.621795
3720 3.999504 3.999504 3.999504 0.621795 0.621795 0.621795
3730 3.999504 3.999504 3.999504 0.621795 0.621795 0.621795
3740 3.999504 3.999504 3.999504 0.621795 0.621795 0.621795
3750 3.999504 3.999504 3.999504 0.621795 0.621795 0.621795
3760 3.999504 3.999504 3.999504 0.621795 0.621795 0.621795
3770 3.999504 3.999504 3.999504 0.621795 0.621795 0.621795
3780 3.999504 3.999504 3.999504 0.621795 0.621795 0.621795
3790 3.999504 3.999504 3.999504 0.621795 0.621795 0.621795
3800 3.999504 3.999504 3.999504 0.621795 0.621795 0.621795
3810 3.999504 3.999504 3.999504 0.621795 0.621795 0.621795
3820 3.999504 3.999504 3.999504 0.621795 0.621795 0.621795
3830 3.999504 3.999504 3.999504 0.621795 0.621795 0.621795
3840 3.999504 3.999504 3.999504 0.621795 0.621795 0.621795
3850 3.999504 3.999504 3.999504 0.621795 0.621795 0.621795
3860 3.999504 3.999504 3.999504 0.621795 0.621795 0.621795
3870 3.999504 3.999504 3.999504 0.621795 0.621795 0.621795
3880 3.999504 3.999504 3.999504 0.621795 0.621795 0.621795
3890 3.999504 3.999504 3.999504 0.621795 0.621795 0.621795
3900 3.999504 3.999504 3.999504 0.621795 0.621795 0.621795
3910 3.999504 3.999504 3.999504 0.621795 0.621795 0.621795
3920 3.999504 3.999504 3.999504 0.621795 0.621795 0.621795
3930 3.999504 3.999504 3.999504 0.621795 0.621795 0.621795
3940 3.999504 3.999504 3.999504 0.621795 0.621795 0.621795
3950 3.999504 3.999504 3.999504 0.621795 0.621795 0.621795
3960 3.999504 3.999504 3.999504 0.621795 0.621795 0.621795
3970 3.999504 3.999504 3.999504 0.621795 0.621795 0.621795
3980 3.999504 3.999504 3.999504 0.621795 0.621795 0.621795
3990 3.999504 3.999504 3.999504 0.621795 0.621795 0.621795
4000 3.999504 3.999504 3.999504 0.621795 0.621795 0.621795
4010 3.999504 3.999504 3.999504 0.621795 0.621795 0.621795
4020 3.999504 3.999504 3.999504 0.621795 0.621795 0.621795
4030 3.999504 3.999504 3.999504 0.621795 0.621795 0.621795
4040 3.999504 3.999504 3.999504 0.621795 0.621795 0.621795
4050 3.999504 3.999504 3.999504 0.621795 0.621795 0.621795
4060 3.999504 3.999504 3.999504 0.621795 0.621795 0.621795
4070 3.999504 3.999504 3.999504 0.621795 0.621795 0.621795
4080 3.999504 3.999504 3.999504 0.621795 0.621795 0.621795
4090 3.999504 3.999504 3.999504 0.621795 0.621795 0.621795
4100 3.999504 3.999504 3.999504 0.621795 0.621795 0.621795
4110 3.999504 3.999504 3.999504 0.621795 0.621795 0.621795
4120 3.999504 3.999504 3.999504 0.621795 0.621795 0.621795
4130 3.999504 3.999504 3.999504 0.621795 0.621795 0.621795
4140 3.999504 3.999504 3.999504 0.621795 0.621795 0.621795
4150 3.999504 3.999504 3.999504 0.621795 0.621795 0.621795
4160 3.999504 3.999504 3.999504 0.621795 0.621795 0.621795
4170 3.999504 3.999504 3.999504 0.621795 0.621795 0.621795
4180 3.999504 3.999504 3.999504 0.621795 0.621795 0.621795
4190 3.999504 3.999504 3.999504 0.621795 0.621795 0.621795
4200 3.999504 3.999504 3.999504 0.621795 0.621795 0.621795
4210 3.999504 3.999504 3.999504 0.621795 0.621795 0.621795
4220 3.999504 3.999504 3.999504 0.621795 0.621795 0.621795
4230 3.999504 3.999504 3.999504 0.621795 0.621795 0.621795
4240 3.999504 3.999504 3.999504 0.621795 0.621795 0.621795
4250 3.999504 3.999504 3.999504 0.621795 0.621795 0.621795
4260 3.999504 3.999504 3.999504 0.621795 0.621795 0.621795
4270 3.999504 3.999504 3.999504 0.621795 0.621795 0.621795
4280 3.999504 3.999504 3.999504 0.621795 0.621795 0.621795
4290 3.999504 3.999504 3.999504 0.621795 0.621795 0.621795
4300 3.999504 3.999504 3.999504 0.621795 0.621795 0.621795
4310 3.999504 3.999504 3.999504 0.621795 0.621795 0.621795
4320 3.999504 3.999504 3.999504 0.621795 0.621795 0.621795
4330 3.999504 3.999504 3.999504 0.621795 0.621795 0.621795
4340 3.999504 3.999504 3.999504 0.621795 0.621795 0.621795
4350 3.999504 3.999504 3.999504 0.621795 0.621795 0.621795
4360 3.999504 3.999504 3.999504 0.621795 0.621795 0.621795
4370 3.999504 3.999504 3.999504 0.621795 0.621795 0.621795
4380 3.999504 3.999504 3.999504 0.621795 0.621795 0.621795
4390 3.999504 3.999504 3.999504 0.621795 0.621795 0.621795
4400 3.999504 3.999504 3.999504 0.621795 0.621795 0.621795
4410 3.999504 3.999504 3.999504 0.621795 0.621795 0.621795
4420 3.999504 3.999504 3.999504 0.621795 0.621795 0.621795
4430 3.999504 3.999504 3.999504 0.621795 0.621795 0.621795
4440 3.999504 3.999504 3.999504 0.621795 0.621795 0.621795
4450 3.999504 3.999504 3.999504 0.621795 0.621795 0.621795
4460 3.999504 3.999504 3.999504 0.621795 0.621795 0.621795
4470 3.999504 3.999504 3.999504 0.621795 0.621795 0.621795
4480 3.999504 3.999504 3.999504 0.621795 0.621795 0.621795
4490 3.999504 3.999504 3.999504 0.621795 0.621795 0.621795
4500 3.999504 3.999504 3.999504 0.621795 0.621795 0.621795
4510 3.999504 3.999504 3.999504 0.621795 0.621795 0.621795
4520 3.999504 3.999504 3.999504 0.621795 0.621795 0.621795
4530 3.999504 3.999504 3.999504 0.621795 0.621795 0.621795
4540 3.999504 3.999504 3.999504 0.621795 0.621795 0.621795
4550 3.999504 3.999504 3.999504 0.621795 0.621795 0.621795
4560 3.999504 3.999504 3.999504 0.621795 0.621795 0.621795
4570 3.999504 3.999504 3.999504 0.621795 0.621795 0.621795
4580 3.999504 3.999504 3.999504 0.621795 0.621795 0.621795
4590 3.999504 3.999504 3.999504 0.621795 0.621795 0.621795
4600 3.999504 3.999504 3.999504 0.621795 0.621795 0.621795
4610 3.999504 3.999504 3.999504 0.621795 0.621795 0.621795
4620 3.999504 3.999504 3.999504 0.621795 0.621795 0.621795
4630 3.999504 3.999504 3.999504 0.621795 0.621795 0.621795
4640 3.999504 3.999504 3.999504 0.621795 0.621795 0.621795
4650 3.999504 3.999504 3.999504 0.621795 0.621795 0.621795
4660 3.999504 3.999504 3.999504 0.621795 0.621795 0.621795
4670 3.999504 3.999504 3.999504 0.621795 0.621795 0.621795
4680 3.999504 3.999504 3.999504 0.621795 0.621795 0.621795
4690 3.999504 3.999504 3.999504 0.621795 0.621795 0.621795
4700 3.999504 3.999504 3.999504 0.621795 0.621795 0.621795
4710 3.999504 3.999504 3.999504 0.621795 0.621795 0.621795
4720 3.999504 3.999504 3.999504 0.621795 0.621795 0.621795
4730 3.999504 3.999504 3.999504 0.621795 0.621795 0.621795
4740 3.999504 3.999504 3.999504 0.621795 0.621795 0.621795
4750 3.999504 3.999504 3.999504 0.621795 0.621795 0.621795
4760 3.999504 3.999504 3.999504 0.621795 0.621795 0.621795
4770 3.999504 3.999504 3.999504 0.621795 0.621795 0.621795
4780 3.999504 3.999504 3.999504 0.621795 0.621795 0.621795
4790 3.999504 3.999504 3.999504 0.621795 0.621795 0.621795
4800 3.999504 3.999504 3.999504 0.621795 0.621795 0.621795
4810 3.999504 3.999504 3.999504 0.621795 0.621795 0.621795
4820 3.999504 3.999504 3.999504 0.621795 0.621795 0.621795
4830 3.999504 3.999504 3.999504 0.621795 0.621795 0.621795
4840 3.999504 3.999504 3.999504 0.621795 0.621795 0.621795
4850 3.999504 3.999504 3.999504 0.621795 0.621795 0.621795
4860 3.999504 3.999504 3.999504 0.621795 0.621795 0.621795
4870 3.999504 3.999504 3.999504 0.621795 0.621795 0.621795
4880 3.999504 3.999504 3.999504 0.621795 0.621795 0.621795
4890 3.999504 3.999504 3.999504 0.621795 0.621795 0.621795
4900 3.999504 3.999504 3.999504 0.621795 0.621795 0.621795
4910 3.999504 3.999504 3.999504 0.621795 0.621795 0.621795
4920 3.999504 3.999504 3.999504 0.621795 0.621795 0.621795
4930 3.999504 3.999504 3.999504 0.621795 0.621795 0.621795
4940 3.999504 3.999504 3.999504 0.621795 0.621795 0.621795
4950 3.999504 3.999504 3.999504 0.621795 0.621795 0.621795
4960 3.999504 3.999504 3.999504 0.621795 0.621795 0.621795
4970 3.999504 3.999504 3.999504 0.621795 0.621795 0.621795
4980 3.999504 3.999504 3.999504 0.621795 0.621795 0.621795
4990 3.999504 3.999504 3.999504 0.621795 0.621795 0.621795
5000 3.999504 3.999504 3.999504 0.621795 0.621795 0.621795
5010 3.999504 3.999504 3.999504 0.621795 0.621795 0.621795
5020 3.999504 3.999504 3.999504 0.621795 0.621795 0.621795
5030 3.999504 3.999504 3.999504 0.621795 0.621795 0.621795
5040 3.999504 3.999504 3.999504 0.621795 0.621795 0.621795
5050 3.999504 3.999504 3.999504 0.621795 0.621795 0.621795
5060 3.999504 3.999504 3.999504 0.621795 0.621795 0.621795
5070 3.999504 3.999504 3.999504 0.621795 0.621795 0.621795
5080 3.999504 3.999504 3.999504 0.621795 0.621795 0.621795
5090 3.999504 3.999504 3.999504 0.621795 0.621795 0.621795
5100 3.999504 3.999504 3.999504 0.621795 0.621795 0.621795
5110 3.999504 3.999504 3.999504 0.621795 0.621795 0.621795
5120 3.999504 3.999504 3.999504 0.621795 0.621795 0.621795
5130 3.999504 3.999504 3.999504 0.621795 0.621795 0.621795
5140 3.999504 3.999504 3.999504 0.621795 0.621795 0.621795
5150 3.999504 3.999504 3.999504 0.621795 0.621795 0.621795
5160 3.999504 3.999504 3.999504 0.621795 0.621795 0.621795
5170 3.999504 3.999504 3.999504 0.621795 0.621795 0.621795
5180 3.999504 3.999504 3.999504 0.621795 0.621795 0.621795
5190 3.999504 3.999504 3.999504 0.621795 0.621795 0.621795
5200 3.999504 3.999504 3.999504 0.621795 0.621795 0.621795
5210 3.999504 3.999504 3.999504 0.621795 0.621795 0.621795
5220 3.999504 3.999504 3.999504 0.621795 0.621795 0.621795
5230 3.999504 3.999504 3.999504 0.621795 0.621795 0.621795
5240 3.999504 3.999504 3.999504 0.621795 0.621795 0.621795
5250 3.999504 3.999504 3.999504 0.621795 0.621795 0.621795
5260 3.999504 3.999504 3.999504 0.621795 0.621795 0.621795
5270 3.999504 3.999504 3.999504 0.621795 0.621795 0.621795
5280 3.999504 3.999504 3.999504 0.621795 0.621795 0.621795
5290 3.999504 3.999504 3.999504 0.621795 0.621795 0.621795
5300 3.999504 3.999504 3.999504 0.621795 0.621795 0.621795
5310 3.999504 3.999504 3.999504 0.621795 0.621795 0.621795
5320 3.999504 3.999504 3.999504 0.621795 0.621795 0.621795
5330 3.999504 3.999504 3.999504 0.621795 0.621795 0.621795
5340 3.999504 3.999504 3.999504 0.621795 0.621795 0.621795
5350 3.999504 3.999504 3.999504 0.621795 0.621795 0.621795
5360 3.999504 3.999504 3.999504 0.621795 0.621795 0.621795
5370 3.999504 3.999504 3.999504 0.621795 0.621795 0.621795
5380 3.999504 3.999504 3.999504 0.621795 0.621795 0.621795
5390 3.999504 3.999504 3.999504 0.621795 0.621795 0.621795
5400 3.999504 3.999504 3.999504 0.621795 0.621795 0.621795
5410 3.999504 3.999504 3.999504 0.621795 0.621795 0.621795
5420 3.999504 3.999504 3.999504 0.621795 0.621795 0.621795
5430 3.999504 3.999504 3.999504 0.621795 0.621795 0.621795
5440 3.999504 3.999504 3.999504 0.621795 0.621795 0.621795
5450 3.999504 3.999504 3.999504 0.621795 0.621795 0.621795
5460 3.999504 3.999504 3.999504 0.621795 0.621795 0.621795
5470 3.999504 3.999504 3.999504 0.621795 0.621795 0.621795
5480 3.999504 3.999504 3.999504 0.621795 0.621795 0.621795
5490 3.999504 3.999504 3.999504 0.621795 0.621795 0.621795
5500 3.999504 3.999504 3.999504 0.621795 0.621795 0.621795
5510 3.999504 3.999504 3.999504 0.621795 0.621795 0.621795
5520 3.999504 3.999504 3.999504 0.621795 0.621795 0.621795
5530 3.999504 3.999504 3.999504 0.621795 0.621795 0.621795
5540 3.999504 3.999504 3.999504 0.621795 0.621795 0.621795
5550 3.999504 3.999504 3.999504 0.621795 0.621795 0.621795
5560 3.999504 3.999504 3.999504 0.621795 0.621795 0.621795
5570 3.999504 3.999504 3.999504 0.621795 0.621795 0.621795
5580 3.999504 3.999504 3.999504 0.621795 0.621795 0.621795
5590 3.999504 3.999504 3.999504 0.621795 0.621795 0.621795
5600 3.999504 3.999504 3.999504 0.621795 0.621795 0.621795
5610 3.999504 3.999504 3.999504 0.621795 0.621795 0.621795
5620 3.999504 3.999504 3.999504 0.621795 0.621795 0.621795
5630 3.999504 3.999504 3.999504 0.621795 0.621795 0.621795
5640 3.999504 3.999504 3.999504 0.621795 0.621795 0.621795
5650 3.999504 3.999504 3.999504 0.621795 0.621795 0.621795
5660 3.999504 3.999504 3.999504 0.621795 0.621795 0.621795
5670 3.999504 3.999504 3.999504 0.621795 0.621795 0.621795
5680 3.999504 3.999504 3.999504 0.621795 0.621795 0.621795
5690 3.999504 3.999504 3.999504 0.621795 0.621795 0.621795
5700 3.999504 3.999504 3.999504 0.621795 0.621795 0.621795
5710 3.999504 3.999504 3.999504 0.621795 0.621795 0.621795
5720 3.999504 3.999504 3.999504 0.621795 0.621795 0.621795
5730 3.999504 3.999504 3.999504 0.621795 0.621795 0.621795
5740 3.999504 3.999504 3.999504 0.621795 0.621795 0.621795
5750 3.999504 3.999504 3.999504 0.621795 0.621795 0.621795
5760 3.999504 3.999504 3.999504 0.621795 0.621795 0.621795
5770 3.999504 3.999504 3.999504 0.621795 0.621795 0.621795
5780 3.999504 3.999504 3.999504 0.621795 0.621795 0.621795
5790 3.999504 3.999504 3.999504 0.621795 0.621795 0.621795
5800 3.999504 3.999504 3.999504 0.621795 0.621795 0.621795
5810 3.999504 3.999504 3.999504 0.621795 0.621795 0.621795
5820 3.999504 3.999504 3.999504 0.621795 0.621795 0.621795
5830 3.999504 3.999504 3.999504 0.621795 0.621795 0.621795
5840 3.999504 3.999504 3.999504 0.621795 0.621795 0.621795
5850 3.999504 3.999504 3.999504 0.621795 0.621795 0.621795
5860 3.999504 3.999504 3.999504 0.621795 0.621795 0.621795
5870 3.999504 3.999504 3.999504 0.621795 0.621795 0.621795
5880 3.999504 3.999504 3.999504 0.621795 0.621795 0.621795
5890 3.999504 3.999504 3.999504 0.621795 0.621795 0.621795
5900 3.999504 3.999504 3.999504 0.621795 0.621795 0.621795
5910 3.999504 3.999504 3.999504 0.621795 0.621795 0.621795
5920 3.999504 3.999504 3.999504 0.621795 0.621795 0.621795
5930 3.999504 3.999504 3.999504 0.621795 0.621795 0.621795
5940 3.999504 3.999504 3.999504 0.621795 0.621795 0.621795
5950 3.999504 3.999504 3.999504 0.621795 0.621795 0.621795
5960 3.999504 3.999504 3.999504 0.621795 0.621795 0.621795
5970 3.999504 3.999504 3.999504 0.621795 0.621795 0.621795
5980 3.999504 3.999504 3.999504 0.621795 0.621795 0.621795
5990 3.999504 3.999504 3.999504 0.621795 0.621795 0.621795
6000 3.999504 3.999504 3.999504 0.621795 0.621795 0.621795
6010 3.999504 3.999504 3.999504 0.621795 0.621795 0.621795
6020 3.999504 3.999504 3.999504 0.621795 0.621795 0.621795
6030 3.999504 3.999504 3.999504 0.621795 0.621795 0.621795
6040 3.999504 3.999504 3.999504 0.621795 0.621795 0.621795
6050 3.999504 3.999504 3.999504 0.621795 0.621795 0.621795
6060 3.999504 3.999504 3.999504 0.621795 0.621795 0.621795
6070 3.999504 3.999504 3.999504 0.621795 0.621795 0.621795
6080 3.999504 3.999504 3.999504 0.621795 0.621795 0.621795
6090 3.999504 3.999504 3.999504 0.621795 0.621795 0.621795
6100 3.999504 3.999504 3.999504 0.621795 0.621795 0.621795
6110 3.999504 3.999504 3.999504 0.621795 0.621795 0.621795
6120 3.999504 3.999504 3.999504 0.621795 0.621795 0.621795
6130 3.999504 3.999504 3.999504 0.621795 0.621795 0.621795
6140 3.999504 3.999504 3.999504 0.621795 0.621795 0.621795
6150 3.999504 3.999504 3.999504 0.621795 0.621795 0.621795
6160 3.999504 3.999504 3.999504 0.621795 0.621795 0.621795
6170 3.999504 3.999504 3.999504 0.621795 0.621795 0.621795
6180 3.999504 3.999504 3.999504 0.621795 0.621795 0.621795
6190 3.999504 3.999504 3.999504 0.621795 0.621795 0.621795
6200 3.999504 3.999504 3.999504 0.621795 0.621795 0.621795
6210 3.999504 3.999504 3.999504 0.621795 0.621795 0.621795
6220 3.999504 3.999504 3.999504 0.621795 0.621795 0.621795
6230 3.999504 3.999504 3.999504 0.621795 0.621795 0.621795
6240 3.999504 3.999504 3.999504 0.621795 0.621795 0.621795
6250 3.999504 3.999504 3.999504 0.621795 0.621795 0.621795
6260 3.999504 3.999504 3.999504 0.621795 0.621795 0.621795
6270 3.999504 3.999504 3.999504 0.621795 0.621795 0.621795
6280 3.999504 3.999504 3.999504 0.621795 0.621795 0.621795
6290 3.999504 3.999504 3.999504 0.621795 0.621795 0.621795
6300 3.999504 3.999504 3.999504 0.621795 0.621795 0.621795
6310 3.999504 3.999504 3.999504 0.621795 0.621795 0.621795
6320 3.999504 3.999504 3.999504 0.621795 0.621795 0.621795
6330 3.999504 3.999504 3.999504 0.621795 0.621795 0.621795
6340 3.999504 3.999504 3.999504 0.621795 0.621795 0.621795
6350 3.999504 3.999504 3.999504 0.621795 0.621795 0.621795
6360 3.999504 3.999504 3.999504 0.621795 0.621795 0.621795
6370 3.999504 3.999504 3.999504 0.621795 0.621795 0.621795
6380 3.999504 3.999504 3.999504 0.621795 0.621795 0.621795
6390 3.999504 3.999504 3.999504 0.621795 0.621795 0.621795
6400 3.999504 3.999504 3.999504 0.621795 0.621795 0.621795
6410 3.999504 3.999504 3.999504 0.621795 0.621795 0.621795
6420 3.999504 3.999504 3.999504 0.621795 0.621795 0.621795
6430 3.999504 3.999504 3.999504 0.621795 0.621795 0.621795
6440 3.999504 3.999504 3.999504 0.621795 0.621795 0.621795
6450 3.999504 3.999504 3.999504 0.621795 0.621795 0.621795
6460 3.999504 3.999504 3.999504 0.621795 0.621795 0.621795
6470 3.999504 3.999504 3.999504 0.621795 0.621795 0.621795
6480 3.999504 3.999504 3.999504 0.621795 0.621795 0.621795
6490 3.999504 3.999504 3.999504 0.621795 0.621795 0.621795
6500 3.999504 3.999504 3.999504 0.621795 0.621795 0.621795
6510 3.999504 3.999504 3.999504 0.621795 0.621795 0.621795
6520 3.999504 3.999504 3.999504 0.621795 0.621795 0.621795
6530 3.999504 3.999504 3.999504 0.621795 0.621795 0.621795
6540 3.999504 3.999504 3.999504 0.621795 0.621795 0.621795
6550 3.999504 3.999504 3.999504 0.621795 0.621795 0.621795
6560 3.999504 3.999504 3.999504 0.621795 0.621795 0.621795
6570 3.999504 3.999504 3.999504 0.621795 0.621795 0.621795
6580 3.999504 3.999504 3.999504 0.621795 0.621795 0.621795
6590 3.999504 3.999504 3.999504 0.621795 0.621795 0.621795
6600 3.999504 3.999504 3.999504 0.621795 0.621795 0.621795
6610 3.999504 3.999504 3.999504 0.621795 0.621795 0.621795
6620 3.999504 3.999504 3.999504 0.621795 0.621795 0.621795
6630 3.999504 3.999504 3.999504 0.621795 0.621795 0.621795
6640 3.999504 3.999504 3.999504 0.621795 0.621795 0.621795
6650 3.999504 3.999504 3.999504 0.621795 0.621795 0.621795
6660 3.999504 3.999504 3.999504 0.621795 0.621795 0.621795
6670 3.999504 3.999504 3.999504 0.621795 0.621795 0.621795
6680 3.999504 3.999504 3.999504 0.621795 0.621795 0.621795
6690 3.999504 3.999504 3.999504 0.621795 0.621795 0.621795
6700 3.999504 3.999504 3.999504 0.621795 0.621795 0.621795
6710 3.999504 3.999504 3.999504 0.621795 0.621795 0.621795
6720 3.999504 3.999504 3.999504 0.621795 0.621795 0.621795
6730 3.999504 3.999504 3.999504 0.621795 0.621795 0.621795
6740 3.999504 3.999504 3.999504 0.621795 0.621795 0.621795
6750 3.999504 3.999504 3.999504 0.621795 0.621795 0.621795
6760 3.999504 3.999504 3.999504 0.621795 0.621795 0.621795
6770 3.999504 3.999504 3.999504 0.621795 0.621795 0.621795
6780 3.999504 3.999504 3.999504 0.621795 0.621795 0.621795
6790 3.999504 3.999504 3.999504 0.621795 0.621795 0.621795
6800 3.999504 3.999504 3.999504 0.621795 0.621795 0.621795
6810 3.999504 3.999504 3.999504 0.621795 0.621795 0.621795
6820 3.999504 3.999504 3.999504 0.621795 0.621795 0.621795
6830 3.999504 3.999504 3.999504 0.621795 0.621795 0.621795
6840 3.999504 3.999504 3.999504 0.621795 0.621795 0.621795
6850 3.999504 3.999504 3.999504 0.621795 0.621795 0.621795
6860 3.999504 3.999504 3.999504 0.621795 0.621795 0.621795
6870 3.999504 3.999504 3.999504 0.621795 0.621795 0.621795
6880 3.999504 3.999504 3.999504 0.621795 0.621795 0.621795
6890 3.999504 3.999504 3.999504 0.621795 0.621795 0.621795
6900 3.999504 3.999504 3.999504 0.621795 0.621795 0.621795
6910 3.999504 3.999504 3.999504 0.621795 0.621795 0.621795
6920 3.999504 3.999504 3.999504 0.621795 0.621795 0.621795
6930 3.999504 3.999504 3.999504 0.621795 0.621795 0.621795
6940 3.999504 3.999504 3.999504 0.621795 0.621795 0.621795
6950 3.999504 3.999504 3.999504 0.621795 0.621795 0.621795
6960 3.999504 3.999504 3.999504 0.621795 0.621795 0.621795
6970 3.999504 3.999504 3.999504 0.621795 0.621795 0.621795
6980 3.999504 3.999504 3.999504 0.621795 0.621795 0.621795
6990 3.999504 3.999504 3.999504 0.621795 0.621795 0.621795
7000 3.999504 3.999504 3.999504 0.621795 0.621795 0.621795
7010 3.999504 3.999504 3.999504 0.621795 0.621795 0.621795
7020 3.999504 3.999504 3.999504 0.621795 0.621795 0.621795
7030 3.999504 3.999504 3.999504 0.621795 0.621795 0.621795
7040 3.999504 3.999504 3.999504 0.621795 0.621795 0.621795
7050 3.999504 3.999504 3.999504 0.621795 0.621795 0.621795
7060 3.999504 3.999504 3.999504 0.621795 0.621795 0.621795
7070 3.999504 3.999504 3.999504 0.621795 0.621795 0.621795
7080 3.999504 3.999504 3.999504 0.621795 0.621795 0.621795
7090 3.999504 3.999504 3.999504 0.621795 0.621795 0.621795
7100 3.999504 3.999504 3.999504 0.621795 0.621795 0.621795
7110 3.999504 3.999504 3.999504 0.621795 0.621795 0.621795
7120 3.999504 3.999504 3.999504 0.621795 0.621795 0.621795
7130 3.999504 3.999504 3.999504 0.621795 0.621795 0.621795
7140 3.999504 3.999504 3.999504 0.621795 0.621795 0.621795
7150 3.999504 3.999504 3.999504 0.621795 0.621795 0.621795
7160 3.999504 3.999504 3.999504 0.621795 0.621795 0.621795
7170 3.999504 3.999504 3.999504 0.621795 0.621795 0.621795
7180 3.999504 3.999504 3.999504 0.621795 0.621795 0.621795
7190 3.999504 3.999504 3.999504 0.621795 0.621795 0.621795
7200 3.999504 3.999504 3.999504 0.621795 0.621795 0.621795
7210 3.999504 3.999504 3.999504 0.621795 0.621795 0.621795
7220 3.999504 3.999504 3.999504 0.621795 0.621795 0.621795
7230 3.999504 3.999504 3.999504 0.621795 0.621795 0.621795
7240 3.999504 3.999504 3.999504 0.621795 0.621795 0.621795
7250 3.999504 3.999504 3.999504 0.621795 0.621795 0.621795
7260 3.999504 3.999504 3.999504 0.621795 0.621795 0.621795
7270 3.999504 3.999504 3.999504 0.621795 0.621795 0.621795
7280 3.999504 3.999504 3.999504 0.621795 0.621795 0.621795
7290 3.999504 3.999504 3.999504 0.621795 0.621795 0.621795
7300 3.999504 3.999504 3.999504 0.621795 0.621795 0.621795
7310 3.999504 3.999504 3.999504 0.621795 0.621795 0.621795
7320 3.999504 3.999504 3.999504 0.621795 0.621795 0.621795
7330 3.999504 3.999504 3.999504 0.621795 0.621795 0.621795
7340 3.999504 3.999504 3.999504 0.621795 0.621795 0.621795
7350 3.999504 3.999504 3.999504 0.621795 0.621795 0.621795
7360 3.999504 3.999504 3.999504 0.621795 0.621795 0.621795
7370 3.999504 3.999504 3.999504 0.621795 0.621795 0.621795
7380 3.999504 3.999504 3.999504 0.621795 0.621795 0.621795
7390 3.999504 3.999504 3.999504 0.621795 0.621795 0.621795
7400 3.999504 3.999504 3.999504 0.621795 0.621795 0.621795
7410 3.999504 3.999504 3.999504 0.621795 0.621795 0.621795
7420 3.999504 3.999504 3.999504 0.621795 0.621795 0.621795
7430 3.999504 3.999504 3.999504 0.621795 0.621795 0.621795
7440 3.999504 3.999504 3.999504 0.621795 0.621795 0.621795
7450 3.999504 3.999504 3.999504 0.621795 0.621795 0.621795
7460 3.999504 3.999504 3.999504 0.621795 0.621795 0.621795
7470 3.999504 3.999504 3.999504 0.621795 0.621795 0.621795
7480 3.999504 3.999504 3.999504 0.621795 0.621795 0.621795
7490 3.999504 3.999504 3.999504 0.621795 0.621795 0.621795
7500 3.999504 3.999504 3.999504 0.621795 0.621795 0.621795
7510 3.999504 3.999504 3.999504 0.621795 0.621795 0.621795
7520 3.999504 3.999504 3.999504 0.621795 0.621795 0.621795
7530 3.999504 3.999504 3.999504 0.621795 0.621795 0.621795
7540 3.999504 3.999504 3.999504 0.621795 0.621795 0.621795
7550 3.999504 3.999504 3.999504 0.621795 0.621795 0.621795
7560 3.999504 3.999504 3.999504 0.621795 0.621795 0.621795
7570 3.999504 3.999504 3.999504 0.621795 0.621795 0.621795
7580 3.999504 3.999504 3.999504 0.621795 0.621795 0.621795
7590 3.999504 3.999504 3.999504 0.621795 0.621795 0.621795
7600 3.999504 3.999504 3.999504 0.621795 0.621795 0.621795
7610 3.999504 3.999504 3.999504 0.621795 0.621795 0.621795
7620 3.999504 3.999504 3.999504 0.621795 0.621795 0.621795
7630 3.999504 3.999504 3.999504 0.621795 0.621795 0.621795
7640 3.999504 3.999504 3.999504 0.621795 0.621795 0.621795
7650 3.999504 3.999504 3.999504 0.621795 0.621795 0.621795
7660 3.999504 3.999504 3.999504 0.621795 0.621795 0.621795
7670 3.999504 3.999504 3.999504 0.621795 0.621795 0.621795
7680 3.999504 3.999504 3.999504 0.621795 0.621795 0.621795
7690 3.999504 3.999504 3.999504 0.621795 0.621795 0.621795
7700 3.999504 3.999504 3.999504 0.621795 0.621795 0.621795
7710 3.999504 3.999504 3.999504 0.621795 0.621795 0.621795
7720 3.999504 3.999504 3.999504 0.621795 0.621795 0.621795
7730 3.999504 3.999504 3.999504 0.621795 0.621795 0.621795
7740 3.999504 3.999504 3.999504 0.621795 0.621795 0.621795
7750 3.999504 3.999504 3.999504 0.621795 0.621795 0.621795
7760 3.999504 3.999504 3.999504 0.621795 0.621795 0.621795
7770 3.999504 3.999504 3.999504 0.621795 0.621795 0.621795
7780 3.999504 3.999504 3.999504 0.621795 0.621795 0.621795
7790 3.999504 3.999504 3.999504 0.621795 0.621795 0.621795
7800 3.999504 3.999504 3.999504 0.621795 0.621795 0.621795
7810 3.999504 3.999504 3.999504 0.621795 0.621795 0.621795
7820 3.999504 3.999504 3.999504 0.621795 0.621795 0.621795
7830 3.999504 3.999504 3.999504 0.621795 0.621795 0.621795
7840 3.999504 3.999504 3.999504 0.621795 0.621795 0.621795
7850 3.999504 3.999504 3.999504 0.621795 0.621795 0.621795
7860 3.999504 3.999504 3.999504 0.621795 0.621795 0.621795
7870 3.999504 3.999504 3.999504 0.621795 0.621795 0.621795
7880 3.999504 3.999504 3.999504 0.621795 0.621795 0.621795
7890 3.999504 3.999504 3.999504 0.621795 0.621795 0.621795
7900 3.999504 3.999504 3.999504 0.621795 0.621795 0.621795
7910 3.999504 3.999504 3.999504 0.621795 0.621795 0.621795
7920 3.999504 3.999504 3.999504 0.621795 0.621795 0.621795
7930 3.999504 3.999504 3.999504 0.621795 0.621795 0.621795
7940 3.999504 3.999504 3.999504 0.621795 0.621795 0.621795
7950 3.999504 3.999504 3.999504 0.621795 0.621795 0.621795
7960 3.999504 3.999504 3.999504 0.621795 0.621795 0.621795
7970 3.999504 3.999504 3.999504 0.621795 0.621795 0.621795
7980 3.999504 3.999504 3.999504 0.621795 0.621795 0.621795
7990 3.999504 3.999504 3.999504 0.621795 0.621795 0.621795
8000 3.999504 3.999504 3.999504 0.621795 0.621795 0.621795
8010 3.999504 3.999504 3.999504 0.621795 0.621795 0.621795
8020 3.999504 3.999504 3.999504 0.621795 0.621795 0.621795
8030 3.999504 3.999504 3.999504 0.621795 0.621795 0.621795
8040 3.999504 3.999504 3.999504 0.621795 0.621795 0.621795
8050 3.999504 3.999504 3.999504 0.621795 0.621795 0.621795
8060 3.999504 3.999504 3.999504 0.621795 0.621795 0.621795
8070 3.999504 3.999504 3.999504 0.621795 0.621795 0.621795
8080 3.999504 3.999504 3.999504 0.621795 0.621795 0.621795
8090 3.999504 3.999504 3.999504 0.621795 0.621795 0.621795
8100 3.999504 3.999504 3.999504 0.621795 0.621795 0.621795
8110 3.999504 3.999504 3.999504 0.621795 0.621795 0.621795
8120 3.999504 3.999504 3.999504 0.621795 0.621795 0.621795
8130 3.999504 3.999504 3.999504 0.621795 0.621795 0.621795
8140 3.999504 3.999504 3.999504 0.621795 0.621795 0.621795
8150 3.999504 3.999504 3.999504 0.621795 0.621795 0.621795
8160 3.999504 3.999504 3.999504 0.621795 0.621795 0.621795
8170 3.999504 3.999504 3.999504 0.621795 0.621795 0.621795
8180 3.999504 3.999504 3.999504 0.621795 0.621795 0.621795
8190 3.999504 3.999504 3.999504 0.621795 0.621795 0.621795
8200 3.999504 3.999504 3.999504 0.621795 0.621795 0.621795
8210 3.999504 3.999504 3.999504 0.621795 0.621795 0.621795
8220 3.999504 3.999504 3.999504 0.621795 0.621795 0.621795
8230 3.999504 3.999504 3.999504 0.621795 0.621795 0.621795
8240 3.999504 3.999504 3.999504 0.621795 0.621795 0.621795
8250 3.999504 3.999504 3.999504 0.621795 0.621795 0.621795
8260 3.999504 3.999504 3.999504 0.621795 0.621795 0.621795
8270 3.999504 3.999504 3.999504 0.621795 0.621795 0.621795
8280 3.999504 3.999504 3.999504 0.621795 0.621795 0.621795
8290 3.999504 3.999504 3.999504 0.621795 0.621795 0.621795
8300 3.999504 3.999504 3.999504 0.621795 0.621795 0.621795
8310 3.999504 3.999504 3.999504 0.621795 0.621795 0.621795
8320 3.999504 3.999504 3.999504 0.621795 0.621795 0.621795
8330 3.999504 3.999504 3.999504 0.621795 0.621795 0.621795
8340 3.999504 3.999504 3.999504 0.621795 0.621795 0.621795
8350 3.999504 3.999504 3.999504 0.621795 0.621795 0.621795
8360 3.999504 3.999504 3.999504 0.621795 0.621795 0.621795
8370 3.999504 3.999504 3.999504 0.621795 0.621795 0.621795
8380 3.999504 3.999504 3.999504 0.621795 0.621795 0.621795
8390 3.999504 3.999504 3.999504 0.621795 0.621795 0.621795
8400 3.999504 3.999504 3.999504 0.621795 0.621795 0.621795
8410 3.999504 3.999504 3.999504 0.621795 0.621795 0.621795
8420 3.999504 3.999504 3.999504 0.621795 0.621795 0.621795
8430 3.999504 3.999504 3.999504 0.621795 0.621795 0.621795
8440 3.999504 3.999504 3.999504 0.621795 0.621795 0.621795
8450 3.999504 3.999504 3.999504 0.621795 0.621795 0.621795
8460 3.999504 3.999504 3.999504 0.621795 0.621795 0.621795
8470 3.999504 3.999504 3.999504 0.621795 0.621795 0.621795
8480 3.999504 3.999504 3.999504 0.621795 0.621795 0.621795
8490 3.999504 3.999504 3.999504 0.621795 0.621795 0.621795
8500 3.999504 3.999504 3.999504 0.621795 0.621795 0.621795
8510 3.999504 3.999504 3.999504 0.621795 0.621795 0.621795
8520 3.999504 3.999504 3.999504 0.621795 0.621795 0.621795
8530 3.999504 3.999504 3.999504 0.621795 0.621795 0.621795
8540 3.999504 3.999504 3.999504 0.621795 0.621795 0.621795
8550 3.999504 3.999504 3.999504 0.621795 0.621795 0.621795
8560 3.999504 3.999504 3.999504 0.621795 0.621795 0.621795
8570 3.999504 3.999504 3.999504 0.621795 0.621795 0.621795
8580 3.999504 3.999504 3.999504 0.621795 0.621795 0.621795
8590 3.999504 3.999504 3.999504 0.621795 0.621795 0.621795
8600 3.999504 3.999504 3.999504 0.621795 0.621795 0.621795
8610 3.999504 3.999504 3.999504 0.621795 0.621795 0.621795
8620 3.999504 3.999504 3.999504 0.621795 0.621795 0.621795
8630 3.999504 3.999504 3.999504 0.621795 0.621795 0.621795
8640 3.999504 3.999504 3.999504 0.621795 0.621795 0.621795
8650 3.999504 3.999504 3.999504 0.621795 0.621795 0.621795
8660 3.999504 3.999504 3.999504 0.621795 0.621795 0.621795
8670 3.999504 3.999504 3.999504 0.621795 0.621795 0.621795
8680 3.999504 3.999504 3.999504 0.621795 0.621795 0.621795
8690 3.999504 3.999504 3.999504 0.621795 0.621795 0.621795
8700 3.999504 3.999504 3.999504 0.621795 0.621795 0.621795
8710 3.999504 3.999504 3.999504 0.621795 0.621795 0.621795
8720 3.999504 3.999504 3.999504 0.621795 0.621795 0.621795
8730 3.999504 3.999504 3.999504 0.621795 0.621795 0.621795
8740 3.999504 3.999504 3.999504 0.621795 0.621795 0.621795
8750 3.999504 3.999504 3.999504 0.621795 0.621795 0.621795
8760 3.999504 3.999504 3.999504 0.621795 0.621795 0.621795
8770 3.999504 3.999504 3.999504 0.621795 0.621795 0.621795
8780 3.999504 3.999504 3.999504 0.621795 0.621795 0.621795
8790 3.999504 3.999504 3.999504 0.621795 0.621795 0.621795
8800 3.999504 3.999504 3.999504 0.621795 0.621795 0.621795
8810 3.999504 3.999504 3.999504 0.621795 0.621795 0.621795
8820 3.999504 3.999504 3.999504 0.621795 0.621795 0.621795
8830 3.999504 3.999504 3.999504 0.621795 0.621795 0.621795
8840 3.999504 3.999504 3.999504 0.621795 0.621795 0.621795
8850 3.999504 3.999504 3.999504 0.621795 0.621795 0.621795
8860 3.999504 3.999504 3.999504 0.621795 0.621795 0.621795
8870 3.999504 3.999504 3.999504 0.621795 0.621795 0.621795
8880 3.999504 3.999504 3.999504 0.621795 0.621795 0.621795
8890 3.999504 3.999504 3.999504 0.621795 0.621795 0.621795
8900 3.999504 3.999504 3.999504 0.621795 0.621795 0.621795
8910 3.999504 3.999504 3.999504 0.621795 0.621795 0.621795
8920 3.999504 3.999504 3.999504 0.621795 0.621795 0.621795
8930 3.999504 3.999504 3.999504 0.621795 0.621795 0.621795
8940 3.999504 3.999504 3.999504 0.621795 0.621795 0.621795
8950 3.999504 3.999504 3.999504 0.621795 0.621795 0.621795
8960 3.999504 3.999504 3.999504 0.621795 0.621795 0.621795
8970 3.999504 3.999504 3.999504 0.621795 0.621795 0.621795
8980 3.999504 3.999504 3.999504 0.621795 0.621795 0.621795
8990 3.999504 3.999504 3.999504 0.621795 0.621795 0.621795
9000 3.999504 3.999504 3.999504 0.621795 0.621795 0.621795
9010 3.999504 3.999504 3.999504 0.621795 0.621795 0.621795
9020 3.999504 3.999504 3.999504 0.621795 0.621795 0.621795
9030 3.999504 3.999504 3.999504 0.621795 0.621795 0.621795
9040 3.999504 3.999504 3.999504 0.621795 0.621795 0.621795
9050 3.999504 3.999504 3.999504 0.621795 0.621795 0.621795
9060 3.999504 3.999504 3.999504 0.621795 0.621795 0.621795
9070 3.999504 3.999504 3.999504 0.621795 0.621795 0.621795
9080 3.999504 3.999504 3.999504 0.621795 0.621795 0.621795
9090 3.999504 3.999504 3.999504 0.621795 0.621795 0.621795
9100 3.999504 3.999504 3.999504 0.621795 0.621795 0.621795
9110 3.999504 3.999504 3.999504 0.621795 0.621795 0.621795
9120 3.999504 3.999504 3.999504 0.621795 0.621795 0.621795
9130 3.999504 3.999504 3.999504 0.621795 0.621795 0.621795
9140 3.999504 3.999504 3.999504 0.621795 0.621795 0.621795
9150 3.999504 3.999504 3.999504 0.621795 0.621795 0.621795
9160 3.999504 3.999504 3.999504 0.621795 0.621795 0.621795
9170 3.999504 3.999504 3.999504 0.621795 0.621795 0.621795
9180 3.999504 3.999504 3.999504 0.621795 0.621795 0.621795
9190 3.999504 3.999504 3.999504 0.621795 0.621795 0.621795
9200 3.999504 3.999504 3.999504 0.621795 0.621795 0.621795
9210 3.999504 3.999504 3.999504 0.621795 0.621795 0.621795
9220 3.999504 3.999504 3.999504 0.621795 0.621795 0.621795
9230 3.999504 3.999504 3.999504 0.621795 0.621795 0.621795
9240 3.999504 3.999504 3.999504 0.621795 0.621795 0.621795
9250 3.999504 3.999504 3.999504 0.621795 0.621795 0.621795
9260 3.999504 3.999504 3.999504 0.621795 0.621795 0.621795
9270 3.999504 3.999504 3.999504 0.621795 0.621795 0.621795
9280 3.999504 3.999504 3.999504 0.621795 0.621795 0.621795
9290 3.999504 3.999504 3.999504 0.621795 0.621795 0.621795
9300 3.999504 3.999504 3.999504 0.621795 0.621795 0.621795
9310 3.999504 3.999504 3.999504 0.621795 0.621795 0.621795
9320 3.999504 3.999504 3.999504 0.621795 0.621795 0.621795
9330 3.999504 3.999504 3.999504 0.621795 0.621795 0.621795
9340 3.999504 3.999504 3.999504 0.621795 0.621795 0.621795
9350 3.999504 3.999504 3.999504 0.621795 0.621795 0.621795
9360 3.999504 3.999504 3.999504 0.621795 0.621795 0.621795
9370 3.999504 3.999504 3.999504 0.621795 0.621795 0.621795
9380 3.999504 3.999504 3.999504 0.621795 0.621795 0.621795
9390 3.999504 3.999504 3.999504 0.621795 0.621795 0.621795
9400 3.999504 3.999504 3.999504 0.621795 0.621795 0.621795
9410 3.999504 3.999504 3.999504 0.621795 0.621795 0.621795
9420 3.999504 3.999504 3.999504 0.621795 0.621795 0.621795
9430 3.999504 3.999504 3.999504 0.621795 0.621795 0.621795
9440 3.999504 3.999504 3.999504 0.621795 0.621795 0.621795
9450 3.999504 3.999504 3.999504 0.621795 0.621795 0.621795
9460 3.999504 3.999504 3.999504 0.621795 0.621795 0.621795
9470 3.999504 3.999504 3.999504 0.621795 0.621795 0.621795
9480 3.999504 3.999504 3.999504 0.621795 0.621795 0.621795
9490 3.999504 3.999504 3.999504 0.621795 0.621795 0.621795
9500 3.999504 3.999504 3.999504 0.621795 0.621795 0.621795
9510 3.999504 3.999504 3.999504 0.621795 0.621795 0.621795
9520 3.999504 3.999504 3.999504 0.621795 0.621795 0.621795
9530 3.999504 3.999504 3.999504 0.621795 0.621795 0.621795
9540 3.999504 3.999504 3.999504 0.621795 0.621795 0.621795
9550 3.999504 3.999504 3.999504 0.621795 0.621795 0.621795
9560 3.999504 3.999504 3.999504 0.621795 0.621795 0.621795
9570 3.999504 3.999504 3.999504 0.621795 0.621795 0.621795
9580 3.999504 3.999504 3.999504 0.621795 0.621795 0.621795
9590 3.999504 3.999504 3.999504 0.621795 0.621795 0.621795
9600 3.999504 3.999504 3.999504 0.621795 0.621795 0.621795
9610 3.999504 3.999504 3.999504 0.621795 0.621795 0.621795
9620 3.999504 3.999504 3.999504 0.621795 0.621795 0.621795
9630 3.999504 3.999504 3.999504 0.621795 0.621795 0.621795
9640 3.999504 3.999504 3.999504 0.621795 0.621795 0.621795
9650 3.999504 3.999504 3.999504 0.621795 0.621795 0.621795
9660 3.999504 3.999504 3.999504 0.621795 0.621795 0.621795
9670 3.999504 3.999504 3.999504 0.621795 0.621795 0.621795
9680 3.999504 3.999504 3.999504 0.621795 0.621795 0.621795
9690 3.999504 3.999504 3.999504 0.621795 0.621795 0.621795
9700 3.999504 3.999504 3.999504 0.621795 0.621795 0.621795
9710 3.999504 3.999504 3.999504 0.621795 0.621795 0.621795
9720 3.999504 3.999504 3.999504 0.621795 0.621795 0.621795
9730 3.999504 3.999504 3.999504 0.621795 0.621795 0.621795
9740 3.999504 3.999504 3.999504 0.621795 0.621795 0.621795
9750 3.999504 3.999504 3.999504 0.621795 0.621795 0.621795
9760 3.999504 3.999504 3.999504 0.621795 0.621795 0.621795
9770 3.999504 3.999504 3.999504 0.621795 0.621795 0.621795
9780 3.999504 3.999504 3.999504 0.621795 0.621795 0.621795
9790 3.999504 3.999504 3.999504 0.621795 0.621795 0.621795
9800 3.999504 3.999504 3.999504 0.621795 0.621795 0.621795
9810 3.999504 3.999504 3.999504 0.621795 0.621795 0.621795
9820 3.999504 3.999504 3.999504 0.621795 0.621795 0.621795
9830 3.999504 3.999504 3.999504 0.621795 0.621795 0.621795
9840 3.999504 3.999504 3.999504 0.621795 0.621795 0.621795
9850 3.999504 3.999504 3.999504 0.621795 0.621795 0.621795
9860 3.999504 3.999504 3.999504 0.621795 0.621795 0.621795
9870 3.999504 3.999504 3.999504 0.621795 0.621795 0.621795
9880 3.999504 3.999504 3.999504 0.621795 0.621795 0.621795
9890 3.999504 3.999504 3.999504 0.621795 0.621795 0.621795
9900 3.999504 3.999504 3.999504 0.621795 0.621795 0.621795
9910 3.999504 3.999504 3.999504 0.621795 0.621795 0.621795
9920 3.999504 3.999504 3.999504 0.621795 0.621795 0.621795
9930 3.999504 3.999504 3.999504 0.621795 0.621795 0.621795
9940 3.999504 3.999504 3.999504 0.621795 0.621795 0.621795
9950 3.999504 3.999504 3.999504 0.621795 0.621795 0.621795
9960 3.999504 3.999504 3.999504 0.621795 0.621795 0.621795
9970 3.999504 3.999504 3.999504 0.621795 0.621795 0.621795
9980 3.999504 3.999504 3.999504 0.621795 0.621795 0.621795
9990 3.999504 3.999504 3.999504 0.621795 0.621795 0.621795
10000 4.036899 4.036899 4.036899 0.631395 0.631395 0.631395
