# generation power_min power_avg power_max util_min util_avg util_max
1 10.005212 11.853597 13.447249 0.094218 0.118189 0.150468
10 10.005212 11.669192 12.754499 0.094218 0.116508 0.143090
20 10.005212 11.507263 12.462632 0.094218 0.115462 0.143090
30 10.005212 11.333987 12.234642 0.094218 0.114051 0.132463
40 9.605699 11.151344 12.062011 0.094218 0.113192 0.132463
50 9.561036 10.983735 11.878371 0.093660 0.112016 0.132463
60 9.561036 10.833635 11.688008 0.091609 0.110644 0.127139
70 9.519164 10.682913 11.539594 0.091609 0.108996 0.127139
80 9.519164 10.524795 11.381022 0.079259 0.107433 0.127139
90 9.472184 10.402344 11.173914 0.079259 0.106481 0.125904
100 9.095676 10.247284 11.058242 0.079259 0.104839 0.125904
110 9.095676 10.114179 10.862151 0.079259 0.103216 0.125114
120 9.095676 9.995823 10.709162 0.078869 0.101803 0.124298
130 8.712222 9.858560 10.557136 0.078869 0.100134 0.124298
140 8.712222 9.735099 10.413934 0.078869 0.098570 0.116517
150 8.712222 9.612760 10.257155 0.078869 0.096585 0.113341
160 8.665816 9.506776 10.121517 0.078869 0.095234 0.110403
170 8.492762 9.389969 10.005212 0.078869 0.093740 0.107182
180 8.492762 9.277925 9.891284 0.076236 0.092437 0.107182
190 8.386725 9.183020 9.747018 0.076236 0.090940 0.107182
200 8.386725 9.081450 9.640374 0.076236 0.089343 0.107182
210 8.159911 8.992023 9.556665 0.076236 0.088227 0.104584
220 8.136169 8.895239 9.432145 0.071439 0.086941 0.104584
230 8.136169 8.806324 9.269662 0.069755 0.085602 0.104584
240 7.979719 8.715960 9.148726 0.069755 0.084692 0.101152
250 7.979719 8.646491 9.091433 0.069755 0.083780 0.101152
260 7.934008 8.561143 9.043274 0.069755 0.082910 0.097601
270 7.666981 8.471065 8.928922 0.069755 0.082312 0.097601
280 7.666981 8.394049 8.797071 0.069755 0.081556 0.097601
290 7.504439 8.300542 8.728583 0.069755 0.081061 0.096903
300 7.458283 8.217145 8.665816 0.069755 0.080683 0.096903
310 7.365974 8.116093 8.610002 0.065072 0.079902 0.090516
320 7.365974 8.034098 8.529748 0.065072 0.079447 0.090516
330 7.365974 7.951602 8.443223 0.064809 0.078989 0.090516
340 7.299770 7.868411 8.321126 0.063715 0.078453 0.090516
350 7.167951 7.775201 8.224856 0.063443 0.077689 0.089119
360 7.099414 7.689419 8.156235 0.063443 0.076860 0.089119
370 6.941879 7.599245 8.062373 0.063443 0.075759 0.087110
380 6.941879 7.508313 7.979719 0.063331 0.074669 0.087110
390 6.806353 7.425041 7.881932 0.063331 0.073426 0.087110
400 6.806353 7.358456 7.799357 0.063331 0.072529 0.087110
410 6.796563 7.285777 7.690459 0.061375 0.071389 0.087110
420 6.796563 7.215101 7.605670 0.060215 0.069989 0.087110
430 6.733371 7.147296 7.532849 0.060215 0.069025 0.087110
440 6.687900 7.087358 7.425960 0.058974 0.067895 0.081669
450 6.484856 7.029636 7.364514 0.058974 0.066998 0.081669
460 6.484856 6.980648 7.296428 0.058974 0.066274 0.077259
470 6.484856 6.927844 7.217148 0.056332 0.065324 0.075544
480 6.325324 6.874911 7.163645 0.056332 0.064946 0.075544
490 6.325324 6.830078 7.068392 0.056332 0.064614 0.075544
500 6.325324 6.795195 6.990465 0.056332 0.064215 0.071381
510 6.325324 6.759760 6.960817 0.056332 0.063982 0.071381
520 6.325324 6.726984 6.941879 0.056332 0.063599 0.071381
530 6.325324 6.685362 6.893380 0.056332 0.063331 0.071381
540 6.246217 6.648918 6.850480 0.056332 0.063222 0.071381
550 6.246217 6.607470 6.796563 0.056332 0.062828 0.067986
560 6.246217 6.573519 6.790964 0.056332 0.062655 0.067986
570 6.246217 6.535588 6.750998 0.058300 0.062624 0.067986
580 6.246217 6.500207 6.718752 0.058300 0.062241 0.067986
590 6.219039 6.463025 6.687900 0.058300 0.061814 0.067986
600 6.064562 6.420639 6.630172 0.055779 0.061459 0.067986
610 6.037983 6.384507 6.557917 0.055779 0.060865 0.067590
620 6.037983 6.349851 6.515665 0.055779 0.060332 0.067590
630 6.037983 6.322198 6.499314 0.055779 0.059961 0.067590
640 6.037983 6.287240 6.484856 0.055779 0.059509 0.067590
650 6.037983 6.258874 6.451631 0.055779 0.059324 0.067590
660 6.037983 6.231650 6.422505 0.055779 0.059036 0.062979
670 5.961174 6.204404 6.368256 0.055779 0.058759 0.062979
680 5.950178 6.177672 6.325324 0.055779 0.058292 0.062979
690 5.950178 6.150898 6.246952 0.055779 0.057864 0.060458
700 5.950178 6.130041 6.246217 0.055779 0.057778 0.060458
710 5.873369 6.107820 6.246217 0.054337 0.057700 0.060458
720 5.873369 6.080713 6.246217 0.054337 0.057546 0.060458
730 5.873369 6.059656 6.169408 0.054337 0.057412 0.058884
740 5.873369 6.040258 6.169408 0.054337 0.057448 0.058884
750 5.873369 6.023975 6.137248 0.054337 0.057530 0.058884
760 5.873369 6.008313 6.137248 0.054337 0.057392 0.058884
770 5.873369 5.991634 6.064562 0.054337 0.057168 0.058884
780 5.873369 5.980884 6.037983 0.054337 0.056911 0.058300
790 5.873369 5.972874 6.037983 0.054337 0.056716 0.058300
800 5.873369 5.962235 6.037983 0.054337 0.056457 0.058300
810 5.843892 5.951295 6.037983 0.053726 0.056194 0.058300
820 5.843892 5.938992 5.961174 0.053726 0.055902 0.056390
830 5.843892 5.930979 5.961174 0.053726 0.055715 0.056390
840 5.843892 5.924503 5.961174 0.053726 0.055567 0.056390
850 5.767083 5.916196 5.961174 0.051815 0.055375 0.056390
860 5.767083 5.907046 5.961174 0.051815 0.055160 0.056390
870 5.767083 5.898109 5.958277 0.051815 0.054951 0.056363
880 5.767083 5.890105 5.950178 0.051815 0.054755 0.056247
890 5.767083 5.881361 5.950178 0.051815 0.054539 0.056247
900 5.767083 5.873680 5.950178 0.051815 0.054348 0.056247
910 5.767083 5.870394 5.873369 0.051815 0.054266 0.054337
920 5.767083 5.869146 5.873369 0.051815 0.054236 0.054337
930 5.767083 5.867899 5.873369 0.051815 0.054206 0.054337
940 5.767083 5.866651 5.873369 0.051815 0.054177 0.054337
950 5.767083 5.862399 5.873369 0.051815 0.054076 0.054337
960 5.767083 5.860089 5.873369 0.051815 0.054021 0.054337
970 5.767083 5.858841 5.873369 0.051815 0.053991 0.054337
980 5.767083 5.855468 5.873369 0.051815 0.053910 0.054337
990 5.767083 5.852603 5.873369 0.051815 0.053841 0.054337
1000 5.767083 5.844100 5.873369 0.051815 0.053639 0.054337
1010 5.767083 5.834350 5.873369 0.051815 0.053408 0.054337
1020 5.767083 5.823721 5.873369 0.051815 0.053156 0.054337
1030 5.767083 5.813971 5.873369 0.051815 0.052924 0.054337
1040 5.767083 5.804220 5.873369 0.051815 0.052692 0.054337
1050 5.767083 5.793592 5.873369 0.051815 0.052440 0.054337
1060 5.767083 5.782963 5.873369 0.051815 0.052188 0.054337
1070 5.767083 5.773998 5.854888 0.051815 0.051978 0.053869
1080 5.767083 5.767083 5.767083 0.051815 0.051815 0.051815
1090 5.767083 5.767083 5.767083 0.051815 0.051815 0.051815
1100 5.767083 5.767083 5.767083 0.051815 0.051815 0.051815
1110 5.767083 5.767083 5.767083 0.051815 0.051815 0.051815
1120 5.767083 5.767083 5.767083 0.051815 0.051815 0.051815
1130 5.767083 5.767083 5.767083 0.051815 0.051815 0.051815
1140 5.767083 5.767083 5.767083 0.051815 0.051815 0.051815
1150 5.767083 5.767083 5.767083 0.051815 0.051815 0.051815
1160 5.767083 5.767083 5.767083 0.051815 0.051815 0.051815
1170 5.767083 5.767083 5.767083 0.051815 0.051815 0.051815
1180 5.767083 5.767083 5.767083 0.051815 0.051815 0.051815
1190 5.767083 5.767083 5.767083 0.051815 0.051815 0.051815
1200 5.767083 5.767083 5.767083 0.051815 0.051815 0.051815
1210 5.767083 5.767083 5.767083 0.051815 0.051815 0.051815
1220 5.767083 5.767083 5.767083 0.051815 0.051815 0.051815
1230 5.767083 5.767083 5.767083 0.051815 0.051815 0.051815
1240 5.767083 5.767083 5.767083 0.051815 0.051815 0.051815
1250 5.767083 5.767083 5.767083 0.051815 0.051815 0.051815
1260 5.767083 5.767083 5.767083 0.051815 0.051815 0.051815
1270 5.767083 5.767083 5.767083 0.051815 0.051815 0.051815
1280 5.767083 5.767083 5.767083 0.051815 0.051815 0.051815
1290 5.767083 5.767083 5.767083 0.051815 0.051815 0.051815
1300 5.767083 5.767083 5.767083 0.051815 0.051815 0.051815
1310 5.767083 5.767083 5.767083 0.051815 0.051815 0.051815
1320 5.767083 5.767083 5.767083 0.051815 0.051815 0.051815
1330 5.767083 5.767083 5.767083 0.051815 0.051815 0.051815
1340 5.767083 5.767083 5.767083 0.051815 0.051815 0.051815
1350 5.767083 5.767083 5.767083 0.051815 0.051815 0.051815
1360 5.767083 5.767083 5.767083 0.051815 0.051815 0.051815
1370 5.767083 5.767083 5.767083 0.051815 0.051815 0.051815
1380 5.767083 5.767083 5.767083 0.051815 0.051815 0.051815
1390 5.767083 5.767083 5.767083 0.051815 0.051815 0.051815
1400 5.767083 5.767083 5.767083 0.051815 0.051815 0.051815
1410 5.767083 5.767083 5.767083 0.051815 0.051815 0.051815
1420 5.767083 5.767083 5.767083 0.051815 0.051815 0.051815
1430 5.767083 5.767083 5.767083 0.051815 0.051815 0.051815
1440 5.767083 5.767083 5.767083 0.051815 0.051815 0.051815
1450 5.767083 5.767083 5.767083 0.051815 0.051815 0.051815
1460 5.767083 5.767083 5.767083 0.051815 0.051815 0.051815
1470 5.767083 5.767083 5.767083 0.051815 0.051815 0.051815
1480 5.767083 5.767083 5.767083 0.051815 0.051815 0.051815
1490 5.767083 5.767083 5.767083 0.051815 0.051815 0.051815
1500 5.767083 5.767083 5.767083 0.051815 0.051815 0.051815
1510 5.767083 5.767083 5.767083 0.051815 0.051815 0.051815
1520 5.767083 5.767083 5.767083 0.051815 0.051815 0.051815
1530 5.767083 5.767083 5.767083 0.051815 0.051815 0.051815
1540 5.767083 5.767083 5.767083 0.051815 0.051815 0.051815
1550 5.767083 5.767083 5.767083 0.051815 0.051815 0.051815
1560 5.767083 5.767083 5.767083 0.051815 0.051815 0.051815
1570 5.767083 5.767083 5.767083 0.051815 0.051815 0.051815
1580 5.767083 5.767083 5.767083 0.051815 0.051815 0.051815
1590 5.767083 5.767083 5.767083 0.051815 0.051815 0.051815
1600 5.767083 5.767083 5.767083 0.051815 0.051815 0.051815
1610 5.767083 5.767083 5.767083 0.051815 0.051815 0.051815
1620 5.767083 5.767083 5.767083 0.051815 0.051815 0.051815
1630 5.767083 5.767083 5.767083 0.051815 0.051815 0.051815
1640 5.767083 5.767083 5.767083 0.051815 0.051815 0.051815
1650 5.767083 5.767083 5.767083 0.051815 0.051815 0.051815
1660 5.767083 5.767083 5.767083 0.051815 0.051815 0.051815
1670 5.767083 5.767083 5.767083 0.051815 0.051815 0.051815
1680 5.767083 5.767083 5.767083 0.051815 0.051815 0.051815
1690 5.767083 5.767083 5.767083 0.051815 0.051815 0.051815
1700 5.767083 5.767083 5.767083 0.051815 0.051815 0.051815
1710 5.767083 5.767083 5.767083 0.051815 0.051815 0.051815
1720 5.767083 5.767083 5.767083 0.051815 0.051815 0.051815
1730 5.767083 5.767083 5.767083 0.051815 0.051815 0.051815
1740 5.767083 5.767083 5.767083 0.051815 0.051815 0.051815
1750 5.767083 5.767083 5.767083 0.051815 0.051815 0.051815
1760 5.767083 5.767083 5.767083 0.051815 0.051815 0.051815
1770 5.767083 5.767083 5.767083 0.051815 0.051815 0.051815
1780 5.767083 5.767083 5.767083 0.051815 0.051815 0.051815
1790 5.767083 5.767083 5.767083 0.051815 0.051815 0.051815
1800 5.767083 5.767083 5.767083 0.051815 0.051815 0.051815
1810 5.767083 5.767083 5.767083 0.051815 0.051815 0.051815
1820 5.767083 5.767083 5.767083 0.051815 0.051815 0.051815
1830 5.767083 5.767083 5.767083 0.051815 0.051815 0.051815
1840 5.767083 5.767083 5.767083 0.051815 0.051815 0.051815
1850 5.767083 5.767083 5.767083 0.051815 0.051815 0.051815
1860 5.767083 5.767083 5.767083 0.051815 0.051815 0.051815
1870 5.767083 5.767083 5.767083 0.051815 0.051815 0.051815
1880 5.767083 5.767083 5.767083 0.051815 0.051815 0.051815
1890 5.767083 5.767083 5.767083 0.051815 0.051815 0.051815
1900 5.767083 5.767083 5.767083 0.051815 0.051815 0.051815
1910 5.767083 5.767083 5.767083 0.051815 0.051815 0.051815
1920 5.767083 5.767083 5.767083 0.051815 0.051815 0.051815
1930 5.767083 5.767083 5.767083 0.051815 0.051815 0.051815
1940 5.767083 5.767083 5.767083 0.051815 0.051815 0.051815
1950 5.767083 5.767083 5.767083 0.051815 0.051815 0.051815
1960 5.767083 5.767083 5.767083 0.051815 0.051815 0.051815
1970 5.767083 5.767083 5.767083 0.051815 0.051815 0.051815
1980 5.767083 5.767083 5.767083 0.051815 0.051815 0.051815
1990 5.767083 5.767083 5.767083 0.051815 0.051815 0.051815
2000 5.767083 5.767083 5.767083 0.051815 0.051815 0.051815
2010 5.767083 5.767083 5.767083 0.051815 0.051815 0.051815
2020 5.767083 5.767083 5.767083 0.051815 0.051815 0.051815
2030 5.767083 5.767083 5.767083 0.051815 0.051815 0.051815
2040 5.767083 5.767083 5.767083 0.051815 0.051815 0.051815
2050 5.767083 5.767083 5.767083 0.051815 0.051815 0.051815
2060 5.767083 5.767083 5.767083 0.051815 0.051815 0.051815
2070 5.767083 5.767083 5.767083 0.051815 0.051815 0.051815
2080 5.767083 5.767083 5.767083 0.051815 0.051815 0.051815
2090 5.767083 5.767083 5.767083 0.051815 0.051815 0.051815
2100 5.767083 5.767083 5.767083 0.051815 0.051815 0.051815
2110 5.767083 5.767083 5.767083 0.051815 0.051815 0.051815
2120 5.767083 5.767083 5.767083 0.051815 0.051815 0.051815
2130 5.767083 5.767083 5.767083 0.051815 0.051815 0.051815
2140 5.767083 5.767083 5.767083 0.051815 0.051815 0.051815
2150 5.767083 5.767083 5.767083 0.051815 0.051815 0.051815
2160 5.767083 5.767083 5.767083 0.051815 0.051815 0.051815
2170 5.767083 5.767083 5.767083 0.051815 0.051815 0.051815
2180 5.767083 5.767083 5.767083 0.051815 0.051815 0.051815
2190 5.767083 5.767083 5.767083 0.051815 0.051815 0.051815
2200 5.767083 5.767083 5.767083 0.051815 0.051815 0.051815
2210 5.767083 5.767083 5.767083 0.051815 0.051815 0.051815
2220 5.767083 5.767083 5.767083 0.051815 0.051815 0.051815
2230 5.767083 5.767083 5.767083 0.051815 0.051815 0.051815
2240 5.767083 5.767083 5.767083 0.051815 0.051815 0.051815
2250 5.767083 5.767083 5.767083 0.051815 0.051815 0.051815
2260 5.767083 5.767083 5.767083 0.051815 0.051815 0.051815
2270 5.767083 5.767083 5.767083 0.051815 0.051815 0.051815
2280 5.767083 5.767083 5.767083 0.051815 0.051815 0.051815
2290 5.767083 5.767083 5.767083 0.051815 0.051815 0.051815
2300 5.767083 5.767083 5.767083 0.051815 0.051815 0.051815
2310 5.767083 5.767083 5.767083 0.051815 0.051815 0.051815
2320 5.767083 5.767083 5.767083 0.051815 0.051815 0.051815
2330 5.767083 5.767083 5.767083 0.051815 0.051815 0.051815
2340 5.767083 5.767083 5.767083 0.051815 0.051815 0.051815
2350 5.767083 5.767083 5.767083 0.051815 0.051815 0.051815
2360 5.767083 5.767083 5.767083 0.051815 0.051815 0.051815
2370 5.767083 5.767083 5.767083 0.051815 0.051815 0.051815
2380 5.767083 5.767083 5.767083 0.051815 0.051815 0.051815
2390 5.767083 5.767083 5.767083 0.051815 0.051815 0.051815
2400 5.767083 5.767083 5.767083 0.051815 0.051815 0.051815
2410 5.767083 5.767083 5.767083 0.051815 0.051815 0.051815
2420 5.767083 5.767083 5.767083 0.051815 0.051815 0.051815
2430 5.767083 5.767083 5.767083 0.051815 0.051815 0.051815
2440 5.767083 5.767083 5.767083 0.051815 0.051815 0.051815
2450 5.767083 5.767083 5.767083 0.051815 0.051815 0.051815
2460 5.767083 5.767083 5.767083 0.051815 0.051815 0.051815
2470 5.767083 5.767083 5.767083 0.051815 0.051815 0.051815
2480 5.767083 5.767083 5.767083 0.051815 0.051815 0.051815
2490 5.767083 5.767083 5.767083 0.051815 0.051815 0.051815
2500 5.767083 5.767083 5.767083 0.051815 0.051815 0.051815
2510 5.767083 5.767083 5.767083 0.051815 0.051815 0.051815
2520 5.767083 5.767083 5.767083 0.051815 0.051815 0.051815
2530 5.767083 5.767083 5.767083 0.051815 0.051815 0.051815
2540 5.767083 5.767083 5.767083 0.051815 0.051815 0.051815
2550 5.767083 5.767083 5.767083 0.051815 0.051815 0.051815
2560 5.767083 5.767083 5.767083 0.051815 0.051815 0.051815
2570 5.767083 5.767083 5.767083 0.051815 0.051815 0.051815
2580 5.767083 5.767083 5.767083 0.051815 0.051815 0.051815
2590 5.767083 5.767083 5.767083 0.051815 0.051815 0.051815
2600 5.767083 5.767083 5.767083 0.051815 0.051815 0.051815
2610 5.767083 5.767083 5.767083 0.051815 0.051815 0.051815
2620 5.767083 5.767083 5.767083 0.051815 0.051815 0.051815
2630 5.767083 5.767083 5.767083 0.051815 0.051815 0.051815
2640 5.767083 5.767083 5.767083 0.051815 0.051815 0.051815
2650 5.767083 5.767083 5.767083 0.051815 0.051815 0.051815
2660 5.767083 5.767083 5.767083 0.051815 0.051815 0.051815
2670 5.767083 5.767083 5.767083 0.051815 0.051815 0.051815
2680 5.767083 5.767083 5.767083 0.051815 0.051815 0.051815
2690 5.767083 5.767083 5.767083 0.051815 0.051815 0.051815
2700 5.767083 5.767083 5.767083 0.051815 0.051815 0.051815
2710 5.767083 5.767083 5.767083 0.051815 0.051815 0.051815
2720 5.767083 5.767083 5.767083 0.051815 0.051815 0.051815
2730 5.767083 5.767083 5.767083 0.051815 0.051815 0.051815
2740 5.767083 5.767083 5.767083 0.051815 0.051815 0.051815
2750 5.767083 5.767083 5.767083 0.051815 0.051815 0.051815
2760 5.767083 5.767083 5.767083 0.051815 0.051815 0.051815
2770 5.767083 5.767083 5.767083 0.051815 0.051815 0.051815
2780 5.767083 5.767083 5.767083 0.051815 0.051815 0.051815
2790 5.767083 5.767083 5.767083 0.051815 0.051815 0.051815
2800 5.767083 5.767083 5.767083 0.051815 0.051815 0.051815
2810 5.767083 5.767083 5.767083 0.051815 0.051815 0.051815
2820 5.767083 5.767083 5.767083 0.051815 0.051815 0.051815
2830 5.767083 5.767083 5.767083 0.051815 0.051815 0.051815
2840 5.767083 5.767083 5.767083 0.051815 0.051815 0.051815
2850 5.767083 5.767083 5.767083 0.051815 0.051815 0.051815
2860 5.767083 5.767083 5.767083 0.051815 0.051815 0.051815
2870 5.767083 5.767083 5.767083 0.051815 0.051815 0.051815
2880 5.767083 5.767083 5.767083 0.051815 0.051815 0.051815
2890 5.767083 5.767083 5.767083 0.051815 0.051815 0.051815
2900 5.767083 5.767083 5.767083 0.051815 0.051815 0.051815
2910 5.767083 5.767083 5.767083 0.051815 0.051815 0.051815
2920 5.767083 5.767083 5.767083 0.051815 0.051815 0.051815
2930 5.767083 5.767083 5.767083 0.051815 0.051815 0.051815
2940 5.767083 5.767083 5.767083 0.051815 0.051815 0.051815
2950 5.767083 5.767083 5.767083 0.051815 0.051815 0.051815
2960 5.767083 5.767083 5.767083 0.051815 0.051815 0.051815
2970 5.767083 5.767083 5.767083 0.051815 0.051815 0.051815
2980 5.767083 5.767083 5.767083 0.051815 0.051815 0.051815
2990 5.767083 5.767083 5.767083 0.051815 0.051815 0.051815
3000 5.767083 5.767083 5.767083 0.051815 0.051815 0.051815
3010 5.767083 5.767083 5.767083 0.051815 0.051815 0.051815
3020 5.767083 5.767083 5.767083 0.051815 0.051815 0.051815
3030 5.767083 5.767083 5.767083 0.051815 0.051815 0.051815
3040 5.767083 5.767083 5.767083 0.051815 0.051815 0.051815
3050 5.767083 5.767083 5.767083 0.051815 0.051815 0.051815
3060 5.767083 5.767083 5.767083 0.051815 0.051815 0.051815
3070 5.767083 5.767083 5.767083 0.051815 0.051815 0.051815
3080 5.767083 5.767083 5.767083 0.051815 0.051815 0.051815
3090 5.767083 5.767083 5.767083 0.051815 0.051815 0.051815
3100 5.767083 5.767083 5.767083 0.051815 0.051815 0.051815
3110 5.767083 5.767083 5.767083 0.051815 0.051815 0.051815
3120 5.767083 5.767083 5.767083 0.051815 0.051815 0.051815
3130 5.767083 5.767083 5.767083 0.051815 0.051815 0.051815
3140 5.767083 5.767083 5.767083 0.051815 0.051815 0.051815
3150 5.767083 5.767083 5.767083 0.051815 0.051815 0.051815
3160 5.767083 5.767083 5.767083 0.051815 0.051815 0.051815
3170 5.767083 5.767083 5.767083 0.051815 0.051815 0.051815
3180 5.767083 5.767083 5.767083 0.051815 0.051815 0.051815
3190 5.767083 5.767083 5.767083 0.051815 0.051815 0.051815
3200 5.767083 5.767083 5.767083 0.051815 0.051815 0.051815
3210 5.767083 5.767083 5.767083 0.051815 0.051815 0.051815
3220 5.767083 5.767083 5.767083 0.051815 0.051815 0.051815
3230 5.767083 5.767083 5.767083 0.051815 0.051815 0.051815
3240 5.767083 5.767083 5.767083 0.051815 0.051815 0.051815
3250 5.767083 5.767083 5.767083 0.051815 0.051815 0.051815
3260 5.767083 5.767083 5.767083 0.051815 0.051815 0.051815
3270 5.767083 5.767083 5.767083 0.051815 0.051815 0.051815
3280 5.767083 5.767083 5.767083 0.051815 0.051815 0.051815
3290 5.767083 5.767083 5.767083 0.051815 0.051815 0.051815
3300 5.767083 5.767083 5.767083 0.051815 0.051815 0.051815
3310 5.767083 5.767083 5.767083 0.051815 0.051815 0.051815
3320 5.767083 5.767083 5.767083 0.051815 0.051815 0.051815
3330 5.767083 5.767083 5.767083 0.051815 0.051815 0.051815
3340 5.767083 5.767083 5.767083 0.051815 0.051815 0.051815
3350 5.767083 5.767083 5.767083 0.051815 0.051815 0.051815
3360 5.767083 5.767083 5.767083 0.051815 0.051815 0.051815
3370 5.767083 5.767083 5.767083 0.051815 0.051815 0.051815
3380 5.767083 5.767083 5.767083 0.051815 0.051815 0.051815
3390 5.767083 5.767083 5.767083 0.051815 0.051815 0.051815
3400 5.767083 5.767083 5.767083 0.051815 0.051815 0.051815
3410 5.767083 5.767083 5.767083 0.051815 0.051815 0.051815
3420 5.767083 5.767083 5.767083 0.051815 0.051815 0.051815
3430 5.767083 5.767083 5.767083 0.051815 0.051815 0.051815
3440 5.767083 5.767083 5.767083 0.051815 0.051815 0.051815
3450 5.767083 5.767083 5.767083 0.051815 0.051815 0.051815
3460 5.767083 5.767083 5.767083 0.051815 0.051815 0.051815
3470 5.767083 5.767083 5.767083 0.051815 0.051815 0.051815
3480 5.767083 5.767083 5.767083 0.051815 0.051815 0.051815
3490 5.767083 5.767083 5.767083 0.051815 0.051815 0.051815
3500 5.767083 5.767083 5.767083 0.051815 0.051815 0.051815
3510 5.767083 5.767083 5.767083 0.051815 0.051815 0.051815
3520 5.767083 5.767083 5.767083 0.051815 0.051815 0.051815
3530 5.767083 5.767083 5.767083 0.051815 0.051815 0.051815
3540 5.767083 5.767083 5.767083 0.051815 0.051815 0.051815
3550 5.767083 5.767083 5.767083 0.051815 0.051815 0.051815
3560 5.767083 5.767083 5.767083 0.051815 0.051815 0.051815
3570 5.767083 5.767083 5.767083 0.051815 0.051815 0.051815
3580 5.767083 5.767083 5.767083 0.051815 0.051815 0.051815
3590 5.767083 5.767083 5.767083 0.051815 0.051815 0.051815
3600 5.767083 5.767083 5.767083 0.051815 0.051815 0.051815
3610 5.767083 5.767083 5.767083 0.051815 0.051815 0.051815
3620 5.767083 5.767083 5.767083 0.051815 0.051815 0.051815
3630 5.767083 5.767083 5.767083 0.051815 0.051815 0.051815
3640 5.767083 5.767083 5.767083 0.051815 0.051815 0.051815
3650 5.767083 5.767083 5.767083 0.051815 0.051815 0.051815
3660 5.767083 5.767083 5.767083 0.051815 0.051815 0.051815
3670 5.767083 5.767083 5.767083 0.051815 0.051815 0.051815
3680 5.767083 5.767083 5.767083 0.051815 0.051815 0.051815
3690 5.767083 5.767083 5.767083 0.051815 0.051815 0.051815
3700 5.767083 5.767083 5.767083 0.051815 0.051815 0.051815
3710 5.767083 5.767083 5.767083 0.051815 0.051815 0.051815
3720 5.767083 5.767083 5.767083 0.051815 0.051815 0.051815
3730 5.767083 5.767083 5.767083 0.051815 0.051815 0.051815
3740 5.767083 5.767083 5.767083 0.051815 0.051815 0.051815
3750 5.767083 5.767083 5.767083 0.051815 0.051815 0.051815
3760 5.767083 5.767083 5.767083 0.051815 0.051815 0.051815
3770 5.767083 5.767083 5.767083 0.051815 0.051815 0.051815
3780 5.767083 5.767083 5.767083 0.051815 0.051815 0.051815
3790 5.767083 5.767083 5.767083 0.051815 0.051815 0.051815
3800 5.767083 5.767083 5.767083 0.051815 0.051815 0.051815
3810 5.767083 5.767083 5.767083 0.051815 0.051815 0.051815
3820 5.767083 5.767083 5.767083 0.051815 0.051815 0.051815
3830 5.767083 5.767083 5.767083 0.051815 0.051815 0.051815
3840 5.767083 5.767083 5.767083 0.051815 0.051815 0.051815
3850 5.767083 5.767083 5.767083 0.051815 0.051815 0.051815
3860 5.767083 5.767083 5.767083 0.051815 0.051815 0.051815
3870 5.767083 5.767083 5.767083 0.051815 0.051815 0.051815
3880 5.767083 5.767083 5.767083 0.051815 0.051815 0.051815
3890 5.767083 5.767083 5.767083 0.051815 0.051815 0.051815
3900 5.767083 5.767083 5.767083 0.051815 0.051815 0.051815
3910 5.767083 5.767083 5.767083 0.051815 0.051815 0.051815
3920 5.767083 5.767083 5.767083 0.051815 0.051815 0.051815
3930 5.767083 5.767083 5.767083 0.051815 0.051815 0.051815
3940 5.767083 5.767083 5.767083 0.051815 0.051815 0.051815
3950 5.767083 5.767083 5.767083 0.051815 0.051815 0.051815
3960 5.767083 5.767083 5.767083 0.051815 0.051815 0.051815
3970 5.767083 5.767083 5.767083 0.051815 0.051815 0.051815
3980 5.767083 5.767083 5.767083 0.051815 0.051815 0.051815
3990 5.767083 5.767083 5.767083 0.051815 0.051815 0.051815
4000 5.767083 5.767083 5.767083 0.051815 0.051815 0.051815
4010 5.767083 5.767083 5.767083 0.051815 0.051815 0.051815
4020 5.767083 5.767083 5.767083 0.051815 0.051815 0.051815
4030 5.767083 5.767083 5.767083 0.051815 0.051815 0.051815
4040 5.767083 5.767083 5.767083 0.051815 0.051815 0.051815
4050 5.767083 5.767083 5.767083 0.051815 0.051815 0.051815
4060 5.767083 5.767083 5.767083 0.051815 0.051815 0.051815
4070 5.767083 5.767083 5.767083 0.051815 0.051815 0.051815
4080 5.767083 5.767083 5.767083 0.051815 0.051815 0.051815
4090 5.767083 5.767083 5.767083 0.051815 0.051815 0.051815
4100 5.767083 5.767083 5.767083 0.051815 0.051815 0.051815
4110 5.767083 5.767083 5.767083 0.051815 0.051815 0.051815
4120 5.767083 5.767083 5.767083 0.051815 0.051815 0.051815
4130 5.767083 5.767083 5.767083 0.051815 0.051815 0.051815
4140 5.767083 5.767083 5.767083 0.051815 0.051815 0.051815
4150 5.767083 5.767083 5.767083 0.051815 0.051815 0.051815
4160 5.767083 5.767083 5.767083 0.051815 0.051815 0.051815
4170 5.767083 5.767083 5.767083 0.051815 0.051815 0.051815
4180 5.767083 5.767083 5.767083 0.051815 0.051815 0.051815
4190 5.767083 5.767083 5.767083 0.051815 0.051815 0.051815
4200 5.767083 5.767083 5.767083 0.051815 0.051815 0.051815
4210 5.767083 5.767083 5.767083 0.051815 0.051815 0.051815
4220 5.767083 5.767083 5.767083 0.051815 0.051815 0.051815
4230 5.767083 5.767083 5.767083 0.051815 0.051815 0.051815
4240 5.767083 5.767083 5.767083 0.051815 0.051815 0.051815
4250 5.767083 5.767083 5.767083 0.051815 0.051815 0.051815
4260 5.767083 5.767083 5.767083 0.051815 0.051815 0.051815
4270 5.767083 5.767083 5.767083 0.051815 0.051815 0.051815
4280 5.767083 5.767083 5.767083 0.051815 0.051815 0.051815
4290 5.767083 5.767083 5.767083 0.051815 0.051815 0.051815
4300 5.767083 5.767083 5.767083 0.051815 0.051815 0.051815
4310 5.767083 5.767083 5.767083 0.051815 0.051815 0.051815
4320 5.767083 5.767083 5.767083 0.051815 0.051815 0.051815
4330 5.767083 5.767083 5.767083 0.051815 0.051815 0.051815
4340 5.767083 5.767083 5.767083 0.051815 0.051815 0.051815
4350 5.767083 5.767083 5.767083 0.051815 0.051815 0.051815
4360 5.767083 5.767083 5.767083 0.051815 0.051815 0.051815
4370 5.767083 5.767083 5.767083 0.051815 0.051815 0.051815
4380 5.767083 5.767083 5.767083 0.051815 0.051815 0.051815
4390 5.767083 5.767083 5.767083 0.051815 0.051815 0.051815
4400 5.767083 5.767083 5.767083 0.051815 0.051815 0.051815
4410 5.767083 5.767083 5.767083 0.051815 0.051815 0.051815
4420 5.767083 5.767083 5.767083 0.051815 0.051815 0.051815
4430 5.767083 5.767083 5.767083 0.051815 0.051815 0.051815
4440 5.767083 5.767083 5.767083 0.051815 0.051815 0.051815
4450 5.767083 5.767083 5.767083 0.051815 0.051815 0.051815
4460 5.767083 5.767083 5.767083 0.051815 0.051815 0.051815
4470 5.767083 5.767083 5.767083 0.051815 0.051815 0.051815
4480 5.767083 5.767083 5.767083 0.051815 0.051815 0.051815
4490 5.767083 5.767083 5.767083 0.051815 0.051815 0.051815
4500 5.767083 5.767083 5.767083 0.051815 0.051815 0.051815
4510 5.767083 5.767083 5.767083 0.051815 0.051815 0.051815
4520 5.767083 5.767083 5.767083 0.051815 0.051815 0.051815
4530 5.767083 5.767083 5.767083 0.051815 0.051815 0.051815
4540 5.767083 5.767083 5.767083 0.051815 0.051815 0.051815
4550 5.767083 5.767083 5.767083 0.051815 0.051815 0.051815
4560 5.767083 5.767083 5.767083 0.051815 0.051815 0.051815
4570 5.767083 5.767083 5.767083 0.051815 0.051815 0.051815
4580 5.767083 5.767083 5.767083 0.051815 0.051815 0.051815
4590 5.767083 5.767083 5.767083 0.051815 0.051815 0.051815
4600 5.767083 5.767083 5.767083 0.051815 0.051815 0.051815
4610 5.767083 5.767083 5.767083 0.051815 0.051815 0.051815
4620 5.767083 5.767083 5.767083 0.051815 0.051815 0.051815
4630 5.767083 5.767083 5.767083 0.051815 0.051815 0.051815
4640 5.767083 5.767083 5.767083 0.051815 0.051815 0.051815
4650 5.767083 5.767083 5.767083 0.051815 0.051815 0.051815
4660 5.767083 5.767083 5.767083 0.051815 0.051815 0.051815
4670 5.767083 5.767083 5.767083 0.051815 0.051815 0.051815
4680 5.767083 5.767083 5.767083 0.051815 0.051815 0.051815
4690 5.767083 5.767083 5.767083 0.051815 0.051815 0.051815
4700 5.767083 5.767083 5.767083 0.051815 0.051815 0.051815
4710 5.767083 5.767083 5.767083 0.051815 0.051815 0.051815
4720 5.767083 5.767083 5.767083 0.051815 0.051815 0.051815
4730 5.767083 5.767083 5.767083 0.051815 0.051815 0.051815
4740 5.767083 5.767083 5.767083 0.051815 0.051815 0.051815
4750 5.767083 5.767083 5.767083 0.051815 0.051815 0.051815
4760 5.767083 5.767083 5.767083 0.051815 0.051815 0.051815
4770 5.767083 5.767083 5.767083 0.051815 0.051815 0.051815
4780 5.767083 5.767083 5.767083 0.051815 0.051815 0.051815
4790 5.767083 5.767083 5.767083 0.051815 0.051815 0.051815
4800 5.767083 5.767083 5.767083 0.051815 0.051815 0.051815
4810 5.767083 5.767083 5.767083 0.051815 0.051815 0.051815
4820 5.767083 5.767083 5.767083 0.051815 0.051815 0.051815
4830 5.767083 5.767083 5.767083 0.051815 0.051815 0.051815
4840 5.767083 5.767083 5.767083 0.051815 0.051815 0.051815
4850 5.767083 5.767083 5.767083 0.051815 0.051815 0.051815
4860 5.767083 5.767083 5.767083 0.051815 0.051815 0.051815
4870 5.767083 5.767083 5.767083 0.051815 0.051815 0.051815
4880 5.767083 5.767083 5.767083 0.051815 0.051815 0.051815
4890 5.767083 5.767083 5.767083 0.051815 0.051815 0.051815
4900 5.767083 5.767083 5.767083 0.051815 0.051815 0.051815
4910 5.767083 5.767083 5.767083 0.051815 0.051815 0.051815
4920 5.767083 5.767083 5.767083 0.051815 0.051815 0.051815
4930 5.767083 5.767083 5.767083 0.051815 0.051815 0.051815
4940 5.767083 5.767083 5.767083 0.051815 0.051815 0.051815
4950 5.767083 5.767083 5.767083 0.051815 0.051815 0.051815
4960 5.767083 5.767083 5.767083 0.051815 0.051815 0.051815
4970 5.767083 5.767083 5.767083 0.051815 0.051815 0.051815
4980 5.767083 5.767083 5.767083 0.051815 0.051815 0.051815
4990 5.767083 5.767083 5.767083 0.051815 0.051815 0.051815
5000 5.767083 5.767083 5.767083 0.051815 0.051815 0.051815
5010 5.767083 5.767083 5.767083 0.051815 0.051815 0.051815
5020 5.767083 5.767083 5.767083 0.051815 0.051815 0.051815
5030 5.767083 5.767083 5.767083 0.051815 0.051815 0.051815
5040 5.767083 5.767083 5.767083 0.051815 0.051815 0.051815
5050 5.767083 5.767083 5.767083 0.051815 0.051815 0.051815
5060 5.767083 5.767083 5.767083 0.051815 0.051815 0.051815
5070 5.767083 5.767083 5.767083 0.051815 0.051815 0.051815
5080 5.767083 5.767083 5.767083 0.051815 0.051815 0.051815
5090 5.767083 5.767083 5.767083 0.051815 0.051815 0.051815
5100 5.767083 5.767083 5.767083 0.051815 0.051815 0.051815
5110 5.767083 5.767083 5.767083 0.051815 0.051815 0.051815
5120 5.767083 5.767083 5.767083 0.051815 0.051815 0.051815
5130 5.767083 5.767083 5.767083 0.051815 0.051815 0.051815
5140 5.767083 5.767083 5.767083 0.051815 0.051815 0.051815
5150 5.767083 5.767083 5.767083 0.051815 0.051815 0.051815
5160 5.767083 5.767083 5.767083 0.051815 0.051815 0.051815
5170 5.767083 5.767083 5.767083 0.051815 0.051815 0.051815
5180 5.767083 5.767083 5.767083 0.051815 0.051815 0.051815
5190 5.767083 5.767083 5.767083 0.051815 0.051815 0.051815
5200 5.767083 5.767083 5.767083 0.051815 0.051815 0.051815
5210 5.767083 5.767083 5.767083 0.051815 0.051815 0.051815
5220 5.767083 5.767083 5.767083 0.051815 0.051815 0.051815
5230 5.767083 5.767083 5.767083 0.051815 0.051815 0.051815
5240 5.767083 5.767083 5.767083 0.051815 0.051815 0.051815
5250 5.767083 5.767083 5.767083 0.051815 0.051815 0.051815
5260 5.767083 5.767083 5.767083 0.051815 0.051815 0.051815
5270 5.767083 5.767083 5.767083 0.051815 0.051815 0.051815
5280 5.767083 5.767083 5.767083 0.051815 0.051815 0.051815
5290 5.767083 5.767083 5.767083 0.051815 0.051815 0.051815
5300 5.767083 5.767083 5.767083 0.051815 0.051815 0.051815
5310 5.767083 5.767083 5.767083 0.051815 0.051815 0.051815
5320 5.767083 5.767083 5.767083 0.051815 0.051815 0.051815
5330 5.767083 5.767083 5.767083 0.051815 0.051815 0.051815
5340 5.767083 5.767083 5.767083 0.051815 0.051815 0.051815
5350 5.767083 5.767083 5.767083 0.051815 0.051815 0.051815
5360 5.767083 5.767083 5.767083 0.051815 0.051815 0.051815
5370 5.767083 5.767083 5.767083 0.051815 0.051815 0.051815
5380 5.767083 5.767083 5.767083 0.051815 0.051815 0.051815
5390 5.767083 5.767083 5.767083 0.051815 0.051815 0.051815
5400 5.767083 5.767083 5.767083 0.051815 0.051815 0.051815
5410 5.767083 5.767083 5.767083 0.051815 0.051815 0.051815
5420 5.767083 5.767083 5.767083 0.051815 0.051815 0.051815
5430 5.767083 5.767083 5.767083 0.051815 0.051815 0.051815
5440 5.767083 5.767083 5.767083 0.051815 0.051815 0.051815
5450 5.767083 5.767083 5.767083 0.051815 0.051815 0.051815
5460 5.767083 5.767083 5.767083 0.051815 0.051815 0.051815
5470 5.767083 5.767083 5.767083 0.051815 0.051815 0.051815
5480 5.767083 5.767083 5.767083 0.051815 0.051815 0.051815
5490 5.767083 5.767083 5.767083 0.051815 0.051815 0.051815
5500 5.767083 5.767083 5.767083 0.051815 0.051815 0.051815
5510 5.767083 5.767083 5.767083 0.051815 0.051815 0.051815
5520 5.767083 5.767083 5.767083 0.051815 0.051815 0.051815
5530 5.767083 5.767083 5.767083 0.051815 0.051815 0.051815
5540 5.767083 5.767083 5.767083 0.051815 0.051815 0.051815
5550 5.767083 5.767083 5.767083 0.051815 0.051815 0.051815
5560 5.767083 5.767083 5.767083 0.051815 0.051815 0.051815
5570 5.767083 5.767083 5.767083 0.051815 0.051815 0.051815
5580 5.767083 5.767083 5.767083 0.051815 0.051815 0.051815
5590 5.767083 5.767083 5.767083 0.051815 0.051815 0.051815
5600 5.767083 5.767083 5.767083 0.051815 0.051815 0.051815
5610 5.767083 5.767083 5.767083 0.051815 0.051815 0.051815
5620 5.767083 5.767083 5.767083 0.051815 0.051815 0.051815
5630 5.767083 5.767083 5.767083 0.051815 0.051815 0.051815
5640 5.767083 5.767083 5.767083 0.051815 0.051815 0.051815
5650 5.767083 5.767083 5.767083 0.051815 0.051815 0.051815
5660 5.767083 5.767083 5.767083 0.051815 0.051815 0.051815
5670 5.767083 5.767083 5.767083 0.051815 0.051815 0.051815
5680 5.767083 5.767083 5.767083 0.051815 0.051815 0.051815
5690 5.767083 5.767083 5.767083 0.051815 0.051815 0.051815
5700 5.767083 5.767083 5.767083 0.051815 0.051815 0.051815
5710 5.767083 5.767083 5.767083 0.051815 0.051815 0.051815
5720 5.767083 5.767083 5.767083 0.051815 0.051815 0.051815
5730 5.767083 5.767083 5.767083 0.051815 0.051815 0.051815
5740 5.767083 5.767083 5.767083 0.051815 0.051815 0.051815
5750 5.767083 5.767083 5.767083 0.051815 0.051815 0.051815
5760 5.767083 5.767083 5.767083 0.051815 0.051815 0.051815
5770 5.767083 5.767083 5.767083 0.051815 0.051815 0.051815
5780 5.767083 5.767083 5.767083 0.051815 0.051815 0.051815
5790 5.767083 5.767083 5.767083 0.051815 0.051815 0.051815
5800 5.767083 5.767083 5.767083 0.051815 0.051815 0.051815
5810 5.767083 5.767083 5.767083 0.051815 0.051815 0.051815
5820 5.767083 5.767083 5.767083 0.051815 0.051815 0.051815
5830 5.767083 5.767083 5.767083 0.051815 0.051815 0.051815
5840 5.767083 5.767083 5.767083 0.051815 0.051815 0.051815
5850 5.767083 5.767083 5.767083 0.051815 0.051815 0.051815
5860 5.767083 5.767083 5.767083 0.051815 0.051815 0.051815
5870 5.767083 5.767083 5.767083 0.051815 0.051815 0.051815
5880 5.767083 5.767083 5.767083 0.051815 0.051815 0.051815
5890 5.767083 5.767083 5.767083 0.051815 0.051815 0.051815
5900 5.767083 5.767083 5.767083 0.051815 0.051815 0.051815
5910 5.767083 5.767083 5.767083 0.051815 0.051815 0.051815
5920 5.767083 5.767083 5.767083 0.051815 0.051815 0.051815
5930 5.767083 5.767083 5.767083 0.051815 0.051815 0.051815
5940 5.767083 5.767083 5.767083 0.051815 0.051815 0.051815
5950 5.767083 5.767083 5.767083 0.051815 0.051815 0.051815
5960 5.767083 5.767083 5.767083 0.051815 0.051815 0.051815
5970 5.767083 5.767083 5.767083 0.051815 0.051815 0.051815
5980 5.767083 5.767083 5.767083 0.051815 0.051815 0.051815
5990 5.767083 5.767083 5.767083 0.051815 0.051815 0.051815
6000 5.767083 5.767083 5.767083 0.051815 0.051815 0.051815
6010 5.767083 5.767083 5.767083 0.051815 0.051815 0.051815
6020 5.767083 5.767083 5.767083 0.051815 0.051815 0.051815
6030 5.767083 5.767083 5.767083 0.051815 0.051815 0.051815
6040 5.767083 5.767083 5.767083 0.051815 0.051815 0.051815
6050 5.767083 5.767083 5.767083 0.051815 0.051815 0.051815
6060 5.767083 5.767083 5.767083 0.051815 0.051815 0.051815
6070 5.767083 5.767083 5.767083 0.051815 0.051815 0.051815
6080 5.767083 5.767083 5.767083 0.051815 0.051815 0.051815
6090 5.767083 5.767083 5.767083 0.051815 0.051815 0.051815
6100 5.767083 5.767083 5.767083 0.051815 0.051815 0.051815
6110 5.767083 5.767083 5.767083 0.051815 0.051815 0.051815
6120 5.767083 5.767083 5.767083 0.051815 0.051815 0.051815
6130 5.767083 5.767083 5.767083 0.051815 0.051815 0.051815
6140 5.767083 5.767083 5.767083 0.051815 0.051815 0.051815
6150 5.767083 5.767083 5.767083 0.051815 0.051815 0.051815
6160 5.767083 5.767083 5.767083 0.051815 0.051815 0.051815
6170 5.767083 5.767083 5.767083 0.051815 0.051815 0.051815
6180 5.767083 5.767083 5.767083 0.051815 0.051815 0.051815
6190 5.767083 5.767083 5.767083 0.051815 0.051815 0.051815
6200 5.767083 5.767083 5.767083 0.051815 0.051815 0.051815
6210 5.767083 5.767083 5.767083 0.051815 0.051815 0.051815
6220 5.767083 5.767083 5.767083 0.051815 0.051815 0.051815
6230 5.767083 5.767083 5.767083 0.051815 0.051815 0.051815
6240 5.767083 5.767083 5.767083 0.051815 0.051815 0.051815
6250 5.767083 5.767083 5.767083 0.051815 0.051815 0.051815
6260 5.767083 5.767083 5.767083 0.051815 0.051815 0.051815
6270 5.767083 5.767083 5.767083 0.051815 0.051815 0.051815
6280 5.767083 5.767083 5.767083 0.051815 0.051815 0.051815
6290 5.767083 5.767083 5.767083 0.051815 0.051815 0.051815
6300 5.767083 5.767083 5.767083 0.051815 0.051815 0.051815
6310 5.767083 5.767083 5.767083 0.051815 0.051815 0.051815
6320 5.767083 5.767083 5.767083 0.051815 0.051815 0.051815
6330 5.767083 5.767083 5.767083 0.051815 0.051815 0.051815
6340 5.767083 5.767083 5.767083 0.051815 0.051815 0.051815
6350 5.767083 5.767083 5.767083 0.051815 0.051815 0.051815
6360 5.767083 5.767083 5.767083 0.051815 0.051815 0.051815
6370 5.767083 5.767083 5.767083 0.051815 0.051815 0.051815
6380 5.767083 5.767083 5.767083 0.051815 0.051815 0.051815
6390 5.767083 5.767083 5.767083 0.051815 0.051815 0.051815
6400 5.767083 5.767083 5.767083 0.051815 0.051815 0.051815
6410 5.767083 5.767083 5.767083 0.051815 0.051815 0.051815
6420 5.767083 5.767083 5.767083 0.051815 0.051815 0.051815
6430 5.767083 5.767083 5.767083 0.051815 0.051815 0.051815
6440 5.767083 5.767083 5.767083 0.051815 0.051815 0.051815
6450 5.767083 5.767083 5.767083 0.051815 0.051815 0.051815
6460 5.767083 5.767083 5.767083 0.051815 0.051815 0.051815
6470 5.767083 5.767083 5.767083 0.051815 0.051815 0.051815
6480 5.767083 5.767083 5.767083 0.051815 0.051815 0.051815
6490 5.767083 5.767083 5.767083 0.051815 0.051815 0.051815
6500 5.767083 5.767083 5.767083 0.051815 0.051815 0.051815
6510 5.767083 5.767083 5.767083 0.051815 0.051815 0.051815
6520 5.767083 5.767083 5.767083 0.051815 0.051815 0.051815
6530 5.767083 5.767083 5.767083 0.051815 0.051815 0.051815
6540 5.767083 5.767083 5.767083 0.051815 0.051815 0.051815
6550 5.767083 5.767083 5.767083 0.051815 0.051815 0.051815
6560 5.767083 5.767083 5.767083 0.051815 0.051815 0.051815
6570 5.767083 5.767083 5.767083 0.051815 0.051815 0.051815
6580 5.767083 5.767083 5.767083 0.051815 0.051815 0.051815
6590 5.767083 5.767083 5.767083 0.051815 0.051815 0.051815
6600 5.767083 5.767083 5.767083 0.051815 0.051815 0.051815
6610 5.767083 5.767083 5.767083 0.051815 0.051815 0.051815
6620 5.767083 5.767083 5.767083 0.051815 0.051815 0.051815
6630 5.767083 5.767083 5.767083 0.051815 0.051815 0.051815
6640 5.767083 5.767083 5.767083 0.051815 0.051815 0.051815
6650 5.767083 5.767083 5.767083 0.051815 0.051815 0.051815
6660 5.767083 5.767083 5.767083 0.051815 0.051815 0.051815
6670 5.767083 5.767083 5.767083 0.051815 0.051815 0.051815
6680 5.767083 5.767083 5.767083 0.051815 0.051815 0.051815
6690 5.767083 5.767083 5.767083 0.051815 0.051815 0.051815
6700 5.767083 5.767083 5.767083 0.051815 0.051815 0.051815
6710 5.767083 5.767083 5.767083 0.051815 0.051815 0.051815
6720 5.767083 5.767083 5.767083 0.051815 0.051815 0.051815
6730 5.767083 5.767083 5.767083 0.051815 0.051815 0.051815
6740 5.767083 5.767083 5.767083 0.051815 0.051815 0.051815
6750 5.767083 5.767083 5.767083 0.051815 0.051815 0.051815
6760 5.767083 5.767083 5.767083 0.051815 0.051815 0.051815
6770 5.767083 5.767083 5.767083 0.051815 0.051815 0.051815
6780 5.767083 5.767083 5.767083 0.051815 0.051815 0.051815
6790 5.767083 5.767083 5.767083 0.051815 0.051815 0.051815
6800 5.767083 5.767083 5.767083 0.051815 0.051815 0.051815
6810 5.767083 5.767083 5.767083 0.051815 0.051815 0.051815
6820 5.767083 5.767083 5.767083 0.051815 0.051815 0.051815
6830 5.767083 5.767083 5.767083 0.051815 0.051815 0.051815
6840 5.767083 5.767083 5.767083 0.051815 0.051815 0.051815
6850 5.767083 5.767083 5.767083 0.051815 0.051815 0.051815
6860 5.767083 5.767083 5.767083 0.051815 0.051815 0.051815
6870 5.767083 5.767083 5.767083 0.051815 0.051815 0.051815
6880 5.767083 5.767083 5.767083 0.051815 0.051815 0.051815
6890 5.767083 5.767083 5.767083 0.051815 0.051815 0.051815
6900 5.767083 5.767083 5.767083 0.051815 0.051815 0.051815
6910 5.767083 5.767083 5.767083 0.051815 0.051815 0.051815
6920 5.767083 5.767083 5.767083 0.051815 0.051815 0.051815
6930 5.767083 5.767083 5.767083 0.051815 0.051815 0.051815
6940 5.767083 5.767083 5.767083 0.051815 0.051815 0.051815
6950 5.767083 5.767083 5.767083 0.051815 0.051815 0.051815
6960 5.767083 5.767083 5.767083 0.051815 0.051815 0.051815
6970 5.767083 5.767083 5.767083 0.051815 0.051815 0.051815
6980 5.767083 5.767083 5.767083 0.051815 0.051815 0.051815
6990 5.767083 5.767083 5.767083 0.051815 0.051815 0.051815
7000 5.767083 5.767083 5.767083 0.051815 0.051815 0.051815
7010 5.767083 5.767083 5.767083 0.051815 0.051815 0.051815
7020 5.767083 5.767083 5.767083 0.051815 0.051815 0.051815
7030 5.767083 5.767083 5.767083 0.051815 0.051815 0.051815
7040 5.767083 5.767083 5.767083 0.051815 0.051815 0.051815
7050 5.767083 5.767083 5.767083 0.051815 0.051815 0.051815
7060 5.767083 5.767083 5.767083 0.051815 0.051815 0.051815
7070 5.767083 5.767083 5.767083 0.051815 0.051815 0.051815
7080 5.767083 5.767083 5.767083 0.051815 0.051815 0.051815
7090 5.767083 5.767083 5.767083 0.051815 0.051815 0.051815
7100 5.767083 5.767083 5.767083 0.051815 0.051815 0.051815
7110 5.767083 5.767083 5.767083 0.051815 0.051815 0.051815
7120 5.767083 5.767083 5.767083 0.051815 0.051815 0.051815
7130 5.767083 5.767083 5.767083 0.051815 0.051815 0.051815
7140 5.767083 5.767083 5.767083 0.051815 0.051815 0.051815
7150 5.767083 5.767083 5.767083 0.051815 0.051815 0.051815
7160 5.767083 5.767083 5.767083 0.051815 0.051815 0.051815
7170 5.767083 5.767083 5.767083 0.051815 0.051815 0.051815
7180 5.767083 5.767083 5.767083 0.051815 0.051815 0.051815
7190 5.767083 5.767083 5.767083 0.051815 0.051815 0.051815
7200 5.767083 5.767083 5.767083 0.051815 0.051815 0.051815
7210 5.767083 5.767083 5.767083 0.051815 0.051815 0.051815
7220 5.767083 5.767083 5.767083 0.051815 0.051815 0.051815
7230 5.767083 5.767083 5.767083 0.051815 0.051815 0.051815
7240 5.767083 5.767083 5.767083 0.051815 0.051815 0.051815
7250 5.767083 5.767083 5.767083 0.051815 0.051815 0.051815
7260 5.767083 5.767083 5.767083 0.051815 0.051815 0.051815
7270 5.767083 5.767083 5.767083 0.051815 0.051815 0.051815
7280 5.767083 5.767083 5.767083 0.051815 0.051815 0.051815
7290 5.767083 5.767083 5.767083 0.051815 0.051815 0.051815
7300 5.767083 5.767083 5.767083 0.051815 0.051815 0.051815
7310 5.767083 5.767083 5.767083 0.051815 0.051815 0.051815
7320 5.767083 5.767083 5.767083 0.051815 0.051815 0.051815
7330 5.767083 5.767083 5.767083 0.051815 0.051815 0.051815
7340 5.767083 5.767083 5.767083 0.051815 0.051815 0.051815
7350 5.767083 5.767083 5.767083 0.051815 0.051815 0.051815
7360 5.767083 5.767083 5.767083 0.051815 0.051815 0.051815
7370 5.767083 5.767083 5.767083 0.051815 0.051815 0.051815
7380 5.767083 5.767083 5.767083 0.051815 0.051815 0.051815
7390 5.767083 5.767083 5.767083 0.051815 0.051815 0.051815
7400 5.767083 5.767083 5.767083 0.051815 0.051815 0.051815
7410 5.767083 5.767083 5.767083 0.051815 0.051815 0.051815
7420 5.767083 5.767083 5.767083 0.051815 0.051815 0.051815
7430 5.767083 5.767083 5.767083 0.051815 0.051815 0.051815
7440 5.767083 5.767083 5.767083 0.051815 0.051815 0.051815
7450 5.767083 5.767083 5.767083 0.051815 0.051815 0.051815
7460 5.767083 5.767083 5.767083 0.051815 0.051815 0.051815
7470 5.767083 5.767083 5.767083 0.051815 0.051815 0.051815
7480 5.767083 5.767083 5.767083 0.051815 0.051815 0.051815
7490 5.767083 5.767083 5.767083 0.051815 0.051815 0.051815
7500 5.767083 5.767083 5.767083 0.051815 0.051815 0.051815
7510 5.767083 5.767083 5.767083 0.051815 0.051815 0.051815
7520 5.767083 5.767083 5.767083 0.051815 0.051815 0.051815
7530 5.767083 5.767083 5.767083 0.051815 0.051815 0.051815
7540 5.767083 5.767083 5.767083 0.051815 0.051815 0.051815
7550 5.767083 5.767083 5.767083 0.051815 0.051815 0.051815
7560 5.767083 5.767083 5.767083 0.051815 0.051815 0.051815
7570 5.767083 5.767083 5.767083 0.051815 0.051815 0.051815
7580 5.767083 5.767083 5.767083 0.051815 0.051815 0.051815
7590 5.767083 5.767083 5.767083 0.051815 0.051815 0.051815
7600 5.767083 5.767083 5.767083 0.051815 0.051815 0.051815
7610 5.767083 5.767083 5.767083 0.051815 0.051815 0.051815
7620 5.767083 5.767083 5.767083 0.051815 0.051815 0.051815
7630 5.767083 5.767083 5.767083 0.051815 0.051815 0.051815
7640 5.767083 5.767083 5.767083 0.051815 0.051815 0.051815
7650 5.767083 5.767083 5.767083 0.051815 0.051815 0.051815
7660 5.767083 5.767083 5.767083 0.051815 0.051815 0.051815
7670 5.767083 5.767083 5.767083 0.051815 0.051815 0.051815
7680 5.767083 5.767083 5.767083 0.051815 0.051815 0.051815
7690 5.767083 5.767083 5.767083 0.051815 0.051815 0.051815
7700 5.767083 5.767083 5.767083 0.051815 0.051815 0.051815
7710 5.767083 5.767083 5.767083 0.051815 0.051815 0.051815
7720 5.767083 5.767083 5.767083 0.051815 0.051815 0.051815
7730 5.767083 5.767083 5.767083 0.051815 0.051815 0.051815
7740 5.767083 5.767083 5.767083 0.051815 0.051815 0.051815
7750 5.767083 5.767083 5.767083 0.051815 0.051815 0.051815
7760 5.767083 5.767083 5.767083 0.051815 0.051815 0.051815
7770 5.767083 5.767083 5.767083 0.051815 0.051815 0.051815
7780 5.767083 5.767083 5.767083 0.051815 0.051815 0.051815
7790 5.767083 5.767083 5.767083 0.051815 0.051815 0.051815
7800 5.767083 5.767083 5.767083 0.051815 0.051815 0.051815
7810 5.767083 5.767083 5.767083 0.051815 0.051815 0.051815
7820 5.767083 5.767083 5.767083 0.051815 0.051815 0.051815
7830 5.767083 5.767083 5.767083 0.051815 0.051815 0.051815
7840 5.767083 5.767083 5.767083 0.051815 0.051815 0.051815
7850 5.767083 5.767083 5.767083 0.051815 0.051815 0.051815
7860 5.767083 5.767083 5.767083 0.051815 0.051815 0.051815
7870 5.767083 5.767083 5.767083 0.051815 0.051815 0.051815
7880 5.767083 5.767083 5.767083 0.051815 0.051815 0.051815
7890 5.767083 5.767083 5.767083 0.051815 0.051815 0.051815
7900 5.767083 5.767083 5.767083 0.051815 0.051815 0.051815
7910 5.767083 5.767083 5.767083 0.051815 0.051815 0.051815
7920 5.767083 5.767083 5.767083 0.051815 0.051815 0.051815
7930 5.767083 5.767083 5.767083 0.051815 0.051815 0.051815
7940 5.767083 5.767083 5.767083 0.051815 0.051815 0.051815
7950 5.767083 5.767083 5.767083 0.051815 0.051815 0.051815
7960 5.767083 5.767083 5.767083 0.051815 0.051815 0.051815
7970 5.767083 5.767083 5.767083 0.051815 0.051815 0.051815
7980 5.767083 5.767083 5.767083 0.051815 0.051815 0.051815
7990 5.767083 5.767083 5.767083 0.051815 0.051815 0.051815
8000 5.767083 5.767083 5.767083 0.051815 0.051815 0.051815
8010 5.767083 5.767083 5.767083 0.051815 0.051815 0.051815
8020 5.767083 5.767083 5.767083 0.051815 0.051815 0.051815
8030 5.767083 5.767083 5.767083 0.051815 0.051815 0.051815
8040 5.767083 5.767083 5.767083 0.051815 0.051815 0.051815
8050 5.767083 5.767083 5.767083 0.051815 0.051815 0.051815
8060 5.767083 5.767083 5.767083 0.051815 0.051815 0.051815
8070 5.767083 5.767083 5.767083 0.051815 0.051815 0.051815
8080 5.767083 5.767083 5.767083 0.051815 0.051815 0.051815
8090 5.767083 5.767083 5.767083 0.051815 0.051815 0.051815
8100 5.767083 5.767083 5.767083 0.051815 0.051815 0.051815
8110 5.767083 5.767083 5.767083 0.051815 0.051815 0.051815
8120 5.767083 5.767083 5.767083 0.051815 0.051815 0.051815
8130 5.767083 5.767083 5.767083 0.051815 0.051815 0.051815
8140 5.767083 5.767083 5.767083 0.051815 0.051815 0.051815
8150 5.767083 5.767083 5.767083 0.051815 0.051815 0.051815
8160 5.767083 5.767083 5.767083 0.051815 0.051815 0.051815
8170 5.767083 5.767083 5.767083 0.051815 0.051815 0.051815
8180 5.767083 5.767083 5.767083 0.051815 0.051815 0.051815
8190 5.767083 5.767083 5.767083 0.051815 0.051815 0.051815
8200 5.767083 5.767083 5.767083 0.051815 0.051815 0.051815
8210 5.767083 5.767083 5.767083 0.051815 0.051815 0.051815
8220 5.767083 5.767083 5.767083 0.051815 0.051815 0.051815
8230 5.767083 5.767083 5.767083 0.051815 0.051815 0.051815
8240 5.767083 5.767083 5.767083 0.051815 0.051815 0.051815
8250 5.767083 5.767083 5.767083 0.051815 0.051815 0.051815
8260 5.767083 5.767083 5.767083 0.051815 0.051815 0.051815
8270 5.767083 5.767083 5.767083 0.051815 0.051815 0.051815
8280 5.767083 5.767083 5.767083 0.051815 0.051815 0.051815
8290 5.767083 5.767083 5.767083 0.051815 0.051815 0.051815
8300 5.767083 5.767083 5.767083 0.051815 0.051815 0.051815
8310 5.767083 5.767083 5.767083 0.051815 0.051815 0.051815
8320 5.767083 5.767083 5.767083 0.051815 0.051815 0.051815
8330 5.767083 5.767083 5.767083 0.051815 0.051815 0.051815
8340 5.767083 5.767083 5.767083 0.051815 0.051815 0.051815
8350 5.767083 5.767083 5.767083 0.051815 0.051815 0.051815
8360 5.767083 5.767083 5.767083 0.051815 0.051815 0.051815
8370 5.767083 5.767083 5.767083 0.051815 0.051815 0.051815
8380 5.767083 5.767083 5.767083 0.051815 0.051815 0.051815
8390 5.767083 5.767083 5.767083 0.051815 0.051815 0.051815
8400 5.767083 5.767083 5.767083 0.051815 0.051815 0.051815
8410 5.767083 5.767083 5.767083 0.051815 0.051815 0.051815
8420 5.767083 5.767083 5.767083 0.051815 0.051815 0.051815
8430 5.767083 5.767083 5.767083 0.051815 0.051815 0.051815
8440 5.767083 5.767083 5.767083 0.051815 0.051815 0.051815
8450 5.767083 5.767083 5.767083 0.051815 0.051815 0.051815
8460 5.767083 5.767083 5.767083 0.051815 0.051815 0.051815
8470 5.767083 5.767083 5.767083 0.051815 0.051815 0.051815
8480 5.767083 5.767083 5.767083 0.051815 0.051815 0.051815
8490 5.767083 5.767083 5.767083 0.051815 0.051815 0.051815
8500 5.767083 5.767083 5.767083 0.051815 0.051815 0.051815
8510 5.767083 5.767083 5.767083 0.051815 0.051815 0.051815
8520 5.767083 5.767083 5.767083 0.051815 0.051815 0.051815
8530 5.767083 5.767083 5.767083 0.051815 0.051815 0.051815
8540 5.767083 5.767083 5.767083 0.051815 0.051815 0.051815
8550 5.767083 5.767083 5.767083 0.051815 0.051815 0.051815
8560 5.767083 5.767083 5.767083 0.051815 0.051815 0.051815
8570 5.767083 5.767083 5.767083 0.051815 0.051815 0.051815
8580 5.767083 5.767083 5.767083 0.051815 0.051815 0.051815
8590 5.767083 5.767083 5.767083 0.051815 0.051815 0.051815
8600 5.767083 5.767083 5.767083 0.051815 0.051815 0.051815
8610 5.767083 5.767083 5.767083 0.051815 0.051815 0.051815
8620 5.767083 5.767083 5.767083 0.051815 0.051815 0.051815
8630 5.767083 5.767083 5.767083 0.051815 0.051815 0.051815
8640 5.767083 5.767083 5.767083 0.051815 0.051815 0.051815
8650 5.767083 5.767083 5.767083 0.051815 0.051815 0.051815
8660 5.767083 5.767083 5.767083 0.051815 0.051815 0.051815
8670 5.767083 5.767083 5.767083 0.051815 0.051815 0.051815
8680 5.767083 5.767083 5.767083 0.051815 0.051815 0.051815
8690 5.767083 5.767083 5.767083 0.051815 0.051815 0.051815
8700 5.767083 5.767083 5.767083 0.051815 0.051815 0.051815
8710 5.767083 5.767083 5.767083 0.051815 0.051815 0.051815
8720 5.767083 5.767083 5.767083 0.051815 0.051815 0.051815
8730 5.767083 5.767083 5.767083 0.051815 0.051815 0.051815
8740 5.767083 5.767083 5.767083 0.051815 0.051815 0.051815
8750 5.767083 5.767083 5.767083 0.051815 0.051815 0.051815
8760 5.767083 5.767083 5.767083 0.051815 0.051815 0.051815
8770 5.767083 5.767083 5.767083 0.051815 0.051815 0.051815
8780 5.767083 5.767083 5.767083 0.051815 0.051815 0.051815
8790 5.767083 5.767083 5.767083 0.051815 0.051815 0.051815
8800 5.767083 5.767083 5.767083 0.051815 0.051815 0.051815
8810 5.767083 5.767083 5.767083 0.051815 0.051815 0.051815
8820 5.767083 5.767083 5.767083 0.051815 0.051815 0.051815
8830 5.767083 5.767083 5.767083 0.051815 0.051815 0.051815
8840 5.767083 5.767083 5.767083 0.051815 0.051815 0.051815
8850 5.767083 5.767083 5.767083 0.051815 0.051815 0.051815
8860 5.767083 5.767083 5.767083 0.051815 0.051815 0.051815
8870 5.767083 5.767083 5.767083 0.051815 0.051815 0.051815
8880 5.767083 5.767083 5.767083 0.051815 0.051815 0.051815
8890 5.767083 5.767083 5.767083 0.051815 0.051815 0.051815
8900 5.767083 5.767083 5.767083 0.051815 0.051815 0.051815
8910 5.767083 5.767083 5.767083 0.051815 0.051815 0.051815
8920 5.767083 5.767083 5.767083 0.051815 0.051815 0.051815
8930 5.767083 5.767083 5.767083 0.051815 0.051815 0.051815
8940 5.767083 5.767083 5.767083 0.051815 0.051815 0.051815
8950 5.767083 5.767083 5.767083 0.051815 0.051815 0.051815
8960 5.767083 5.767083 5.767083 0.051815 0.051815 0.051815
8970 5.767083 5.767083 5.767083 0.051815 0.051815 0.051815
8980 5.767083 5.767083 5.767083 0.051815 0.051815 0.051815
8990 5.767083 5.767083 5.767083 0.051815 0.051815 0.051815
9000 5.767083 5.767083 5.767083 0.051815 0.051815 0.051815
9010 5.767083 5.767083 5.767083 0.051815 0.051815 0.051815
9020 5.767083 5.767083 5.767083 0.051815 0.051815 0.051815
9030 5.767083 5.767083 5.767083 0.051815 0.051815 0.051815
9040 5.767083 5.767083 5.767083 0.051815 0.051815 0.051815
9050 5.767083 5.767083 5.767083 0.051815 0.051815 0.051815
9060 5.767083 5.767083 5.767083 0.051815 0.051815 0.051815
9070 5.767083 5.767083 5.767083 0.051815 0.051815 0.051815
9080 5.767083 5.767083 5.767083 0.051815 0.051815 0.051815
9090 5.767083 5.767083 5.767083 0.051815 0.051815 0.051815
9100 5.767083 5.767083 5.767083 0.051815 0.051815 0.051815
9110 5.767083 5.767083 5.767083 0.051815 0.051815 0.051815
9120 5.767083 5.767083 5.767083 0.051815 0.051815 0.051815
9130 5.767083 5.767083 5.767083 0.051815 0.051815 0.051815
9140 5.767083 5.767083 5.767083 0.051815 0.051815 0.051815
9150 5.767083 5.767083 5.767083 0.051815 0.051815 0.051815
9160 5.767083 5.767083 5.767083 0.051815 0.051815 0.051815
9170 5.767083 5.767083 5.767083 0.051815 0.051815 0.051815
9180 5.767083 5.767083 5.767083 0.051815 0.051815 0.051815
9190 5.767083 5.767083 5.767083 0.051815 0.051815 0.051815
9200 5.767083 5.767083 5.767083 0.051815 0.051815 0.051815
9210 5.767083 5.767083 5.767083 0.051815 0.051815 0.051815
9220 5.767083 5.767083 5.767083 0.051815 0.051815 0.051815
9230 5.767083 5.767083 5.767083 0.051815 0.051815 0.051815
9240 5.767083 5.767083 5.767083 0.051815 0.051815 0.051815
9250 5.767083 5.767083 5.767083 0.051815 0.051815 0.051815
9260 5.767083 5.767083 5.767083 0.051815 0.051815 0.051815
9270 5.767083 5.767083 5.767083 0.051815 0.051815 0.051815
9280 5.767083 5.767083 5.767083 0.051815 0.051815 0.051815
9290 5.767083 5.767083 5.767083 0.051815 0.051815 0.051815
9300 5.767083 5.767083 5.767083 0.051815 0.051815 0.051815
9310 5.767083 5.767083 5.767083 0.051815 0.051815 0.051815
9320 5.767083 5.767083 5.767083 0.051815 0.051815 0.051815
9330 5.767083 5.767083 5.767083 0.051815 0.051815 0.051815
9340 5.767083 5.767083 5.767083 0.051815 0.051815 0.051815
9350 5.767083 5.767083 5.767083 0.051815 0.051815 0.051815
9360 5.767083 5.767083 5.767083 0.051815 0.051815 0.051815
9370 5.767083 5.767083 5.767083 0.051815 0.051815 0.051815
9380 5.767083 5.767083 5.767083 0.051815 0.051815 0.051815
9390 5.767083 5.767083 5.767083 0.051815 0.051815 0.051815
9400 5.767083 5.767083 5.767083 0.051815 0.051815 0.051815
9410 5.767083 5.767083 5.767083 0.051815 0.051815 0.051815
9420 5.767083 5.767083 5.767083 0.051815 0.051815 0.051815
9430 5.767083 5.767083 5.767083 0.051815 0.051815 0.051815
9440 5.767083 5.767083 5.767083 0.051815 0.051815 0.051815
9450 5.767083 5.767083 5.767083 0.051815 0.051815 0.051815
9460 5.767083 5.767083 5.767083 0.051815 0.051815 0.051815
9470 5.767083 5.767083 5.767083 0.051815 0.051815 0.051815
9480 5.767083 5.767083 5.767083 0.051815 0.051815 0.051815
9490 5.767083 5.767083 5.767083 0.051815 0.051815 0.051815
9500 5.767083 5.767083 5.767083 0.051815 0.051815 0.051815
9510 5.767083 5.767083 5.767083 0.051815 0.051815 0.051815
9520 5.767083 5.767083 5.767083 0.051815 0.051815 0.051815
9530 5.767083 5.767083 5.767083 0.051815 0.051815 0.051815
9540 5.767083 5.767083 5.767083 0.051815 0.051815 0.051815
9550 5.767083 5.767083 5.767083 0.051815 0.051815 0.051815
9560 5.767083 5.767083 5.767083 0.051815 0.051815 0.051815
9570 5.767083 5.767083 5.767083 0.051815 0.051815 0.051815
9580 5.767083 5.767083 5.767083 0.051815 0.051815 0.051815
9590 5.767083 5.767083 5.767083 0.051815 0.051815 0.051815
9600 5.767083 5.767083 5.767083 0.051815 0.051815 0.051815
9610 5.767083 5.767083 5.767083 0.051815 0.051815 0.051815
9620 5.767083 5.767083 5.767083 0.051815 0.051815 0.051815
9630 5.767083 5.767083 5.767083 0.051815 0.051815 0.051815
9640 5.767083 5.767083 5.767083 0.051815 0.051815 0.051815
9650 5.767083 5.767083 5.767083 0.051815 0.051815 0.051815
9660 5.767083 5.767083 5.767083 0.051815 0.051815 0.051815
9670 5.767083 5.767083 5.767083 0.051815 0.051815 0.051815
9680 5.767083 5.767083 5.767083 0.051815 0.051815 0.051815
9690 5.767083 5.767083 5.767083 0.051815 0.051815 0.051815
9700 5.767083 5.767083 5.767083 0.051815 0.051815 0.051815
9710 5.767083 5.767083 5.767083 0.051815 0.051815 0.051815
9720 5.767083 5.767083 5.767083 0.051815 0.051815 0.051815
9730 5.767083 5.767083 5.767083 0.051815 0.051815 0.051815
9740 5.767083 5.767083 5.767083 0.051815 0.051815 0.051815
9750 5.767083 5.767083 5.767083 0.051815 0.051815 0.051815
9760 5.767083 5.767083 5.767083 0.051815 0.051815 0.051815
9770 5.767083 5.767083 5.767083 0.051815 0.051815 0.051815
9780 5.767083 5.767083 5.767083 0.051815 0.051815 0.051815
9790 5.767083 5.767083 5.767083 0.051815 0.051815 0.051815
9800 5.767083 5.767083 5.767083 0.051815 0.051815 0.051815
9810 5.767083 5.767083 5.767083 0.051815 0.051815 0.051815
9820 5.767083 5.767083 5.767083 0.051815 0.051815 0.051815
9830 5.767083 5.767083 5.767083 0.051815 0.051815 0.051815
9840 5.767083 5.767083 5.767083 0.051815 0.051815 0.051815
9850 5.767083 5.767083 5.767083 0.051815 0.051815 0.051815
9860 5.767083 5.767083 5.767083 0.051815 0.051815 0.051815
9870 5.767083 5.767083 5.767083 0.051815 0.051815 0.051815
9880 5.767083 5.767083 5.767083 0.051815 0.051815 0.051815
9890 5.767083 5.767083 5.767083 0.051815 0.051815 0.051815
9900 5.767083 5.767083 5.767083 0.051815 0.051815 0.051815
9910 5.767083 5.767083 5.767083 0.051815 0.051815 0.051815
9920 5.767083 5.767083 5.767083 0.051815 0.051815 0.051815
9930 5.767083 5.767083 5.767083 0.051815 0.051815 0.051815
9940 5.767083 5.767083 5.767083 0.051815 0.051815 0.051815
9950 5.767083 5.767083 5.767083 0.051815 0.051815 0.051815
9960 5.767083 5.767083 5.767083 0.051815 0.051815 0.051815
9970 5.767083 5.767083 5.767083 0.051815 0.051815 0.051815
9980 5.767083 5.767083 5.767083 0.051815 0.051815 0.051815
9990 5.767083 5.767083 5.767083 0.051815 0.051815 0.051815
10000 5.819616 5.819616 5.819616 0.052981 0.052981 0.052981
