# generation power_min power_avg power_max util_min util_avg util_max
1 7.403920 8.754981 10.316096 0.276200 0.455595 0.619997
10 7.403920 8.572082 9.681877 0.276200 0.458211 0.619997
20 6.444773 8.379183 9.255571 0.276200 0.453496 0.619997
30 6.444773 8.246239 9.089702 0.276200 0.449525 0.619997
40 6.444773 8.103335 8.948351 0.276200 0.448530 0.619997
50 6.444773 7.966577 8.780615 0.328836 0.449101 0.619997
60 6.444773 7.834855 8.530640 0.328836 0.450467 0.619997
70 6.422056 7.700736 8.381656 0.341528 0.442369 0.592874
80 6.404729 7.566612 8.255528 0.338475 0.440464 0.592874
90 6.282725 7.428230 8.166153 0.338475 0.439157 0.592874
100 6.041360 7.281861 8.071491 0.338475 0.435756 0.592874
110 6.022925 7.160831 7.924364 0.338475 0.434326 0.592874
120 6.022925 7.027210 7.794921 0.338475 0.429271 0.592874
130 6.022925 6.892443 7.615026 0.333687 0.422424 0.540027
140 5.820289 6.759561 7.441508 0.333687 0.423766 0.540027
150 5.820289 6.645614 7.354405 0.327301 0.422318 0.540027
160 5.530756 6.518130 7.242212 0.320832 0.416837 0.521672
170 5.530756 6.396916 7.041058 0.320832 0.418155 0.521672
180 5.509536 6.290083 6.897117 0.320832 0.415827 0.521672
190 5.485171 6.187340 6.795392 0.320832 0.413533 0.496667
200 5.396809 6.099963 6.640735 0.320832 0.410796 0.496667
210 5.396809 6.020150 6.470425 0.288075 0.408040 0.496667
220 5.282099 5.938321 6.372685 0.288075 0.408044 0.496667
230 5.115104 5.857613 6.282032 0.288075 0.406997 0.496667
240 5.115104 5.794089 6.187150 0.288075 0.404981 0.502360
250 4.988946 5.717839 6.121413 0.288075 0.405381 0.502360
260 4.839615 5.648144 6.084189 0.288075 0.403455 0.502360
270 4.839615 5.577383 6.011151 0.288075 0.400515 0.502360
280 4.839615 5.499690 5.913237 0.288075 0.400160 0.502360
290 4.750790 5.428313 5.802758 0.288075 0.394327 0.502360
300 4.679452 5.344860 5.704627 0.288075 0.389292 0.490356
310 4.588790 5.265527 5.631313 0.288075 0.384364 0.485027
320 4.527285 5.193837 5.589820 0.291569 0.383316 0.474330
330 4.411304 5.105017 5.545477 0.275005 0.378682 0.455518
340 4.359434 5.022128 5.495646 0.260791 0.376237 0.455518
350 4.359434 4.937905 5.401107 0.260791 0.373051 0.450188
360 4.058661 4.856904 5.299811 0.260791 0.373716 0.450188
370 4.058661 4.766587 5.239876 0.260791 0.369130 0.450188
380 4.058661 4.691048 5.139644 0.260791 0.368670 0.450188
390 4.010961 4.612671 5.052274 0.260791 0.362834 0.442471
400 4.010961 4.541050 4.982787 0.260791 0.359037 0.442471
410 3.869730 4.469509 4.841484 0.260791 0.354926 0.427516
420 3.869730 4.395584 4.763611 0.260791 0.354207 0.427516
430 3.755645 4.318161 4.714403 0.260791 0.354599 0.424990
440 3.550449 4.247555 4.631033 0.260791 0.352483 0.424990
450 3.550449 4.185253 4.548179 0.260791 0.353131 0.424990
460 3.550449 4.130282 4.461854 0.260791 0.353005 0.424990
470 3.550449 4.074170 4.403123 0.257034 0.354792 0.424990
480 3.508553 4.008195 4.328934 0.257034 0.355489 0.424990
490 3.419734 3.953539 4.257165 0.257034 0.358335 0.424990
500 3.334919 3.895123 4.195509 0.257034 0.358882 0.423968
510 3.110133 3.837654 4.154398 0.257034 0.360195 0.423968
520 3.036501 3.768093 4.088637 0.257034 0.360842 0.423968
530 3.036501 3.708948 4.012213 0.257034 0.361626 0.423968
540 3.036501 3.657865 3.966252 0.211084 0.359349 0.414455
550 3.036501 3.609951 3.900976 0.211084 0.358906 0.414455
560 3.036501 3.549916 3.843335 0.211084 0.357493 0.414455
570 3.036501 3.493590 3.815720 0.211084 0.358095 0.414455
580 3.036501 3.440685 3.746399 0.211084 0.357634 0.407123
590 3.036501 3.381517 3.693216 0.211084 0.356755 0.407123
600 3.007282 3.326823 3.612069 0.211084 0.352283 0.407123
610 2.923591 3.279403 3.568615 0.211084 0.351836 0.407123
620 2.765148 3.224575 3.508925 0.211084 0.348881 0.407123
630 2.765148 3.170313 3.460210 0.247306 0.348404 0.407123
640 2.744736 3.116325 3.379065 0.247306 0.345976 0.407123
650 2.741550 3.076217 3.321254 0.247306 0.344586 0.407123
660 2.737730 3.029232 3.251906 0.247306 0.341204 0.400744
670 2.671211 2.987363 3.208953 0.247306 0.337480 0.390816
680 2.671211 2.952137 3.177067 0.247306 0.335473 0.390816
690 2.654742 2.915376 3.136354 0.244192 0.333851 0.390816
700 2.646336 2.879016 3.085389 0.244192 0.333140 0.390752
710 2.646336 2.846435 3.036501 0.244192 0.333891 0.390752
720 2.643525 2.812876 3.022449 0.234515 0.325058 0.389067
730 2.607266 2.781160 2.963135 0.234515 0.322308 0.389067
740 2.596050 2.753638 2.923591 0.222833 0.314491 0.372367
750 2.579432 2.728128 2.889897 0.222833 0.307425 0.361984
760 2.516820 2.708585 2.813185 0.219220 0.302937 0.351447
770 2.516820 2.691531 2.796872 0.219220 0.297047 0.351447
780 2.516820 2.676802 2.761843 0.219220 0.291908 0.351447
790 2.431948 2.660864 2.741550 0.215270 0.286422 0.351447
800 2.431948 2.646721 2.723940 0.215270 0.278052 0.351447
810 2.431948 2.635280 2.705837 0.210057 0.272884 0.351447
820 2.431948 2.623710 2.699392 0.210057 0.267673 0.351447
830 2.431948 2.610330 2.681100 0.202268 0.259413 0.351447
840 2.431948 2.598046 2.663081 0.202268 0.255435 0.312376
850 2.431948 2.584036 2.654742 0.202268 0.254508 0.312376
860 2.431759 2.568883 2.653350 0.202268 0.254741 0.312376
870 2.431759 2.554709 2.640358 0.202268 0.252340 0.312376
880 2.428103 2.537600 2.620817 0.202268 0.249682 0.312376
890 2.428103 2.524577 2.607266 0.202268 0.245191 0.312376
900 2.428103 2.509581 2.607266 0.202268 0.237509 0.312376
910 2.428103 2.495851 2.596050 0.202268 0.231280 0.312376
920 2.427428 2.483382 2.570694 0.202268 0.225865 0.312376
930 2.427428 2.472795 2.521290 0.202268 0.223161 0.290425
940 2.427428 2.465356 2.510475 0.202268 0.221810 0.261131
950 2.427239 2.458503 2.506819 0.202268 0.222197 0.261131
960 2.426696 2.451657 2.502467 0.202268 0.221996 0.261131
970 2.426696 2.445501 2.475179 0.202268 0.220810 0.247691
980 2.426696 2.441691 2.458710 0.202268 0.219015 0.234487
990 2.426696 2.438856 2.457791 0.202268 0.217176 0.234487
1000 2.425968 2.436098 2.457672 0.202268 0.216524 0.234487
1010 2.425968 2.433238 2.455282 0.202663 0.216868 0.234163
1020 2.425968 2.430605 2.453402 0.202895 0.215663 0.234163
1030 2.425968 2.429186 2.434293 0.214167 0.215378 0.216542
1040 2.425968 2.428697 2.431948 0.214508 0.215403 0.216542
1050 2.425832 2.428206 2.431948 0.214508 0.215435 0.216542
1060 2.425832 2.427707 2.431759 0.214508 0.215518 0.216542
1070 2.425832 2.427353 2.428191 0.215055 0.215583 0.216542
1080 2.425832 2.427206 2.428103 0.215055 0.215581 0.216150
1090 2.425832 2.427070 2.428002 0.215233 0.215621 0.216150
1100 2.422705 2.426898 2.427428 0.215233 0.215635 0.217229
1110 2.422705 2.426795 2.427428 0.215233 0.215629 0.217229
1120 2.422705 2.426614 2.427428 0.215233 0.215668 0.217229
1130 2.422705 2.426464 2.427239 0.215233 0.215728 0.217229
1140 2.422705 2.426286 2.427239 0.215233 0.215805 0.217229
1150 2.422705 2.426129 2.427239 0.215233 0.215891 0.217229
1160 2.422705 2.425959 2.427239 0.215233 0.215985 0.217229
1170 2.422405 2.425765 2.427239 0.215233 0.216064 0.217229
1180 2.422405 2.425586 2.426696 0.215320 0.216135 0.217229
1190 2.422405 2.425458 2.425968 0.215498 0.216176 0.217229
1200 2.422405 2.425327 2.425832 0.215498 0.216199 0.217229
1210 2.422405 2.425258 2.425832 0.215498 0.216202 0.217229
1220 2.422405 2.425170 2.425832 0.215498 0.216187 0.217229
1230 2.422405 2.424982 2.425832 0.215498 0.216238 0.217229
1240 2.421134 2.424663 2.425832 0.215498 0.216331 0.217494
1250 2.421134 2.424417 2.425832 0.215498 0.216380 0.217494
1260 2.421134 2.424104 2.425832 0.215498 0.216448 0.217494
1270 2.421134 2.423755 2.425832 0.215498 0.216544 0.217494
1280 2.421134 2.423399 2.425832 0.215498 0.216638 0.217494
1290 2.421134 2.423029 2.425668 0.215498 0.216800 0.217494
1300 2.421134 2.422629 2.425668 0.215498 0.216974 0.217494
1310 2.421134 2.422264 2.424397 0.216260 0.217112 0.217494
1320 2.421134 2.422081 2.422705 0.216733 0.217170 0.217494
1330 2.421134 2.421962 2.422705 0.216733 0.217174 0.217494
1340 2.421134 2.421805 2.422705 0.216733 0.217200 0.217494
1350 2.421134 2.421648 2.422705 0.216733 0.217227 0.217494
1360 2.421134 2.421502 2.422405 0.216733 0.217273 0.217494
1370 2.421134 2.421375 2.422405 0.216733 0.217349 0.217494
1380 2.421134 2.421248 2.422405 0.216733 0.217425 0.217494
1390 2.421134 2.421134 2.421134 0.217494 0.217494 0.217494
1400 2.421134 2.421134 2.421134 0.217494 0.217494 0.217494
1410 2.421134 2.421134 2.421134 0.217494 0.217494 0.217494
1420 2.421134 2.421134 2.421134 0.217494 0.217494 0.217494
1430 2.421134 2.421134 2.421134 0.217494 0.217494 0.217494
1440 2.421134 2.421134 2.421134 0.217494 0.217494 0.217494
1450 2.421134 2.421134 2.421134 0.217494 0.217494 0.217494
1460 2.421134 2.421134 2.421134 0.217494 0.217494 0.217494
1470 2.421134 2.421134 2.421134 0.217494 0.217494 0.217494
1480 2.421134 2.421134 2.421134 0.217494 0.217494 0.217494
1490 2.421134 2.421134 2.421134 0.217494 0.217494 0.217494
1500 2.421134 2.421134 2.421134 0.217494 0.217494 0.217494
1510 2.421134 2.421134 2.421134 0.217494 0.217494 0.217494
1520 2.421134 2.421134 2.421134 0.217494 0.217494 0.217494
1530 2.421134 2.421134 2.421134 0.217494 0.217494 0.217494
1540 2.421134 2.421134 2.421134 0.217494 0.217494 0.217494
1550 2.421134 2.421134 2.421134 0.217494 0.217494 0.217494
1560 2.421134 2.421134 2.421134 0.217494 0.217494 0.217494
1570 2.421134 2.421134 2.421134 0.217494 0.217494 0.217494
1580 2.421134 2.421134 2.421134 0.217494 0.217494 0.217494
1590 2.421134 2.421134 2.421134 0.217494 0.217494 0.217494
1600 2.421134 2.421134 2.421134 0.217494 0.217494 0.217494
1610 2.421134 2.421134 2.421134 0.217494 0.217494 0.217494
1620 2.421134 2.421134 2.421134 0.217494 0.217494 0.217494
1630 2.421134 2.421134 2.421134 0.217494 0.217494 0.217494
1640 2.421134 2.421134 2.421134 0.217494 0.217494 0.217494
1650 2.421134 2.421134 2.421134 0.217494 0.217494 0.217494
1660 2.421134 2.421134 2.421134 0.217494 0.217494 0.217494
1670 2.421134 2.421134 2.421134 0.217494 0.217494 0.217494
1680 2.421134 2.421134 2.421134 0.217494 0.217494 0.217494
1690 2.421134 2.421134 2.421134 0.217494 0.217494 0.217494
1700 2.421134 2.421134 2.421134 0.217494 0.217494 0.217494
1710 2.421134 2.421134 2.421134 0.217494 0.217494 0.217494
1720 2.421134 2.421134 2.421134 0.217494 0.217494 0.217494
1730 2.421134 2.421134 2.421134 0.217494 0.217494 0.217494
1740 2.421134 2.421134 2.421134 0.217494 0.217494 0.217494
1750 2.421134 2.421134 2.421134 0.217494 0.217494 0.217494
1760 2.421134 2.421134 2.421134 0.217494 0.217494 0.217494
1770 2.421134 2.421134 2.421134 0.217494 0.217494 0.217494
1780 2.421134 2.421134 2.421134 0.217494 0.217494 0.217494
1790 2.421134 2.421134 2.421134 0.217494 0.217494 0.217494
1800 2.421134 2.421134 2.421134 0.217494 0.217494 0.217494
1810 2.421134 2.421134 2.421134 0.217494 0.217494 0.217494
1820 2.421134 2.421134 2.421134 0.217494 0.217494 0.217494
1830 2.421134 2.421134 2.421134 0.217494 0.217494 0.217494
1840 2.421134 2.421134 2.421134 0.217494 0.217494 0.217494
1850 2.421134 2.421134 2.421134 0.217494 0.217494 0.217494
1860 2.421134 2.421134 2.421134 0.217494 0.217494 0.217494
1870 2.421134 2.421134 2.421134 0.217494 0.217494 0.217494
1880 2.421134 2.421134 2.421134 0.217494 0.217494 0.217494
1890 2.421134 2.421134 2.421134 0.217494 0.217494 0.217494
1900 2.421134 2.421134 2.421134 0.217494 0.217494 0.217494
1910 2.421134 2.421134 2.421134 0.217494 0.217494 0.217494
1920 2.421134 2.421134 2.421134 0.217494 0.217494 0.217494
1930 2.421134 2.421134 2.421134 0.217494 0.217494 0.217494
1940 2.421134 2.421134 2.421134 0.217494 0.217494 0.217494
1950 2.421134 2.421134 2.421134 0.217494 0.217494 0.217494
1960 2.421134 2.421134 2.421134 0.217494 0.217494 0.217494
1970 2.421134 2.421134 2.421134 0.217494 0.217494 0.217494
1980 2.421134 2.421134 2.421134 0.217494 0.217494 0.217494
1990 2.421134 2.421134 2.421134 0.217494 0.217494 0.217494
2000 2.421134 2.421134 2.421134 0.217494 0.217494 0.217494
2010 2.421134 2.421134 2.421134 0.217494 0.217494 0.217494
2020 2.421134 2.421134 2.421134 0.217494 0.217494 0.217494
2030 2.421134 2.421134 2.421134 0.217494 0.217494 0.217494
2040 2.421134 2.421134 2.421134 0.217494 0.217494 0.217494
2050 2.421134 2.421134 2.421134 0.217494 0.217494 0.217494
2060 2.421134 2.421134 2.421134 0.217494 0.217494 0.217494
2070 2.421134 2.421134 2.421134 0.217494 0.217494 0.217494
2080 2.421134 2.421134 2.421134 0.217494 0.217494 0.217494
2090 2.421134 2.421134 2.421134 0.217494 0.217494 0.217494
2100 2.421134 2.421134 2.421134 0.217494 0.217494 0.217494
2110 2.421134 2.421134 2.421134 0.217494 0.217494 0.217494
2120 2.421134 2.421134 2.421134 0.217494 0.217494 0.217494
2130 2.421134 2.421134 2.421134 0.217494 0.217494 0.217494
2140 2.421134 2.421134 2.421134 0.217494 0.217494 0.217494
2150 2.421134 2.421134 2.421134 0.217494 0.217494 0.217494
2160 2.421134 2.421134 2.421134 0.217494 0.217494 0.217494
2170 2.421134 2.421134 2.421134 0.217494 0.217494 0.217494
2180 2.421134 2.421134 2.421134 0.217494 0.217494 0.217494
2190 2.421134 2.421134 2.421134 0.217494 0.217494 0.217494
2200 2.421134 2.421134 2.421134 0.217494 0.217494 0.217494
2210 2.421134 2.421134 2.421134 0.217494 0.217494 0.217494
2220 2.421134 2.421134 2.421134 0.217494 0.217494 0.217494
2230 2.421134 2.421134 2.421134 0.217494 0.217494 0.217494
2240 2.421134 2.421134 2.421134 0.217494 0.217494 0.217494
2250 2.421134 2.421134 2.421134 0.217494 0.217494 0.217494
2260 2.421134 2.421134 2.421134 0.217494 0.217494 0.217494
2270 2.421134 2.421134 2.421134 0.217494 0.217494 0.217494
2280 2.421134 2.421134 2.421134 0.217494 0.217494 0.217494
2290 2.421134 2.421134 2.421134 0.217494 0.217494 0.217494
2300 2.421134 2.421134 2.421134 0.217494 0.217494 0.217494
2310 2.421134 2.421134 2.421134 0.217494 0.217494 0.217494
2320 2.421134 2.421134 2.421134 0.217494 0.217494 0.217494
2330 2.421134 2.421134 2.421134 0.217494 0.217494 0.217494
2340 2.421134 2.421134 2.421134 0.217494 0.217494 0.217494
2350 2.421134 2.421134 2.421134 0.217494 0.217494 0.217494
2360 2.421134 2.421134 2.421134 0.217494 0.217494 0.217494
2370 2.421134 2.421134 2.421134 0.217494 0.217494 0.217494
2380 2.421134 2.421134 2.421134 0.217494 0.217494 0.217494
2390 2.421134 2.421134 2.421134 0.217494 0.217494 0.217494
2400 2.421134 2.421134 2.421134 0.217494 0.217494 0.217494
2410 2.421134 2.421134 2.421134 0.217494 0.217494 0.217494
2420 2.421134 2.421134 2.421134 0.217494 0.217494 0.217494
2430 2.421134 2.421134 2.421134 0.217494 0.217494 0.217494
2440 2.421134 2.421134 2.421134 0.217494 0.217494 0.217494
2450 2.421134 2.421134 2.421134 0.217494 0.217494 0.217494
2460 2.421134 2.421134 2.421134 0.217494 0.217494 0.217494
2470 2.421134 2.421134 2.421134 0.217494 0.217494 0.217494
2480 2.421134 2.421134 2.421134 0.217494 0.217494 0.217494
2490 2.421134 2.421134 2.421134 0.217494 0.217494 0.217494
2500 2.421134 2.421134 2.421134 0.217494 0.217494 0.217494
2510 2.421134 2.421134 2.421134 0.217494 0.217494 0.217494
2520 2.421134 2.421134 2.421134 0.217494 0.217494 0.217494
2530 2.421134 2.421134 2.421134 0.217494 0.217494 0.217494
2540 2.421134 2.421134 2.421134 0.217494 0.217494 0.217494
2550 2.421134 2.421134 2.421134 0.217494 0.217494 0.217494
2560 2.421134 2.421134 2.421134 0.217494 0.217494 0.217494
2570 2.421134 2.421134 2.421134 0.217494 0.217494 0.217494
2580 2.421134 2.421134 2.421134 0.217494 0.217494 0.217494
2590 2.421134 2.421134 2.421134 0.217494 0.217494 0.217494
2600 2.421134 2.421134 2.421134 0.217494 0.217494 0.217494
2610 2.421134 2.421134 2.421134 0.217494 0.217494 0.217494
2620 2.421134 2.421134 2.421134 0.217494 0.217494 0.217494
2630 2.421134 2.421134 2.421134 0.217494 0.217494 0.217494
2640 2.421134 2.421134 2.421134 0.217494 0.217494 0.217494
2650 2.421134 2.421134 2.421134 0.217494 0.217494 0.217494
2660 2.421134 2.421134 2.421134 0.217494 0.217494 0.217494
2670 2.421134 2.421134 2.421134 0.217494 0.217494 0.217494
2680 2.421134 2.421134 2.421134 0.217494 0.217494 0.217494
2690 2.421134 2.421134 2.421134 0.217494 0.217494 0.217494
2700 2.421134 2.421134 2.421134 0.217494 0.217494 0.217494
2710 2.421134 2.421134 2.421134 0.217494 0.217494 0.217494
2720 2.421134 2.421134 2.421134 0.217494 0.217494 0.217494
2730 2.421134 2.421134 2.421134 0.217494 0.217494 0.217494
2740 2.421134 2.421134 2.421134 0.217494 0.217494 0.217494
2750 2.421134 2.421134 2.421134 0.217494 0.217494 0.217494
2760 2.421134 2.421134 2.421134 0.217494 0.217494 0.217494
2770 2.421134 2.421134 2.421134 0.217494 0.217494 0.217494
2780 2.421134 2.421134 2.421134 0.217494 0.217494 0.217494
2790 2.421134 2.421134 2.421134 0.217494 0.217494 0.217494
2800 2.421134 2.421134 2.421134 0.217494 0.217494 0.217494
2810 2.421134 2.421134 2.421134 0.217494 0.217494 0.217494
2820 2.421134 2.421134 2.421134 0.217494 0.217494 0.217494
2830 2.421134 2.421134 2.421134 0.217494 0.217494 0.217494
2840 2.421134 2.421134 2.421134 0.217494 0.217494 0.217494
2850 2.421134 2.421134 2.421134 0.217494 0.217494 0.217494
2860 2.421134 2.421134 2.421134 0.217494 0.217494 0.217494
2870 2.421134 2.421134 2.421134 0.217494 0.217494 0.217494
2880 2.421134 2.421134 2.421134 0.217494 0.217494 0.217494
2890 2.421134 2.421134 2.421134 0.217494 0.217494 0.217494
2900 2.421134 2.421134 2.421134 0.217494 0.217494 0.217494
2910 2.421134 2.421134 2.421134 0.217494 0.217494 0.217494
2920 2.421134 2.421134 2.421134 0.217494 0.217494 0.217494
2930 2.421134 2.421134 2.421134 0.217494 0.217494 0.217494
2940 2.421134 2.421134 2.421134 0.217494 0.217494 0.217494
2950 2.421134 2.421134 2.421134 0.217494 0.217494 0.217494
2960 2.421134 2.421134 2.421134 0.217494 0.217494 0.217494
2970 2.421134 2.421134 2.421134 0.217494 0.217494 0.217494
2980 2.421134 2.421134 2.421134 0.217494 0.217494 0.217494
2990 2.421134 2.421134 2.421134 0.217494 0.217494 0.217494
3000 2.421134 2.421134 2.421134 0.217494 0.217494 0.217494
3010 2.421134 2.421134 2.421134 0.217494 0.217494 0.217494
3020 2.421134 2.421134 2.421134 0.217494 0.217494 0.217494
3030 2.421134 2.421134 2.421134 0.217494 0.217494 0.217494
3040 2.421134 2.421134 2.421134 0.217494 0.217494 0.217494
3050 2.421134 2.421134 2.421134 0.217494 0.217494 0.217494
3060 2.421134 2.421134 2.421134 0.217494 0.217494 0.217494
3070 2.421134 2.421134 2.421134 0.217494 0.217494 0.217494
3080 2.421134 2.421134 2.421134 0.217494 0.217494 0.217494
3090 2.421134 2.421134 2.421134 0.217494 0.217494 0.217494
3100 2.421134 2.421134 2.421134 0.217494 0.217494 0.217494
3110 2.421134 2.421134 2.421134 0.217494 0.217494 0.217494
3120 2.421134 2.421134 2.421134 0.217494 0.217494 0.217494
3130 2.421134 2.421134 2.421134 0.217494 0.217494 0.217494
3140 2.421134 2.421134 2.421134 0.217494 0.217494 0.217494
3150 2.421134 2.421134 2.421134 0.217494 0.217494 0.217494
3160 2.421134 2.421134 2.421134 0.217494 0.217494 0.217494
3170 2.421134 2.421134 2.421134 0.217494 0.217494 0.217494
3180 2.421134 2.421134 2.421134 0.217494 0.217494 0.217494
3190 2.421134 2.421134 2.421134 0.217494 0.217494 0.217494
3200 2.421134 2.421134 2.421134 0.217494 0.217494 0.217494
3210 2.421134 2.421134 2.421134 0.217494 0.217494 0.217494
3220 2.421134 2.421134 2.421134 0.217494 0.217494 0.217494
3230 2.421134 2.421134 2.421134 0.217494 0.217494 0.217494
3240 2.421134 2.421134 2.421134 0.217494 0.217494 0.217494
3250 2.421134 2.421134 2.421134 0.217494 0.217494 0.217494
3260 2.421134 2.421134 2.421134 0.217494 0.217494 0.217494
3270 2.421134 2.421134 2.421134 0.217494 0.217494 0.217494
3280 2.421134 2.421134 2.421134 0.217494 0.217494 0.217494
3290 2.421134 2.421134 2.421134 0.217494 0.217494 0.217494
3300 2.421134 2.421134 2.421134 0.217494 0.217494 0.217494
3310 2.421134 2.421134 2.421134 0.217494 0.217494 0.217494
3320 2.421134 2.421134 2.421134 0.217494 0.217494 0.217494
3330 2.421134 2.421134 2.421134 0.217494 0.217494 0.217494
3340 2.421134 2.421134 2.421134 0.217494 0.217494 0.217494
3350 2.421134 2.421134 2.421134 0.217494 0.217494 0.217494
3360 2.421134 2.421134 2.421134 0.217494 0.217494 0.217494
3370 2.421134 2.421134 2.421134 0.217494 0.217494 0.217494
3380 2.421134 2.421134 2.421134 0.217494 0.217494 0.217494
3390 2.421134 2.421134 2.421134 0.217494 0.217494 0.217494
3400 2.421134 2.421134 2.421134 0.217494 0.217494 0.217494
3410 2.421134 2.421134 2.421134 0.217494 0.217494 0.217494
3420 2.421134 2.421134 2.421134 0.217494 0.217494 0.217494
3430 2.421134 2.421134 2.421134 0.217494 0.217494 0.217494
3440 2.421134 2.421134 2.421134 0.217494 0.217494 0.217494
3450 2.421134 2.421134 2.421134 0.217494 0.217494 0.217494
3460 2.421134 2.421134 2.421134 0.217494 0.217494 0.217494
3470 2.421134 2.421134 2.421134 0.217494 0.217494 0.217494
3480 2.421134 2.421134 2.421134 0.217494 0.217494 0.217494
3490 2.421134 2.421134 2.421134 0.217494 0.217494 0.217494
3500 2.421134 2.421134 2.421134 0.217494 0.217494 0.217494
3510 2.421134 2.421134 2.421134 0.217494 0.217494 0.217494
3520 2.421134 2.421134 2.421134 0.217494 0.217494 0.217494
3530 2.421134 2.421134 2.421134 0.217494 0.217494 0.217494
3540 2.421134 2.421134 2.421134 0.217494 0.217494 0.217494
3550 2.421134 2.421134 2.421134 0.217494 0.217494 0.217494
3560 2.421134 2.421134 2.421134 0.217494 0.217494 0.217494
3570 2.421134 2.421134 2.421134 0.217494 0.217494 0.217494
3580 2.421134 2.421134 2.421134 0.217494 0.217494 0.217494
3590 2.421134 2.421134 2.421134 0.217494 0.217494 0.217494
3600 2.421134 2.421134 2.421134 0.217494 0.217494 0.217494
3610 2.421134 2.421134 2.421134 0.217494 0.217494 0.217494
3620 2.421134 2.421134 2.421134 0.217494 0.217494 0.217494
3630 2.421134 2.421134 2.421134 0.217494 0.217494 0.217494
3640 2.421134 2.421134 2.421134 0.217494 0.217494 0.217494
3650 2.421134 2.421134 2.421134 0.217494 0.217494 0.217494
3660 2.421134 2.421134 2.421134 0.217494 0.217494 0.217494
3670 2.421134 2.421134 2.421134 0.217494 0.217494 0.217494
3680 2.421134 2.421134 2.421134 0.217494 0.217494 0.217494
3690 2.421134 2.421134 2.421134 0.217494 0.217494 0.217494
3700 2.421134 2.421134 2.421134 0.217494 0.217494 0.217494
3710 2.421134 2.421134 2.421134 0.217494 0.217494 0.217494
3720 2.421134 2.421134 2.421134 0.217494 0.217494 0.217494
3730 2.421134 2.421134 2.421134 0.217494 0.217494 0.217494
3740 2.421134 2.421134 2.421134 0.217494 0.217494 0.217494
3750 2.421134 2.421134 2.421134 0.217494 0.217494 0.217494
3760 2.421134 2.421134 2.421134 0.217494 0.217494 0.217494
3770 2.421134 2.421134 2.421134 0.217494 0.217494 0.217494
3780 2.421134 2.421134 2.421134 0.217494 0.217494 0.217494
3790 2.421134 2.421134 2.421134 0.217494 0.217494 0.217494
3800 2.421134 2.421134 2.421134 0.217494 0.217494 0.217494
3810 2.421134 2.421134 2.421134 0.217494 0.217494 0.217494
3820 2.421134 2.421134 2.421134 0.217494 0.217494 0.217494
3830 2.421134 2.421134 2.421134 0.217494 0.217494 0.217494
3840 2.421134 2.421134 2.421134 0.217494 0.217494 0.217494
3850 2.421134 2.421134 2.421134 0.217494 0.217494 0.217494
3860 2.421134 2.421134 2.421134 0.217494 0.217494 0.217494
3870 2.421134 2.421134 2.421134 0.217494 0.217494 0.217494
3880 2.421134 2.421134 2.421134 0.217494 0.217494 0.217494
3890 2.421134 2.421134 2.421134 0.217494 0.217494 0.217494
3900 2.421134 2.421134 2.421134 0.217494 0.217494 0.217494
3910 2.421134 2.421134 2.421134 0.217494 0.217494 0.217494
3920 2.421134 2.421134 2.421134 0.217494 0.217494 0.217494
3930 2.421134 2.421134 2.421134 0.217494 0.217494 0.217494
3940 2.421134 2.421134 2.421134 0.217494 0.217494 0.217494
3950 2.421134 2.421134 2.421134 0.217494 0.217494 0.217494
3960 2.421134 2.421134 2.421134 0.217494 0.217494 0.217494
3970 2.421134 2.421134 2.421134 0.217494 0.217494 0.217494
3980 2.421134 2.421134 2.421134 0.217494 0.217494 0.217494
3990 2.421134 2.421134 2.421134 0.217494 0.217494 0.217494
4000 2.421134 2.421134 2.421134 0.217494 0.217494 0.217494
4010 2.421134 2.421134 2.421134 0.217494 0.217494 0.217494
4020 2.421134 2.421134 2.421134 0.217494 0.217494 0.217494
4030 2.421134 2.421134 2.421134 0.217494 0.217494 0.217494
4040 2.421134 2.421134 2.421134 0.217494 0.217494 0.217494
4050 2.421134 2.421134 2.421134 0.217494 0.217494 0.217494
4060 2.421134 2.421134 2.421134 0.217494 0.217494 0.217494
4070 2.421134 2.421134 2.421134 0.217494 0.217494 0.217494
4080 2.421134 2.421134 2.421134 0.217494 0.217494 0.217494
4090 2.421134 2.421134 2.421134 0.217494 0.217494 0.217494
4100 2.421134 2.421134 2.421134 0.217494 0.217494 0.217494
4110 2.421134 2.421134 2.421134 0.217494 0.217494 0.217494
4120 2.421134 2.421134 2.421134 0.217494 0.217494 0.217494
4130 2.421134 2.421134 2.421134 0.217494 0.217494 0.217494
4140 2.421134 2.421134 2.421134 0.217494 0.217494 0.217494
4150 2.421134 2.421134 2.421134 0.217494 0.217494 0.217494
4160 2.421134 2.421134 2.421134 0.217494 0.217494 0.217494
4170 2.421134 2.421134 2.421134 0.217494 0.217494 0.217494
4180 2.421134 2.421134 2.421134 0.217494 0.217494 0.217494
4190 2.421134 2.421134 2.421134 0.217494 0.217494 0.217494
4200 2.421134 2.421134 2.421134 0.217494 0.217494 0.217494
4210 2.421134 2.421134 2.421134 0.217494 0.217494 0.217494
4220 2.421134 2.421134 2.421134 0.217494 0.217494 0.217494
4230 2.421134 2.421134 2.421134 0.217494 0.217494 0.217494
4240 2.421134 2.421134 2.421134 0.217494 0.217494 0.217494
4250 2.421134 2.421134 2.421134 0.217494 0.217494 0.217494
4260 2.421134 2.421134 2.421134 0.217494 0.217494 0.217494
4270 2.421134 2.421134 2.421134 0.217494 0.217494 0.217494
4280 2.421134 2.421134 2.421134 0.217494 0.217494 0.217494
4290 2.421134 2.421134 2.421134 0.217494 0.217494 0.217494
4300 2.421134 2.421134 2.421134 0.217494 0.217494 0.217494
4310 2.421134 2.421134 2.421134 0.217494 0.217494 0.217494
4320 2.421134 2.421134 2.421134 0.217494 0.217494 0.217494
4330 2.421134 2.421134 2.421134 0.217494 0.217494 0.217494
4340 2.421134 2.421134 2.421134 0.217494 0.217494 0.217494
4350 2.421134 2.421134 2.421134 0.217494 0.217494 0.217494
4360 2.421134 2.421134 2.421134 0.217494 0.217494 0.217494
4370 2.421134 2.421134 2.421134 0.217494 0.217494 0.217494
4380 2.421134 2.421134 2.421134 0.217494 0.217494 0.217494
4390 2.421134 2.421134 2.421134 0.217494 0.217494 0.217494
4400 2.421134 2.421134 2.421134 0.217494 0.217494 0.217494
4410 2.421134 2.421134 2.421134 0.217494 0.217494 0.217494
4420 2.421134 2.421134 2.421134 0.217494 0.217494 0.217494
4430 2.421134 2.421134 2.421134 0.217494 0.217494 0.217494
4440 2.421134 2.421134 2.421134 0.217494 0.217494 0.217494
4450 2.421134 2.421134 2.421134 0.217494 0.217494 0.217494
4460 2.421134 2.421134 2.421134 0.217494 0.217494 0.217494
4470 2.421134 2.421134 2.421134 0.217494 0.217494 0.217494
4480 2.421134 2.421134 2.421134 0.217494 0.217494 0.217494
4490 2.421134 2.421134 2.421134 0.217494 0.217494 0.217494
4500 2.421134 2.421134 2.421134 0.217494 0.217494 0.217494
4510 2.421134 2.421134 2.421134 0.217494 0.217494 0.217494
4520 2.421134 2.421134 2.421134 0.217494 0.217494 0.217494
4530 2.421134 2.421134 2.421134 0.217494 0.217494 0.217494
4540 2.421134 2.421134 2.421134 0.217494 0.217494 0.217494
4550 2.421134 2.421134 2.421134 0.217494 0.217494 0.217494
4560 2.421134 2.421134 2.421134 0.217494 0.217494 0.217494
4570 2.421134 2.421134 2.421134 0.217494 0.217494 0.217494
4580 2.421134 2.421134 2.421134 0.217494 0.217494 0.217494
4590 2.421134 2.421134 2.421134 0.217494 0.217494 0.217494
4600 2.421134 2.421134 2.421134 0.217494 0.217494 0.217494
4610 2.421134 2.421134 2.421134 0.217494 0.217494 0.217494
4620 2.421134 2.421134 2.421134 0.217494 0.217494 0.217494
4630 2.421134 2.421134 2.421134 0.217494 0.217494 0.217494
4640 2.421134 2.421134 2.421134 0.217494 0.217494 0.217494
4650 2.421134 2.421134 2.421134 0.217494 0.217494 0.217494
4660 2.421134 2.421134 2.421134 0.217494 0.217494 0.217494
4670 2.421134 2.421134 2.421134 0.217494 0.217494 0.217494
4680 2.421134 2.421134 2.421134 0.217494 0.217494 0.217494
4690 2.421134 2.421134 2.421134 0.217494 0.217494 0.217494
4700 2.421134 2.421134 2.421134 0.217494 0.217494 0.217494
4710 2.421134 2.421134 2.421134 0.217494 0.217494 0.217494
4720 2.421134 2.421134 2.421134 0.217494 0.217494 0.217494
4730 2.421134 2.421134 2.421134 0.217494 0.217494 0.217494
4740 2.421134 2.421134 2.421134 0.217494 0.217494 0.217494
4750 2.421134 2.421134 2.421134 0.217494 0.217494 0.217494
4760 2.421134 2.421134 2.421134 0.217494 0.217494 0.217494
4770 2.421134 2.421134 2.421134 0.217494 0.217494 0.217494
4780 2.421134 2.421134 2.421134 0.217494 0.217494 0.217494
4790 2.421134 2.421134 2.421134 0.217494 0.217494 0.217494
4800 2.421134 2.421134 2.421134 0.217494 0.217494 0.217494
4810 2.421134 2.421134 2.421134 0.217494 0.217494 0.217494
4820 2.421134 2.421134 2.421134 0.217494 0.217494 0.217494
4830 2.421134 2.421134 2.421134 0.217494 0.217494 0.217494
4840 2.421134 2.421134 2.421134 0.217494 0.217494 0.217494
4850 2.421134 2.421134 2.421134 0.217494 0.217494 0.217494
4860 2.421134 2.421134 2.421134 0.217494 0.217494 0.217494
4870 2.421134 2.421134 2.421134 0.217494 0.217494 0.217494
4880 2.421134 2.421134 2.421134 0.217494 0.217494 0.217494
4890 2.421134 2.421134 2.421134 0.217494 0.217494 0.217494
4900 2.421134 2.421134 2.421134 0.217494 0.217494 0.217494
4910 2.421134 2.421134 2.421134 0.217494 0.217494 0.217494
4920 2.421134 2.421134 2.421134 0.217494 0.217494 0.217494
4930 2.421134 2.421134 2.421134 0.217494 0.217494 0.217494
4940 2.421134 2.421134 2.421134 0.217494 0.217494 0.217494
4950 2.421134 2.421134 2.421134 0.217494 0.217494 0.217494
4960 2.421134 2.421134 2.421134 0.217494 0.217494 0.217494
4970 2.421134 2.421134 2.421134 0.217494 0.217494 0.217494
4980 2.421134 2.421134 2.421134 0.217494 0.217494 0.217494
4990 2.421134 2.421134 2.421134 0.217494 0.217494 0.217494
5000 2.421134 2.421134 2.421134 0.217494 0.217494 0.217494
5010 2.421134 2.421134 2.421134 0.217494 0.217494 0.217494
5020 2.421134 2.421134 2.421134 0.217494 0.217494 0.217494
5030 2.421134 2.421134 2.421134 0.217494 0.217494 0.217494
5040 2.421134 2.421134 2.421134 0.217494 0.217494 0.217494
5050 2.421134 2.421134 2.421134 0.217494 0.217494 0.217494
5060 2.421134 2.421134 2.421134 0.217494 0.217494 0.217494
5070 2.421134 2.421134 2.421134 0.217494 0.217494 0.217494
5080 2.421134 2.421134 2.421134 0.217494 0.217494 0.217494
5090 2.421134 2.421134 2.421134 0.217494 0.217494 0.217494
5100 2.421134 2.421134 2.421134 0.217494 0.217494 0.217494
5110 2.421134 2.421134 2.421134 0.217494 0.217494 0.217494
5120 2.421134 2.421134 2.421134 0.217494 0.217494 0.217494
5130 2.421134 2.421134 2.421134 0.217494 0.217494 0.217494
5140 2.421134 2.421134 2.421134 0.217494 0.217494 0.217494
5150 2.421134 2.421134 2.421134 0.217494 0.217494 0.217494
5160 2.421134 2.421134 2.421134 0.217494 0.217494 0.217494
5170 2.421134 2.421134 2.421134 0.217494 0.217494 0.217494
5180 2.421134 2.421134 2.421134 0.217494 0.217494 0.217494
5190 2.421134 2.421134 2.421134 0.217494 0.217494 0.217494
5200 2.421134 2.421134 2.421134 0.217494 0.217494 0.217494
5210 2.421134 2.421134 2.421134 0.217494 0.217494 0.217494
5220 2.421134 2.421134 2.421134 0.217494 0.217494 0.217494
5230 2.421134 2.421134 2.421134 0.217494 0.217494 0.217494
5240 2.421134 2.421134 2.421134 0.217494 0.217494 0.217494
5250 2.421134 2.421134 2.421134 0.217494 0.217494 0.217494
5260 2.421134 2.421134 2.421134 0.217494 0.217494 0.217494
5270 2.421134 2.421134 2.421134 0.217494 0.217494 0.217494
5280 2.421134 2.421134 2.421134 0.217494 0.217494 0.217494
5290 2.421134 2.421134 2.421134 0.217494 0.217494 0.217494
5300 2.421134 2.421134 2.421134 0.217494 0.217494 0.217494
5310 2.421134 2.421134 2.421134 0.217494 0.217494 0.217494
5320 2.421134 2.421134 2.421134 0.217494 0.217494 0.217494
5330 2.421134 2.421134 2.421134 0.217494 0.217494 0.217494
5340 2.421134 2.421134 2.421134 0.217494 0.217494 0.217494
5350 2.421134 2.421134 2.421134 0.217494 0.217494 0.217494
5360 2.421134 2.421134 2.421134 0.217494 0.217494 0.217494
5370 2.421134 2.421134 2.421134 0.217494 0.217494 0.217494
5380 2.421134 2.421134 2.421134 0.217494 0.217494 0.217494
5390 2.421134 2.421134 2.421134 0.217494 0.217494 0.217494
5400 2.421134 2.421134 2.421134 0.217494 0.217494 0.217494
5410 2.421134 2.421134 2.421134 0.217494 0.217494 0.217494
5420 2.421134 2.421134 2.421134 0.217494 0.217494 0.217494
5430 2.421134 2.421134 2.421134 0.217494 0.217494 0.217494
5440 2.421134 2.421134 2.421134 0.217494 0.217494 0.217494
5450 2.421134 2.421134 2.421134 0.217494 0.217494 0.217494
5460 2.421134 2.421134 2.421134 0.217494 0.217494 0.217494
5470 2.421134 2.421134 2.421134 0.217494 0.217494 0.217494
5480 2.421134 2.421134 2.421134 0.217494 0.217494 0.217494
5490 2.421134 2.421134 2.421134 0.217494 0.217494 0.217494
5500 2.421134 2.421134 2.421134 0.217494 0.217494 0.217494
5510 2.421134 2.421134 2.421134 0.217494 0.217494 0.217494
5520 2.421134 2.421134 2.421134 0.217494 0.217494 0.217494
5530 2.421134 2.421134 2.421134 0.217494 0.217494 0.217494
5540 2.421134 2.421134 2.421134 0.217494 0.217494 0.217494
5550 2.421134 2.421134 2.421134 0.217494 0.217494 0.217494
5560 2.421134 2.421134 2.421134 0.217494 0.217494 0.217494
5570 2.421134 2.421134 2.421134 0.217494 0.217494 0.217494
5580 2.421134 2.421134 2.421134 0.217494 0.217494 0.217494
5590 2.421134 2.421134 2.421134 0.217494 0.217494 0.217494
5600 2.421134 2.421134 2.421134 0.217494 0.217494 0.217494
5610 2.421134 2.421134 2.421134 0.217494 0.217494 0.217494
5620 2.421134 2.421134 2.421134 0.217494 0.217494 0.217494
5630 2.421134 2.421134 2.421134 0.217494 0.217494 0.217494
5640 2.421134 2.421134 2.421134 0.217494 0.217494 0.217494
5650 2.421134 2.421134 2.421134 0.217494 0.217494 0.217494
5660 2.421134 2.421134 2.421134 0.217494 0.217494 0.217494
5670 2.421134 2.421134 2.421134 0.217494 0.217494 0.217494
5680 2.421134 2.421134 2.421134 0.217494 0.217494 0.217494
5690 2.421134 2.421134 2.421134 0.217494 0.217494 0.217494
5700 2.421134 2.421134 2.421134 0.217494 0.217494 0.217494
5710 2.421134 2.421134 2.421134 0.217494 0.217494 0.217494
5720 2.421134 2.421134 2.421134 0.217494 0.217494 0.217494
5730 2.421134 2.421134 2.421134 0.217494 0.217494 0.217494
5740 2.421134 2.421134 2.421134 0.217494 0.217494 0.217494
5750 2.421134 2.421134 2.421134 0.217494 0.217494 0.217494
5760 2.421134 2.421134 2.421134 0.217494 0.217494 0.217494
5770 2.421134 2.421134 2.421134 0.217494 0.217494 0.217494
5780 2.421134 2.421134 2.421134 0.217494 0.217494 0.217494
5790 2.421134 2.421134 2.421134 0.217494 0.217494 0.217494
5800 2.421134 2.421134 2.421134 0.217494 0.217494 0.217494
5810 2.421134 2.421134 2.421134 0.217494 0.217494 0.217494
5820 2.421134 2.421134 2.421134 0.217494 0.217494 0.217494
5830 2.421134 2.421134 2.421134 0.217494 0.217494 0.217494
5840 2.421134 2.421134 2.421134 0.217494 0.217494 0.217494
5850 2.421134 2.421134 2.421134 0.217494 0.217494 0.217494
5860 2.421134 2.421134 2.421134 0.217494 0.217494 0.217494
5870 2.421134 2.421134 2.421134 0.217494 0.217494 0.217494
5880 2.421134 2.421134 2.421134 0.217494 0.217494 0.217494
5890 2.421134 2.421134 2.421134 0.217494 0.217494 0.217494
5900 2.421134 2.421134 2.421134 0.217494 0.217494 0.217494
5910 2.421134 2.421134 2.421134 0.217494 0.217494 0.217494
5920 2.421134 2.421134 2.421134 0.217494 0.217494 0.217494
5930 2.421134 2.421134 2.421134 0.217494 0.217494 0.217494
5940 2.421134 2.421134 2.421134 0.217494 0.217494 0.217494
5950 2.421134 2.421134 2.421134 0.217494 0.217494 0.217494
5960 2.421134 2.421134 2.421134 0.217494 0.217494 0.217494
5970 2.421134 2.421134 2.421134 0.217494 0.217494 0.217494
5980 2.421134 2.421134 2.421134 0.217494 0.217494 0.217494
5990 2.421134 2.421134 2.421134 0.217494 0.217494 0.217494
6000 2.421134 2.421134 2.421134 0.217494 0.217494 0.217494
6010 2.421134 2.421134 2.421134 0.217494 0.217494 0.217494
6020 2.421134 2.421134 2.421134 0.217494 0.217494 0.217494
6030 2.421134 2.421134 2.421134 0.217494 0.217494 0.217494
6040 2.421134 2.421134 2.421134 0.217494 0.217494 0.217494
6050 2.421134 2.421134 2.421134 0.217494 0.217494 0.217494
6060 2.421134 2.421134 2.421134 0.217494 0.217494 0.217494
6070 2.421134 2.421134 2.421134 0.217494 0.217494 0.217494
6080 2.421134 2.421134 2.421134 0.217494 0.217494 0.217494
6090 2.421134 2.421134 2.421134 0.217494 0.217494 0.217494
6100 2.421134 2.421134 2.421134 0.217494 0.217494 0.217494
6110 2.421134 2.421134 2.421134 0.217494 0.217494 0.217494
6120 2.421134 2.421134 2.421134 0.217494 0.217494 0.217494
6130 2.421134 2.421134 2.421134 0.217494 0.217494 0.217494
6140 2.421134 2.421134 2.421134 0.217494 0.217494 0.217494
6150 2.421134 2.421134 2.421134 0.217494 0.217494 0.217494
6160 2.421134 2.421134 2.421134 0.217494 0.217494 0.217494
6170 2.421134 2.421134 2.421134 0.217494 0.217494 0.217494
6180 2.421134 2.421134 2.421134 0.217494 0.217494 0.217494
6190 2.421134 2.421134 2.421134 0.217494 0.217494 0.217494
6200 2.421134 2.421134 2.421134 0.217494 0.217494 0.217494
6210 2.421134 2.421134 2.421134 0.217494 0.217494 0.217494
6220 2.421134 2.421134 2.421134 0.217494 0.217494 0.217494
6230 2.421134 2.421134 2.421134 0.217494 0.217494 0.217494
6240 2.421134 2.421134 2.421134 0.217494 0.217494 0.217494
6250 2.421134 2.421134 2.421134 0.217494 0.217494 0.217494
6260 2.421134 2.421134 2.421134 0.217494 0.217494 0.217494
6270 2.421134 2.421134 2.421134 0.217494 0.217494 0.217494
6280 2.421134 2.421134 2.421134 0.217494 0.217494 0.217494
6290 2.421134 2.421134 2.421134 0.217494 0.217494 0.217494
6300 2.421134 2.421134 2.421134 0.217494 0.217494 0.217494
6310 2.421134 2.421134 2.421134 0.217494 0.217494 0.217494
6320 2.421134 2.421134 2.421134 0.217494 0.217494 0.217494
6330 2.421134 2.421134 2.421134 0.217494 0.217494 0.217494
6340 2.421134 2.421134 2.421134 0.217494 0.217494 0.217494
6350 2.421134 2.421134 2.421134 0.217494 0.217494 0.217494
6360 2.421134 2.421134 2.421134 0.217494 0.217494 0.217494
6370 2.421134 2.421134 2.421134 0.217494 0.217494 0.217494
6380 2.421134 2.421134 2.421134 0.217494 0.217494 0.217494
6390 2.421134 2.421134 2.421134 0.217494 0.217494 0.217494
6400 2.421134 2.421134 2.421134 0.217494 0.217494 0.217494
6410 2.421134 2.421134 2.421134 0.217494 0.217494 0.217494
6420 2.421134 2.421134 2.421134 0.217494 0.217494 0.217494
6430 2.421134 2.421134 2.421134 0.217494 0.217494 0.217494
6440 2.421134 2.421134 2.421134 0.217494 0.217494 0.217494
6450 2.421134 2.421134 2.421134 0.217494 0.217494 0.217494
6460 2.421134 2.421134 2.421134 0.217494 0.217494 0.217494
6470 2.421134 2.421134 2.421134 0.217494 0.217494 0.217494
6480 2.421134 2.421134 2.421134 0.217494 0.217494 0.217494
6490 2.421134 2.421134 2.421134 0.217494 0.217494 0.217494
6500 2.421134 2.421134 2.421134 0.217494 0.217494 0.217494
6510 2.421134 2.421134 2.421134 0.217494 0.217494 0.217494
6520 2.421134 2.421134 2.421134 0.217494 0.217494 0.217494
6530 2.421134 2.421134 2.421134 0.217494 0.217494 0.217494
6540 2.421134 2.421134 2.421134 0.217494 0.217494 0.217494
6550 2.421134 2.421134 2.421134 0.217494 0.217494 0.217494
6560 2.421134 2.421134 2.421134 0.217494 0.217494 0.217494
6570 2.421134 2.421134 2.421134 0.217494 0.217494 0.217494
6580 2.421134 2.421134 2.421134 0.217494 0.217494 0.217494
6590 2.421134 2.421134 2.421134 0.217494 0.217494 0.217494
6600 2.421134 2.421134 2.421134 0.217494 0.217494 0.217494
6610 2.421134 2.421134 2.421134 0.217494 0.217494 0.217494
6620 2.421134 2.421134 2.421134 0.217494 0.217494 0.217494
6630 2.421134 2.421134 2.421134 0.217494 0.217494 0.217494
6640 2.421134 2.421134 2.421134 0.217494 0.217494 0.217494
6650 2.421134 2.421134 2.421134 0.217494 0.217494 0.217494
6660 2.421134 2.421134 2.421134 0.217494 0.217494 0.217494
6670 2.421134 2.421134 2.421134 0.217494 0.217494 0.217494
6680 2.421134 2.421134 2.421134 0.217494 0.217494 0.217494
6690 2.421134 2.421134 2.421134 0.217494 0.217494 0.217494
6700 2.421134 2.421134 2.421134 0.217494 0.217494 0.217494
6710 2.421134 2.421134 2.421134 0.217494 0.217494 0.217494
6720 2.421134 2.421134 2.421134 0.217494 0.217494 0.217494
6730 2.421134 2.421134 2.421134 0.217494 0.217494 0.217494
6740 2.421134 2.421134 2.421134 0.217494 0.217494 0.217494
6750 2.421134 2.421134 2.421134 0.217494 0.217494 0.217494
6760 2.421134 2.421134 2.421134 0.217494 0.217494 0.217494
6770 2.421134 2.421134 2.421134 0.217494 0.217494 0.217494
6780 2.421134 2.421134 2.421134 0.217494 0.217494 0.217494
6790 2.421134 2.421134 2.421134 0.217494 0.217494 0.217494
6800 2.421134 2.421134 2.421134 0.217494 0.217494 0.217494
6810 2.421134 2.421134 2.421134 0.217494 0.217494 0.217494
6820 2.421134 2.421134 2.421134 0.217494 0.217494 0.217494
6830 2.421134 2.421134 2.421134 0.217494 0.217494 0.217494
6840 2.421134 2.421134 2.421134 0.217494 0.217494 0.217494
6850 2.421134 2.421134 2.421134 0.217494 0.217494 0.217494
6860 2.421134 2.421134 2.421134 0.217494 0.217494 0.217494
6870 2.421134 2.421134 2.421134 0.217494 0.217494 0.217494
6880 2.421134 2.421134 2.421134 0.217494 0.217494 0.217494
6890 2.421134 2.421134 2.421134 0.217494 0.217494 0.217494
6900 2.421134 2.421134 2.421134 0.217494 0.217494 0.217494
6910 2.421134 2.421134 2.421134 0.217494 0.217494 0.217494
6920 2.421134 2.421134 2.421134 0.217494 0.217494 0.217494
6930 2.421134 2.421134 2.421134 0.217494 0.217494 0.217494
6940 2.421134 2.421134 2.421134 0.217494 0.217494 0.217494
6950 2.421134 2.421134 2.421134 0.217494 0.217494 0.217494
6960 2.421134 2.421134 2.421134 0.217494 0.217494 0.217494
6970 2.421134 2.421134 2.421134 0.217494 0.217494 0.217494
6980 2.421134 2.421134 2.421134 0.217494 0.217494 0.217494
6990 2.421134 2.421134 2.421134 0.217494 0.217494 0.217494
7000 2.421134 2.421134 2.421134 0.217494 0.217494 0.217494
7010 2.421134 2.421134 2.421134 0.217494 0.217494 0.217494
7020 2.421134 2.421134 2.421134 0.217494 0.217494 0.217494
7030 2.421134 2.421134 2.421134 0.217494 0.217494 0.217494
7040 2.421134 2.421134 2.421134 0.217494 0.217494 0.217494
7050 2.421134 2.421134 2.421134 0.217494 0.217494 0.217494
7060 2.421134 2.421134 2.421134 0.217494 0.217494 0.217494
7070 2.421134 2.421134 2.421134 0.217494 0.217494 0.217494
7080 2.421134 2.421134 2.421134 0.217494 0.217494 0.217494
7090 2.421134 2.421134 2.421134 0.217494 0.217494 0.217494
7100 2.421134 2.421134 2.421134 0.217494 0.217494 0.217494
7110 2.421134 2.421134 2.421134 0.217494 0.217494 0.217494
7120 2.421134 2.421134 2.421134 0.217494 0.217494 0.217494
7130 2.421134 2.421134 2.421134 0.217494 0.217494 0.217494
7140 2.421134 2.421134 2.421134 0.217494 0.217494 0.217494
7150 2.421134 2.421134 2.421134 0.217494 0.217494 0.217494
7160 2.421134 2.421134 2.421134 0.217494 0.217494 0.217494
7170 2.421134 2.421134 2.421134 0.217494 0.217494 0.217494
7180 2.421134 2.421134 2.421134 0.217494 0.217494 0.217494
7190 2.421134 2.421134 2.421134 0.217494 0.217494 0.217494
7200 2.421134 2.421134 2.421134 0.217494 0.217494 0.217494
7210 2.421134 2.421134 2.421134 0.217494 0.217494 0.217494
7220 2.421134 2.421134 2.421134 0.217494 0.217494 0.217494
7230 2.421134 2.421134 2.421134 0.217494 0.217494 0.217494
7240 2.421134 2.421134 2.421134 0.217494 0.217494 0.217494
7250 2.421134 2.421134 2.421134 0.217494 0.217494 0.217494
7260 2.421134 2.421134 2.421134 0.217494 0.217494 0.217494
7270 2.421134 2.421134 2.421134 0.217494 0.217494 0.217494
7280 2.421134 2.421134 2.421134 0.217494 0.217494 0.217494
7290 2.421134 2.421134 2.421134 0.217494 0.217494 0.217494
7300 2.421134 2.421134 2.421134 0.217494 0.217494 0.217494
7310 2.421134 2.421134 2.421134 0.217494 0.217494 0.217494
7320 2.421134 2.421134 2.421134 0.217494 0.217494 0.217494
7330 2.421134 2.421134 2.421134 0.217494 0.217494 0.217494
7340 2.421134 2.421134 2.421134 0.217494 0.217494 0.217494
7350 2.421134 2.421134 2.421134 0.217494 0.217494 0.217494
7360 2.421134 2.421134 2.421134 0.217494 0.217494 0.217494
7370 2.421134 2.421134 2.421134 0.217494 0.217494 0.217494
7380 2.421134 2.421134 2.421134 0.217494 0.217494 0.217494
7390 2.421134 2.421134 2.421134 0.217494 0.217494 0.217494
7400 2.421134 2.421134 2.421134 0.217494 0.217494 0.217494
7410 2.421134 2.421134 2.421134 0.217494 0.217494 0.217494
7420 2.421134 2.421134 2.421134 0.217494 0.217494 0.217494
7430 2.421134 2.421134 2.421134 0.217494 0.217494 0.217494
7440 2.421134 2.421134 2.421134 0.217494 0.217494 0.217494
7450 2.421134 2.421134 2.421134 0.217494 0.217494 0.217494
7460 2.421134 2.421134 2.421134 0.217494 0.217494 0.217494
7470 2.421134 2.421134 2.421134 0.217494 0.217494 0.217494
7480 2.421134 2.421134 2.421134 0.217494 0.217494 0.217494
7490 2.421134 2.421134 2.421134 0.217494 0.217494 0.217494
7500 2.421134 2.421134 2.421134 0.217494 0.217494 0.217494
7510 2.421134 2.421134 2.421134 0.217494 0.217494 0.217494
7520 2.421134 2.421134 2.421134 0.217494 0.217494 0.217494
7530 2.421134 2.421134 2.421134 0.217494 0.217494 0.217494
7540 2.421134 2.421134 2.421134 0.217494 0.217494 0.217494
7550 2.421134 2.421134 2.421134 0.217494 0.217494 0.217494
7560 2.421134 2.421134 2.421134 0.217494 0.217494 0.217494
7570 2.421134 2.421134 2.421134 0.217494 0.217494 0.217494
7580 2.421134 2.421134 2.421134 0.217494 0.217494 0.217494
7590 2.421134 2.421134 2.421134 0.217494 0.217494 0.217494
7600 2.421134 2.421134 2.421134 0.217494 0.217494 0.217494
7610 2.421134 2.421134 2.421134 0.217494 0.217494 0.217494
7620 2.421134 2.421134 2.421134 0.217494 0.217494 0.217494
7630 2.421134 2.421134 2.421134 0.217494 0.217494 0.217494
7640 2.421134 2.421134 2.421134 0.217494 0.217494 0.217494
7650 2.421134 2.421134 2.421134 0.217494 0.217494 0.217494
7660 2.421134 2.421134 2.421134 0.217494 0.217494 0.217494
7670 2.421134 2.421134 2.421134 0.217494 0.217494 0.217494
7680 2.421134 2.421134 2.421134 0.217494 0.217494 0.217494
7690 2.421134 2.421134 2.421134 0.217494 0.217494 0.217494
7700 2.421134 2.421134 2.421134 0.217494 0.217494 0.217494
7710 2.421134 2.421134 2.421134 0.217494 0.217494 0.217494
7720 2.421134 2.421134 2.421134 0.217494 0.217494 0.217494
7730 2.421134 2.421134 2.421134 0.217494 0.217494 0.217494
7740 2.421134 2.421134 2.421134 0.217494 0.217494 0.217494
7750 2.421134 2.421134 2.421134 0.217494 0.217494 0.217494
7760 2.421134 2.421134 2.421134 0.217494 0.217494 0.217494
7770 2.421134 2.421134 2.421134 0.217494 0.217494 0.217494
7780 2.421134 2.421134 2.421134 0.217494 0.217494 0.217494
7790 2.421134 2.421134 2.421134 0.217494 0.217494 0.217494
7800 2.421134 2.421134 2.421134 0.217494 0.217494 0.217494
7810 2.421134 2.421134 2.421134 0.217494 0.217494 0.217494
7820 2.421134 2.421134 2.421134 0.217494 0.217494 0.217494
7830 2.421134 2.421134 2.421134 0.217494 0.217494 0.217494
7840 2.421134 2.421134 2.421134 0.217494 0.217494 0.217494
7850 2.421134 2.421134 2.421134 0.217494 0.217494 0.217494
7860 2.421134 2.421134 2.421134 0.217494 0.217494 0.217494
7870 2.421134 2.421134 2.421134 0.217494 0.217494 0.217494
7880 2.421134 2.421134 2.421134 0.217494 0.217494 0.217494
7890 2.421134 2.421134 2.421134 0.217494 0.217494 0.217494
7900 2.421134 2.421134 2.421134 0.217494 0.217494 0.217494
7910 2.421134 2.421134 2.421134 0.217494 0.217494 0.217494
7920 2.421134 2.421134 2.421134 0.217494 0.217494 0.217494
7930 2.421134 2.421134 2.421134 0.217494 0.217494 0.217494
7940 2.421134 2.421134 2.421134 0.217494 0.217494 0.217494
7950 2.421134 2.421134 2.421134 0.217494 0.217494 0.217494
7960 2.421134 2.421134 2.421134 0.217494 0.217494 0.217494
7970 2.421134 2.421134 2.421134 0.217494 0.217494 0.217494
7980 2.421134 2.421134 2.421134 0.217494 0.217494 0.217494
7990 2.421134 2.421134 2.421134 0.217494 0.217494 0.217494
8000 2.421134 2.421134 2.421134 0.217494 0.217494 0.217494
8010 2.421134 2.421134 2.421134 0.217494 0.217494 0.217494
8020 2.421134 2.421134 2.421134 0.217494 0.217494 0.217494
8030 2.421134 2.421134 2.421134 0.217494 0.217494 0.217494
8040 2.421134 2.421134 2.421134 0.217494 0.217494 0.217494
8050 2.421134 2.421134 2.421134 0.217494 0.217494 0.217494
8060 2.421134 2.421134 2.421134 0.217494 0.217494 0.217494
8070 2.421134 2.421134 2.421134 0.217494 0.217494 0.217494
8080 2.421134 2.421134 2.421134 0.217494 0.217494 0.217494
8090 2.421134 2.421134 2.421134 0.217494 0.217494 0.217494
8100 2.421134 2.421134 2.421134 0.217494 0.217494 0.217494
8110 2.421134 2.421134 2.421134 0.217494 0.217494 0.217494
8120 2.421134 2.421134 2.421134 0.217494 0.217494 0.217494
8130 2.421134 2.421134 2.421134 0.217494 0.217494 0.217494
8140 2.421134 2.421134 2.421134 0.217494 0.217494 0.217494
8150 2.421134 2.421134 2.421134 0.217494 0.217494 0.217494
8160 2.421134 2.421134 2.421134 0.217494 0.217494 0.217494
8170 2.421134 2.421134 2.421134 0.217494 0.217494 0.217494
8180 2.421134 2.421134 2.421134 0.217494 0.217494 0.217494
8190 2.421134 2.421134 2.421134 0.217494 0.217494 0.217494
8200 2.421134 2.421134 2.421134 0.217494 0.217494 0.217494
8210 2.421134 2.421134 2.421134 0.217494 0.217494 0.217494
8220 2.421134 2.421134 2.421134 0.217494 0.217494 0.217494
8230 2.421134 2.421134 2.421134 0.217494 0.217494 0.217494
8240 2.421134 2.421134 2.421134 0.217494 0.217494 0.217494
8250 2.421134 2.421134 2.421134 0.217494 0.217494 0.217494
8260 2.421134 2.421134 2.421134 0.217494 0.217494 0.217494
8270 2.421134 2.421134 2.421134 0.217494 0.217494 0.217494
8280 2.421134 2.421134 2.421134 0.217494 0.217494 0.217494
8290 2.421134 2.421134 2.421134 0.217494 0.217494 0.217494
8300 2.421134 2.421134 2.421134 0.217494 0.217494 0.217494
8310 2.421134 2.421134 2.421134 0.217494 0.217494 0.217494
8320 2.421134 2.421134 2.421134 0.217494 0.217494 0.217494
8330 2.421134 2.421134 2.421134 0.217494 0.217494 0.217494
8340 2.421134 2.421134 2.421134 0.217494 0.217494 0.217494
8350 2.421134 2.421134 2.421134 0.217494 0.217494 0.217494
8360 2.421134 2.421134 2.421134 0.217494 0.217494 0.217494
8370 2.421134 2.421134 2.421134 0.217494 0.217494 0.217494
8380 2.421134 2.421134 2.421134 0.217494 0.217494 0.217494
8390 2.421134 2.421134 2.421134 0.217494 0.217494 0.217494
8400 2.421134 2.421134 2.421134 0.217494 0.217494 0.217494
8410 2.421134 2.421134 2.421134 0.217494 0.217494 0.217494
8420 2.421134 2.421134 2.421134 0.217494 0.217494 0.217494
8430 2.421134 2.421134 2.421134 0.217494 0.217494 0.217494
8440 2.421134 2.421134 2.421134 0.217494 0.217494 0.217494
8450 2.421134 2.421134 2.421134 0.217494 0.217494 0.217494
8460 2.421134 2.421134 2.421134 0.217494 0.217494 0.217494
8470 2.421134 2.421134 2.421134 0.217494 0.217494 0.217494
8480 2.421134 2.421134 2.421134 0.217494 0.217494 0.217494
8490 2.421134 2.421134 2.421134 0.217494 0.217494 0.217494
8500 2.421134 2.421134 2.421134 0.217494 0.217494 0.217494
8510 2.421134 2.421134 2.421134 0.217494 0.217494 0.217494
8520 2.421134 2.421134 2.421134 0.217494 0.217494 0.217494
8530 2.421134 2.421134 2.421134 0.217494 0.217494 0.217494
8540 2.421134 2.421134 2.421134 0.217494 0.217494 0.217494
8550 2.421134 2.421134 2.421134 0.217494 0.217494 0.217494
8560 2.421134 2.421134 2.421134 0.217494 0.217494 0.217494
8570 2.421134 2.421134 2.421134 0.217494 0.217494 0.217494
8580 2.421134 2.421134 2.421134 0.217494 0.217494 0.217494
8590 2.421134 2.421134 2.421134 0.217494 0.217494 0.217494
8600 2.421134 2.421134 2.421134 0.217494 0.217494 0.217494
8610 2.421134 2.421134 2.421134 0.217494 0.217494 0.217494
8620 2.421134 2.421134 2.421134 0.217494 0.217494 0.217494
8630 2.421134 2.421134 2.421134 0.217494 0.217494 0.217494
8640 2.421134 2.421134 2.421134 0.217494 0.217494 0.217494
8650 2.421134 2.421134 2.421134 0.217494 0.217494 0.217494
8660 2.421134 2.421134 2.421134 0.217494 0.217494 0.217494
8670 2.421134 2.421134 2.421134 0.217494 0.217494 0.217494
8680 2.421134 2.421134 2.421134 0.217494 0.217494 0.217494
8690 2.421134 2.421134 2.421134 0.217494 0.217494 0.217494
8700 2.421134 2.421134 2.421134 0.217494 0.217494 0.217494
8710 2.421134 2.421134 2.421134 0.217494 0.217494 0.217494
8720 2.421134 2.421134 2.421134 0.217494 0.217494 0.217494
8730 2.421134 2.421134 2.421134 0.217494 0.217494 0.217494
8740 2.421134 2.421134 2.421134 0.217494 0.217494 0.217494
8750 2.421134 2.421134 2.421134 0.217494 0.217494 0.217494
8760 2.421134 2.421134 2.421134 0.217494 0.217494 0.217494
8770 2.421134 2.421134 2.421134 0.217494 0.217494 0.217494
8780 2.421134 2.421134 2.421134 0.217494 0.217494 0.217494
8790 2.421134 2.421134 2.421134 0.217494 0.217494 0.217494
8800 2.421134 2.421134 2.421134 0.217494 0.217494 0.217494
8810 2.421134 2.421134 2.421134 0.217494 0.217494 0.217494
8820 2.421134 2.421134 2.421134 0.217494 0.217494 0.217494
8830 2.421134 2.421134 2.421134 0.217494 0.217494 0.217494
8840 2.421134 2.421134 2.421134 0.217494 0.217494 0.217494
8850 2.421134 2.421134 2.421134 0.217494 0.217494 0.217494
8860 2.421134 2.421134 2.421134 0.217494 0.217494 0.217494
8870 2.421134 2.421134 2.421134 0.217494 0.217494 0.217494
8880 2.421134 2.421134 2.421134 0.217494 0.217494 0.217494
8890 2.421134 2.421134 2.421134 0.217494 0.217494 0.217494
8900 2.421134 2.421134 2.421134 0.217494 0.217494 0.217494
8910 2.421134 2.421134 2.421134 0.217494 0.217494 0.217494
8920 2.421134 2.421134 2.421134 0.217494 0.217494 0.217494
8930 2.421134 2.421134 2.421134 0.217494 0.217494 0.217494
8940 2.421134 2.421134 2.421134 0.217494 0.217494 0.217494
8950 2.421134 2.421134 2.421134 0.217494 0.217494 0.217494
8960 2.421134 2.421134 2.421134 0.217494 0.217494 0.217494
8970 2.421134 2.421134 2.421134 0.217494 0.217494 0.217494
8980 2.421134 2.421134 2.421134 0.217494 0.217494 0.217494
8990 2.421134 2.421134 2.421134 0.217494 0.217494 0.217494
9000 2.421134 2.421134 2.421134 0.217494 0.217494 0.217494
9010 2.421134 2.421134 2.421134 0.217494 0.217494 0.217494
9020 2.421134 2.421134 2.421134 0.217494 0.217494 0.217494
9030 2.421134 2.421134 2.421134 0.217494 0.217494 0.217494
9040 2.421134 2.421134 2.421134 0.217494 0.217494 0.217494
9050 2.421134 2.421134 2.421134 0.217494 0.217494 0.217494
9060 2.421134 2.421134 2.421134 0.217494 0.217494 0.217494
9070 2.421134 2.421134 2.421134 0.217494 0.217494 0.217494
9080 2.421134 2.421134 2.421134 0.217494 0.217494 0.217494
9090 2.421134 2.421134 2.421134 0.217494 0.217494 0.217494
9100 2.421134 2.421134 2.421134 0.217494 0.217494 0.217494
9110 2.421134 2.421134 2.421134 0.217494 0.217494 0.217494
9120 2.421134 2.421134 2.421134 0.217494 0.217494 0.217494
9130 2.421134 2.421134 2.421134 0.217494 0.217494 0.217494
9140 2.421134 2.421134 2.421134 0.217494 0.217494 0.217494
9150 2.421134 2.421134 2.421134 0.217494 0.217494 0.217494
9160 2.421134 2.421134 2.421134 0.217494 0.217494 0.217494
9170 2.421134 2.421134 2.421134 0.217494 0.217494 0.217494
9180 2.421134 2.421134 2.421134 0.217494 0.217494 0.217494
9190 2.421134 2.421134 2.421134 0.217494 0.217494 0.217494
9200 2.421134 2.421134 2.421134 0.217494 0.217494 0.217494
9210 2.421134 2.421134 2.421134 0.217494 0.217494 0.217494
9220 2.421134 2.421134 2.421134 0.217494 0.217494 0.217494
9230 2.421134 2.421134 2.421134 0.217494 0.217494 0.217494
9240 2.421134 2.421134 2.421134 0.217494 0.217494 0.217494
9250 2.421134 2.421134 2.421134 0.217494 0.217494 0.217494
9260 2.421134 2.421134 2.421134 0.217494 0.217494 0.217494
9270 2.421134 2.421134 2.421134 0.217494 0.217494 0.217494
9280 2.421134 2.421134 2.421134 0.217494 0.217494 0.217494
9290 2.421134 2.421134 2.421134 0.217494 0.217494 0.217494
9300 2.421134 2.421134 2.421134 0.217494 0.217494 0.217494
9310 2.421134 2.421134 2.421134 0.217494 0.217494 0.217494
9320 2.421134 2.421134 2.421134 0.217494 0.217494 0.217494
9330 2.421134 2.421134 2.421134 0.217494 0.217494 0.217494
9340 2.421134 2.421134 2.421134 0.217494 0.217494 0.217494
9350 2.421134 2.421134 2.421134 0.217494 0.217494 0.217494
9360 2.421134 2.421134 2.421134 0.217494 0.217494 0.217494
9370 2.421134 2.421134 2.421134 0.217494 0.217494 0.217494
9380 2.421134 2.421134 2.421134 0.217494 0.217494 0.217494
9390 2.421134 2.421134 2.421134 0.217494 0.217494 0.217494
9400 2.421134 2.421134 2.421134 0.217494 0.217494 0.217494
9410 2.421134 2.421134 2.421134 0.217494 0.217494 0.217494
9420 2.421134 2.421134 2.421134 0.217494 0.217494 0.217494
9430 2.421134 2.421134 2.421134 0.217494 0.217494 0.217494
9440 2.421134 2.421134 2.421134 0.217494 0.217494 0.217494
9450 2.421134 2.421134 2.421134 0.217494 0.217494 0.217494
9460 2.421134 2.421134 2.421134 0.217494 0.217494 0.217494
9470 2.421134 2.421134 2.421134 0.217494 0.217494 0.217494
9480 2.421134 2.421134 2.421134 0.217494 0.217494 0.217494
9490 2.421134 2.421134 2.421134 0.217494 0.217494 0.217494
9500 2.421134 2.421134 2.421134 0.217494 0.217494 0.217494
9510 2.421134 2.421134 2.421134 0.217494 0.217494 0.217494
9520 2.421134 2.421134 2.421134 0.217494 0.217494 0.217494
9530 2.421134 2.421134 2.421134 0.217494 0.217494 0.217494
9540 2.421134 2.421134 2.421134 0.217494 0.217494 0.217494
9550 2.421134 2.421134 2.421134 0.217494 0.217494 0.217494
9560 2.421134 2.421134 2.421134 0.217494 0.217494 0.217494
9570 2.421134 2.421134 2.421134 0.217494 0.217494 0.217494
9580 2.421134 2.421134 2.421134 0.217494 0.217494 0.217494
9590 2.421134 2.421134 2.421134 0.217494 0.217494 0.217494
9600 2.421134 2.421134 2.421134 0.217494 0.217494 0.217494
9610 2.421134 2.421134 2.421134 0.217494 0.217494 0.217494
9620 2.421134 2.421134 2.421134 0.217494 0.217494 0.217494
9630 2.421134 2.421134 2.421134 0.217494 0.217494 0.217494
9640 2.421134 2.421134 2.421134 0.217494 0.217494 0.217494
9650 2.421134 2.421134 2.421134 0.217494 0.217494 0.217494
9660 2.421134 2.421134 2.421134 0.217494 0.217494 0.217494
9670 2.421134 2.421134 2.421134 0.217494 0.217494 0.217494
9680 2.421134 2.421134 2.421134 0.217494 0.217494 0.217494
9690 2.421134 2.421134 2.421134 0.217494 0.217494 0.217494
9700 2.421134 2.421134 2.421134 0.217494 0.217494 0.217494
9710 2.421134 2.421134 2.421134 0.217494 0.217494 0.217494
9720 2.421134 2.421134 2.421134 0.217494 0.217494 0.217494
9730 2.421134 2.421134 2.421134 0.217494 0.217494 0.217494
9740 2.421134 2.421134 2.421134 0.217494 0.217494 0.217494
9750 2.421134 2.421134 2.421134 0.217494 0.217494 0.217494
9760 2.421134 2.421134 2.421134 0.217494 0.217494 0.217494
9770 2.421134 2.421134 2.421134 0.217494 0.217494 0.217494
9780 2.421134 2.421134 2.421134 0.217494 0.217494 0.217494
9790 2.421134 2.421134 2.421134 0.217494 0.217494 0.217494
9800 2.421134 2.421134 2.421134 0.217494 0.217494 0.217494
9810 2.421134 2.421134 2.421134 0.217494 0.217494 0.217494
9820 2.421134 2.421134 2.421134 0.217494 0.217494 0.217494
9830 2.421134 2.421134 2.421134 0.217494 0.217494 0.217494
9840 2.421134 2.421134 2.421134 0.217494 0.217494 0.217494
9850 2.421134 2.421134 2.421134 0.217494 0.217494 0.217494
9860 2.421134 2.421134 2.421134 0.217494 0.217494 0.217494
9870 2.421134 2.421134 2.421134 0.217494 0.217494 0.217494
9880 2.421134 2.421134 2.421134 0.217494 0.217494 0.217494
9890 2.421134 2.421134 2.421134 0.217494 0.217494 0.217494
9900 2.421134 2.421134 2.421134 0.217494 0.217494 0.217494
9910 2.421134 2.421134 2.421134 0.217494 0.217494 0.217494
9920 2.421134 2.421134 2.421134 0.217494 0.217494 0.217494
9930 2.421134 2.421134 2.421134 0.217494 0.217494 0.217494
9940 2.421134 2.421134 2.421134 0.217494 0.217494 0.217494
9950 2.421134 2.421134 2.421134 0.217494 0.217494 0.217494
9960 2.421134 2.421134 2.421134 0.217494 0.217494 0.217494
9970 2.421134 2.421134 2.421134 0.217494 0.217494 0.217494
9980 2.421134 2.421134 2.421134 0.217494 0.217494 0.217494
9990 2.421134 2.421134 2.421134 0.217494 0.217494 0.217494
10000 2.434414 2.434414 2.434414 0.223555 0.223555 0.223555
