# generation power_min power_avg power_max util_min util_avg util_max
1 15.293422 16.328413 17.725153 0.213459 0.220779 0.226198
10 15.293422 16.176304 17.021317 0.216558 0.221590 0.226362
20 14.985633 16.026111 16.737428 0.217785 0.222353 0.227505
30 14.985633 15.914859 16.617533 0.218806 0.222982 0.228963
40 14.960207 15.798993 16.459923 0.219508 0.223569 0.228963
50 14.746596 15.676460 16.296114 0.220033 0.224194 0.230135
60 14.746596 15.570461 16.179705 0.220859 0.224757 0.230135
70 14.734089 15.452591 16.061627 0.221366 0.225370 0.230135
80 14.627991 15.342479 15.977291 0.222489 0.225961 0.230593
90 14.523696 15.233530 15.809227 0.222813 0.226552 0.230802
100 14.523696 15.145902 15.643709 0.222813 0.227036 0.230872
110 14.420387 15.052216 15.560611 0.223043 0.227529 0.230872
120 14.420387 14.966632 15.466090 0.224454 0.228016 0.231075
130 14.420387 14.884570 15.374644 0.224723 0.228471 0.231075
140 14.420387 14.813377 15.271381 0.225922 0.228874 0.231087
150 14.401416 14.750396 15.136439 0.226743 0.229206 0.231426
160 14.257287 14.689902 15.025656 0.226743 0.229511 0.231855
170 14.212128 14.637997 14.939950 0.226743 0.229788 0.231855
180 14.212128 14.589151 14.875384 0.227915 0.230025 0.231855
190 14.212128 14.543286 14.802686 0.228409 0.230225 0.231855
200 14.212128 14.507364 14.700177 0.228952 0.230334 0.231855
210 14.159619 14.471307 14.659681 0.229337 0.230486 0.232246
220 14.078258 14.435114 14.636262 0.229618 0.230631 0.232597
230 14.078258 14.405102 14.623492 0.229618 0.230685 0.232597
240 14.078258 14.372121 14.537244 0.229618 0.230760 0.232597
250 14.001037 14.345463 14.475097 0.229686 0.230867 0.233137
260 13.958858 14.321855 14.475097 0.229686 0.231031 0.233137
270 13.958858 14.296841 14.431146 0.230185 0.231189 0.233137
280 13.785588 14.265474 14.386634 0.230185 0.231365 0.234139
290 13.785588 14.240965 14.377420 0.230185 0.231524 0.234139
300 13.785588 14.204747 14.367305 0.230185 0.231789 0.234871
310 13.785588 14.171456 14.361623 0.230185 0.232021 0.234871
320 13.692604 14.135531 14.338162 0.230693 0.232278 0.234871
330 13.692604 14.097480 14.306409 0.231063 0.232509 0.234871
340 13.692604 14.058742 14.252442 0.231336 0.232719 0.234871
350 13.692604 14.026712 14.232343 0.231466 0.232882 0.234871
360 13.692091 13.990855 14.219611 0.231475 0.233047 0.234871
370 13.643400 13.948717 14.159619 0.231721 0.233273 0.234877
380 13.643400 13.915893 14.138084 0.231721 0.233423 0.234877
390 13.599449 13.879147 14.078258 0.232040 0.233661 0.235993
400 13.599449 13.846881 14.051752 0.232040 0.233800 0.235993
410 13.599449 13.815110 14.002956 0.232645 0.233994 0.235993
420 13.517115 13.787927 13.965252 0.232729 0.234130 0.235993
430 13.517115 13.761860 13.922726 0.232729 0.234304 0.235993
440 13.517115 13.733776 13.869255 0.233150 0.234445 0.235993
450 13.517115 13.711244 13.857145 0.233308 0.234586 0.235993
460 13.517115 13.686020 13.827593 0.233308 0.234703 0.235993
470 13.436267 13.662033 13.799736 0.233846 0.234796 0.235993
480 13.436267 13.637533 13.779113 0.233846 0.234911 0.235993
490 13.436267 13.616353 13.736393 0.234155 0.235032 0.235993
500 13.436267 13.598311 13.697752 0.234197 0.235112 0.235993
510 13.383396 13.580107 13.692091 0.234310 0.235202 0.236554
520 13.382423 13.561336 13.670539 0.234310 0.235307 0.236554
530 13.381732 13.544364 13.638309 0.234661 0.235386 0.236554
540 13.381732 13.533356 13.615765 0.234661 0.235399 0.236554
550 13.351752 13.520557 13.600084 0.234661 0.235465 0.236554
560 13.351752 13.508525 13.599449 0.234661 0.235530 0.236554
570 13.351752 13.496969 13.547095 0.235435 0.235598 0.236554
580 13.351752 13.487679 13.518088 0.235435 0.235653 0.236554
590 13.270904 13.473858 13.518088 0.235435 0.235736 0.236839
600 13.270904 13.465344 13.518088 0.235435 0.235785 0.236839
610 13.270904 13.453007 13.518088 0.235435 0.235854 0.236839
620 13.270904 13.440726 13.517115 0.235435 0.235926 0.236839
630 13.229707 13.420823 13.517115 0.235435 0.236042 0.237218
640 13.229707 13.401276 13.517115 0.235435 0.236162 0.237218
650 13.229707 13.379975 13.517115 0.235435 0.236291 0.237218
660 13.229707 13.359725 13.436267 0.235809 0.236396 0.237218
670 13.229707 13.343189 13.436267 0.235809 0.236499 0.237218
680 13.229707 13.327470 13.436267 0.235809 0.236599 0.237218
690 13.229707 13.310522 13.425577 0.236222 0.236706 0.237218
700 13.229707 13.297904 13.381732 0.236435 0.236749 0.237218
710 13.229707 13.286880 13.371397 0.236458 0.236787 0.237218
720 13.200700 13.276128 13.366420 0.236465 0.236829 0.237248
730 13.200700 13.268264 13.270904 0.236839 0.236859 0.237248
740 13.200700 13.267562 13.270904 0.236839 0.236863 0.237248
750 13.200700 13.265044 13.270904 0.236839 0.236879 0.237248
760 13.200700 13.264632 13.270904 0.236839 0.236883 0.237248
770 13.200700 13.264632 13.270904 0.236839 0.236883 0.237248
780 13.200700 13.262526 13.270904 0.236839 0.236895 0.237248
790 13.200700 13.261122 13.270904 0.236839 0.236903 0.237248
800 13.200700 13.258604 13.270904 0.236839 0.236919 0.237248
810 13.112238 13.253095 13.270904 0.236839 0.236952 0.237726
820 13.112238 13.247998 13.270904 0.236839 0.236982 0.237726
830 13.112238 13.241970 13.270904 0.236839 0.237018 0.237726
840 13.112238 13.236171 13.270904 0.236839 0.237052 0.237726
850 13.112238 13.228373 13.270904 0.236839 0.237098 0.237726
860 13.112238 13.220468 13.270904 0.236839 0.237143 0.237726
870 13.112238 13.211678 13.270904 0.236839 0.237194 0.237726
880 13.112238 13.203773 13.270904 0.236839 0.237239 0.237726
890 13.112238 13.194099 13.270904 0.236839 0.237295 0.237726
900 13.112238 13.186836 13.229707 0.237218 0.237324 0.237726
910 13.112238 13.182123 13.200700 0.237248 0.237348 0.237726
920 13.112238 13.174161 13.200700 0.237248 0.237391 0.237726
930 13.112238 13.169738 13.200700 0.237248 0.237415 0.237726
940 13.112238 13.160892 13.200700 0.237248 0.237463 0.237726
950 13.112238 13.152930 13.200700 0.237248 0.237506 0.237726
960 13.112238 13.144084 13.200700 0.237248 0.237554 0.237726
970 13.112238 13.136122 13.200700 0.237248 0.237597 0.237726
980 13.112238 13.127276 13.200700 0.237248 0.237645 0.237726
990 13.112238 13.118430 13.200700 0.237248 0.237693 0.237726
1000 13.112238 13.112238 13.112238 0.237726 0.237726 0.237726
1010 13.112238 13.112238 13.112238 0.237726 0.237726 0.237726
1020 13.112238 13.112238 13.112238 0.237726 0.237726 0.237726
1030 13.112238 13.112238 13.112238 0.237726 0.237726 0.237726
1040 13.112238 13.112238 13.112238 0.237726 0.237726 0.237726
1050 13.112238 13.112238 13.112238 0.237726 0.237726 0.237726
1060 13.112238 13.112238 13.112238 0.237726 0.237726 0.237726
1070 13.112238 13.112238 13.112238 0.237726 0.237726 0.237726
1080 13.112238 13.112238 13.112238 0.237726 0.237726 0.237726
1090 13.112238 13.112238 13.112238 0.237726 0.237726 0.237726
1100 13.112238 13.112238 13.112238 0.237726 0.237726 0.237726
1110 13.112238 13.112238 13.112238 0.237726 0.237726 0.237726
1120 13.112238 13.112238 13.112238 0.237726 0.237726 0.237726
1130 13.112238 13.112238 13.112238 0.237726 0.237726 0.237726
1140 13.112238 13.112238 13.112238 0.237726 0.237726 0.237726
1150 13.112238 13.112238 13.112238 0.237726 0.237726 0.237726
1160 13.112238 13.112238 13.112238 0.237726 0.237726 0.237726
1170 13.112238 13.112238 13.112238 0.237726 0.237726 0.237726
1180 13.112238 13.112238 13.112238 0.237726 0.237726 0.237726
1190 13.112238 13.112238 13.112238 0.237726 0.237726 0.237726
1200 13.112238 13.112238 13.112238 0.237726 0.237726 0.237726
1210 13.112238 13.112238 13.112238 0.237726 0.237726 0.237726
1220 13.112238 13.112238 13.112238 0.237726 0.237726 0.237726
1230 13.112238 13.112238 13.112238 0.237726 0.237726 0.237726
1240 13.112238 13.112238 13.112238 0.237726 0.237726 0.237726
1250 13.112238 13.112238 13.112238 0.237726 0.237726 0.237726
1260 13.112238 13.112238 13.112238 0.237726 0.237726 0.237726
1270 13.112238 13.112238 13.112238 0.237726 0.237726 0.237726
1280 13.112238 13.112238 13.112238 0.237726 0.237726 0.237726
1290 13.112238 13.112238 13.112238 0.237726 0.237726 0.237726
1300 13.112238 13.112238 13.112238 0.237726 0.237726 0.237726
1310 13.112238 13.112238 13.112238 0.237726 0.237726 0.237726
1320 13.112238 13.112238 13.112238 0.237726 0.237726 0.237726
1330 13.112238 13.112238 13.112238 0.237726 0.237726 0.237726
1340 13.112238 13.112238 13.112238 0.237726 0.237726 0.237726
1350 13.112238 13.112238 13.112238 0.237726 0.237726 0.237726
1360 13.112238 13.112238 13.112238 0.237726 0.237726 0.237726
1370 13.112238 13.112238 13.112238 0.237726 0.237726 0.237726
1380 13.112238 13.112238 13.112238 0.237726 0.237726 0.237726
1390 13.112238 13.112238 13.112238 0.237726 0.237726 0.237726
1400 13.112238 13.112238 13.112238 0.237726 0.237726 0.237726
1410 13.112238 13.112238 13.112238 0.237726 0.237726 0.237726
1420 13.112238 13.112238 13.112238 0.237726 0.237726 0.237726
1430 13.112238 13.112238 13.112238 0.237726 0.237726 0.237726
1440 13.112238 13.112238 13.112238 0.237726 0.237726 0.237726
1450 13.112238 13.112238 13.112238 0.237726 0.237726 0.237726
1460 13.112238 13.112238 13.112238 0.237726 0.237726 0.237726
1470 13.112238 13.112238 13.112238 0.237726 0.237726 0.237726
1480 13.112238 13.112238 13.112238 0.237726 0.237726 0.237726
1490 13.112238 13.112238 13.112238 0.237726 0.237726 0.237726
1500 13.112238 13.112238 13.112238 0.237726 0.237726 0.237726
1510 13.112238 13.112238 13.112238 0.237726 0.237726 0.237726
1520 13.112238 13.112238 13.112238 0.237726 0.237726 0.237726
1530 13.112238 13.112238 13.112238 0.237726 0.237726 0.237726
1540 13.112238 13.112238 13.112238 0.237726 0.237726 0.237726
1550 13.112238 13.112238 13.112238 0.237726 0.237726 0.237726
1560 13.112238 13.112238 13.112238 0.237726 0.237726 0.237726
1570 13.112238 13.112238 13.112238 0.237726 0.237726 0.237726
1580 13.112238 13.112238 13.112238 0.237726 0.237726 0.237726
1590 13.112238 13.112238 13.112238 0.237726 0.237726 0.237726
1600 13.112238 13.112238 13.112238 0.237726 0.237726 0.237726
1610 13.112238 13.112238 13.112238 0.237726 0.237726 0.237726
1620 13.112238 13.112238 13.112238 0.237726 0.237726 0.237726
1630 13.112238 13.112238 13.112238 0.237726 0.237726 0.237726
1640 13.112238 13.112238 13.112238 0.237726 0.237726 0.237726
1650 13.112238 13.112238 13.112238 0.237726 0.237726 0.237726
1660 13.112238 13.112238 13.112238 0.237726 0.237726 0.237726
1670 13.112238 13.112238 13.112238 0.237726 0.237726 0.237726
1680 13.112238 13.112238 13.112238 0.237726 0.237726 0.237726
1690 13.112238 13.112238 13.112238 0.237726 0.237726 0.237726
1700 13.112238 13.112238 13.112238 0.237726 0.237726 0.237726
1710 13.112238 13.112238 13.112238 0.237726 0.237726 0.237726
1720 13.112238 13.112238 13.112238 0.237726 0.237726 0.237726
1730 13.112238 13.112238 13.112238 0.237726 0.237726 0.237726
1740 13.112238 13.112238 13.112238 0.237726 0.237726 0.237726
1750 13.112238 13.112238 13.112238 0.237726 0.237726 0.237726
1760 13.112238 13.112238 13.112238 0.237726 0.237726 0.237726
1770 13.112238 13.112238 13.112238 0.237726 0.237726 0.237726
1780 13.112238 13.112238 13.112238 0.237726 0.237726 0.237726
1790 13.112238 13.112238 13.112238 0.237726 0.237726 0.237726
1800 13.112238 13.112238 13.112238 0.237726 0.237726 0.237726
1810 13.112238 13.112238 13.112238 0.237726 0.237726 0.237726
1820 13.112238 13.112238 13.112238 0.237726 0.237726 0.237726
1830 13.112238 13.112238 13.112238 0.237726 0.237726 0.237726
1840 13.112238 13.112238 13.112238 0.237726 0.237726 0.237726
1850 13.112238 13.112238 13.112238 0.237726 0.237726 0.237726
1860 13.112238 13.112238 13.112238 0.237726 0.237726 0.237726
1870 13.112238 13.112238 13.112238 0.237726 0.237726 0.237726
1880 13.112238 13.112238 13.112238 0.237726 0.237726 0.237726
1890 13.112238 13.112238 13.112238 0.237726 0.237726 0.237726
1900 13.112238 13.112238 13.112238 0.237726 0.237726 0.237726
1910 13.112238 13.112238 13.112238 0.237726 0.237726 0.237726
1920 13.112238 13.112238 13.112238 0.237726 0.237726 0.237726
1930 13.112238 13.112238 13.112238 0.237726 0.237726 0.237726
1940 13.112238 13.112238 13.112238 0.237726 0.237726 0.237726
1950 13.112238 13.112238 13.112238 0.237726 0.237726 0.237726
1960 13.112238 13.112238 13.112238 0.237726 0.237726 0.237726
1970 13.112238 13.112238 13.112238 0.237726 0.237726 0.237726
1980 13.112238 13.112238 13.112238 0.237726 0.237726 0.237726
1990 13.112238 13.112238 13.112238 0.237726 0.237726 0.237726
2000 13.112238 13.112238 13.112238 0.237726 0.237726 0.237726
2010 13.112238 13.112238 13.112238 0.237726 0.237726 0.237726
2020 13.112238 13.112238 13.112238 0.237726 0.237726 0.237726
2030 13.112238 13.112238 13.112238 0.237726 0.237726 0.237726
2040 13.112238 13.112238 13.112238 0.237726 0.237726 0.237726
2050 13.112238 13.112238 13.112238 0.237726 0.237726 0.237726
2060 13.112238 13.112238 13.112238 0.237726 0.237726 0.237726
2070 13.112238 13.112238 13.112238 0.237726 0.237726 0.237726
2080 13.112238 13.112238 13.112238 0.237726 0.237726 0.237726
2090 13.112238 13.112238 13.112238 0.237726 0.237726 0.237726
2100 13.112238 13.112238 13.112238 0.237726 0.237726 0.237726
2110 13.112238 13.112238 13.112238 0.237726 0.237726 0.237726
2120 13.112238 13.112238 13.112238 0.237726 0.237726 0.237726
2130 13.112238 13.112238 13.112238 0.237726 0.237726 0.237726
2140 13.112238 13.112238 13.112238 0.237726 0.237726 0.237726
2150 13.112238 13.112238 13.112238 0.237726 0.237726 0.237726
2160 13.112238 13.112238 13.112238 0.237726 0.237726 0.237726
2170 13.112238 13.112238 13.112238 0.237726 0.237726 0.237726
2180 13.112238 13.112238 13.112238 0.237726 0.237726 0.237726
2190 13.112238 13.112238 13.112238 0.237726 0.237726 0.237726
2200 13.112238 13.112238 13.112238 0.237726 0.237726 0.237726
2210 13.112238 13.112238 13.112238 0.237726 0.237726 0.237726
2220 13.112238 13.112238 13.112238 0.237726 0.237726 0.237726
2230 13.112238 13.112238 13.112238 0.237726 0.237726 0.237726
2240 13.112238 13.112238 13.112238 0.237726 0.237726 0.237726
2250 13.112238 13.112238 13.112238 0.237726 0.237726 0.237726
2260 13.112238 13.112238 13.112238 0.237726 0.237726 0.237726
2270 13.112238 13.112238 13.112238 0.237726 0.237726 0.237726
2280 13.112238 13.112238 13.112238 0.237726 0.237726 0.237726
2290 13.112238 13.112238 13.112238 0.237726 0.237726 0.237726
2300 13.112238 13.112238 13.112238 0.237726 0.237726 0.237726
2310 13.112238 13.112238 13.112238 0.237726 0.237726 0.237726
2320 13.112238 13.112238 13.112238 0.237726 0.237726 0.237726
2330 13.112238 13.112238 13.112238 0.237726 0.237726 0.237726
2340 13.112238 13.112238 13.112238 0.237726 0.237726 0.237726
2350 13.112238 13.112238 13.112238 0.237726 0.237726 0.237726
2360 13.112238 13.112238 13.112238 0.237726 0.237726 0.237726
2370 13.112238 13.112238 13.112238 0.237726 0.237726 0.237726
2380 13.112238 13.112238 13.112238 0.237726 0.237726 0.237726
2390 13.112238 13.112238 13.112238 0.237726 0.237726 0.237726
2400 13.112238 13.112238 13.112238 0.237726 0.237726 0.237726
2410 13.112238 13.112238 13.112238 0.237726 0.237726 0.237726
2420 13.112238 13.112238 13.112238 0.237726 0.237726 0.237726
2430 13.112238 13.112238 13.112238 0.237726 0.237726 0.237726
2440 13.112238 13.112238 13.112238 0.237726 0.237726 0.237726
2450 13.112238 13.112238 13.112238 0.237726 0.237726 0.237726
2460 13.112238 13.112238 13.112238 0.237726 0.237726 0.237726
2470 13.112238 13.112238 13.112238 0.237726 0.237726 0.237726
2480 13.112238 13.112238 13.112238 0.237726 0.237726 0.237726
2490 13.112238 13.112238 13.112238 0.237726 0.237726 0.237726
2500 13.112238 13.112238 13.112238 0.237726 0.237726 0.237726
2510 13.112238 13.112238 13.112238 0.237726 0.237726 0.237726
2520 13.112238 13.112238 13.112238 0.237726 0.237726 0.237726
2530 13.112238 13.112238 13.112238 0.237726 0.237726 0.237726
2540 13.112238 13.112238 13.112238 0.237726 0.237726 0.237726
2550 13.112238 13.112238 13.112238 0.237726 0.237726 0.237726
2560 13.112238 13.112238 13.112238 0.237726 0.237726 0.237726
2570 13.112238 13.112238 13.112238 0.237726 0.237726 0.237726
2580 13.112238 13.112238 13.112238 0.237726 0.237726 0.237726
2590 13.112238 13.112238 13.112238 0.237726 0.237726 0.237726
2600 13.112238 13.112238 13.112238 0.237726 0.237726 0.237726
2610 13.112238 13.112238 13.112238 0.237726 0.237726 0.237726
2620 13.112238 13.112238 13.112238 0.237726 0.237726 0.237726
2630 13.112238 13.112238 13.112238 0.237726 0.237726 0.237726
2640 13.112238 13.112238 13.112238 0.237726 0.237726 0.237726
2650 13.112238 13.112238 13.112238 0.237726 0.237726 0.237726
2660 13.112238 13.112238 13.112238 0.237726 0.237726 0.237726
2670 13.112238 13.112238 13.112238 0.237726 0.237726 0.237726
2680 13.112238 13.112238 13.112238 0.237726 0.237726 0.237726
2690 13.112238 13.112238 13.112238 0.237726 0.237726 0.237726
2700 13.112238 13.112238 13.112238 0.237726 0.237726 0.237726
2710 13.112238 13.112238 13.112238 0.237726 0.237726 0.237726
2720 13.112238 13.112238 13.112238 0.237726 0.237726 0.237726
2730 13.112238 13.112238 13.112238 0.237726 0.237726 0.237726
2740 13.112238 13.112238 13.112238 0.237726 0.237726 0.237726
2750 13.112238 13.112238 13.112238 0.237726 0.237726 0.237726
2760 13.112238 13.112238 13.112238 0.237726 0.237726 0.237726
2770 13.112238 13.112238 13.112238 0.237726 0.237726 0.237726
2780 13.112238 13.112238 13.112238 0.237726 0.237726 0.237726
2790 13.112238 13.112238 13.112238 0.237726 0.237726 0.237726
2800 13.112238 13.112238 13.112238 0.237726 0.237726 0.237726
2810 13.112238 13.112238 13.112238 0.237726 0.237726 0.237726
2820 13.112238 13.112238 13.112238 0.237726 0.237726 0.237726
2830 13.112238 13.112238 13.112238 0.237726 0.237726 0.237726
2840 13.112238 13.112238 13.112238 0.237726 0.237726 0.237726
2850 13.112238 13.112238 13.112238 0.237726 0.237726 0.237726
2860 13.112238 13.112238 13.112238 0.237726 0.237726 0.237726
2870 13.112238 13.112238 13.112238 0.237726 0.237726 0.237726
2880 13.112238 13.112238 13.112238 0.237726 0.237726 0.237726
2890 13.112238 13.112238 13.112238 0.237726 0.237726 0.237726
2900 13.112238 13.112238 13.112238 0.237726 0.237726 0.237726
2910 13.112238 13.112238 13.112238 0.237726 0.237726 0.237726
2920 13.112238 13.112238 13.112238 0.237726 0.237726 0.237726
2930 13.112238 13.112238 13.112238 0.237726 0.237726 0.237726
2940 13.112238 13.112238 13.112238 0.237726 0.237726 0.237726
2950 13.112238 13.112238 13.112238 0.237726 0.237726 0.237726
2960 13.112238 13.112238 13.112238 0.237726 0.237726 0.237726
2970 13.112238 13.112238 13.112238 0.237726 0.237726 0.237726
2980 13.112238 13.112238 13.112238 0.237726 0.237726 0.237726
2990 13.112238 13.112238 13.112238 0.237726 0.237726 0.237726
3000 13.112238 13.112238 13.112238 0.237726 0.237726 0.237726
3010 13.112238 13.112238 13.112238 0.237726 0.237726 0.237726
3020 13.112238 13.112238 13.112238 0.237726 0.237726 0.237726
3030 13.112238 13.112238 13.112238 0.237726 0.237726 0.237726
3040 13.112238 13.112238 13.112238 0.237726 0.237726 0.237726
3050 13.112238 13.112238 13.112238 0.237726 0.237726 0.237726
3060 13.112238 13.112238 13.112238 0.237726 0.237726 0.237726
3070 13.112238 13.112238 13.112238 0.237726 0.237726 0.237726
3080 13.112238 13.112238 13.112238 0.237726 0.237726 0.237726
3090 13.112238 13.112238 13.112238 0.237726 0.237726 0.237726
3100 13.112238 13.112238 13.112238 0.237726 0.237726 0.237726
3110 13.112238 13.112238 13.112238 0.237726 0.237726 0.237726
3120 13.112238 13.112238 13.112238 0.237726 0.237726 0.237726
3130 13.112238 13.112238 13.112238 0.237726 0.237726 0.237726
3140 13.112238 13.112238 13.112238 0.237726 0.237726 0.237726
3150 13.112238 13.112238 13.112238 0.237726 0.237726 0.237726
3160 13.112238 13.112238 13.112238 0.237726 0.237726 0.237726
3170 13.112238 13.112238 13.112238 0.237726 0.237726 0.237726
3180 13.112238 13.112238 13.112238 0.237726 0.237726 0.237726
3190 13.112238 13.112238 13.112238 0.237726 0.237726 0.237726
3200 13.112238 13.112238 13.112238 0.237726 0.237726 0.237726
3210 13.112238 13.112238 13.112238 0.237726 0.237726 0.237726
3220 13.112238 13.112238 13.112238 0.237726 0.237726 0.237726
3230 13.112238 13.112238 13.112238 0.237726 0.237726 0.237726
3240 13.112238 13.112238 13.112238 0.237726 0.237726 0.237726
3250 13.112238 13.112238 13.112238 0.237726 0.237726 0.237726
3260 13.112238 13.112238 13.112238 0.237726 0.237726 0.237726
3270 13.112238 13.112238 13.112238 0.237726 0.237726 0.237726
3280 13.112238 13.112238 13.112238 0.237726 0.237726 0.237726
3290 13.112238 13.112238 13.112238 0.237726 0.237726 0.237726
3300 13.112238 13.112238 13.112238 0.237726 0.237726 0.237726
3310 13.112238 13.112238 13.112238 0.237726 0.237726 0.237726
3320 13.112238 13.112238 13.112238 0.237726 0.237726 0.237726
3330 13.112238 13.112238 13.112238 0.237726 0.237726 0.237726
3340 13.112238 13.112238 13.112238 0.237726 0.237726 0.237726
3350 13.112238 13.112238 13.112238 0.237726 0.237726 0.237726
3360 13.112238 13.112238 13.112238 0.237726 0.237726 0.237726
3370 13.112238 13.112238 13.112238 0.237726 0.237726 0.237726
3380 13.112238 13.112238 13.112238 0.237726 0.237726 0.237726
3390 13.112238 13.112238 13.112238 0.237726 0.237726 0.237726
3400 13.112238 13.112238 13.112238 0.237726 0.237726 0.237726
3410 13.112238 13.112238 13.112238 0.237726 0.237726 0.237726
3420 13.112238 13.112238 13.112238 0.237726 0.237726 0.237726
3430 13.112238 13.112238 13.112238 0.237726 0.237726 0.237726
3440 13.112238 13.112238 13.112238 0.237726 0.237726 0.237726
3450 13.112238 13.112238 13.112238 0.237726 0.237726 0.237726
3460 13.112238 13.112238 13.112238 0.237726 0.237726 0.237726
3470 13.112238 13.112238 13.112238 0.237726 0.237726 0.237726
3480 13.112238 13.112238 13.112238 0.237726 0.237726 0.237726
3490 13.112238 13.112238 13.112238 0.237726 0.237726 0.237726
3500 13.112238 13.112238 13.112238 0.237726 0.237726 0.237726
3510 13.112238 13.112238 13.112238 0.237726 0.237726 0.237726
3520 13.112238 13.112238 13.112238 0.237726 0.237726 0.237726
3530 13.112238 13.112238 13.112238 0.237726 0.237726 0.237726
3540 13.112238 13.112238 13.112238 0.237726 0.237726 0.237726
3550 13.112238 13.112238 13.112238 0.237726 0.237726 0.237726
3560 13.112238 13.112238 13.112238 0.237726 0.237726 0.237726
3570 13.112238 13.112238 13.112238 0.237726 0.237726 0.237726
3580 13.112238 13.112238 13.112238 0.237726 0.237726 0.237726
3590 13.112238 13.112238 13.112238 0.237726 0.237726 0.237726
3600 13.112238 13.112238 13.112238 0.237726 0.237726 0.237726
3610 13.112238 13.112238 13.112238 0.237726 0.237726 0.237726
3620 13.112238 13.112238 13.112238 0.237726 0.237726 0.237726
3630 13.112238 13.112238 13.112238 0.237726 0.237726 0.237726
3640 13.112238 13.112238 13.112238 0.237726 0.237726 0.237726
3650 13.112238 13.112238 13.112238 0.237726 0.237726 0.237726
3660 13.112238 13.112238 13.112238 0.237726 0.237726 0.237726
3670 13.112238 13.112238 13.112238 0.237726 0.237726 0.237726
3680 13.112238 13.112238 13.112238 0.237726 0.237726 0.237726
3690 13.112238 13.112238 13.112238 0.237726 0.237726 0.237726
3700 13.112238 13.112238 13.112238 0.237726 0.237726 0.237726
3710 13.112238 13.112238 13.112238 0.237726 0.237726 0.237726
3720 13.112238 13.112238 13.112238 0.237726 0.237726 0.237726
3730 13.112238 13.112238 13.112238 0.237726 0.237726 0.237726
3740 13.112238 13.112238 13.112238 0.237726 0.237726 0.237726
3750 13.112238 13.112238 13.112238 0.237726 0.237726 0.237726
3760 13.112238 13.112238 13.112238 0.237726 0.237726 0.237726
3770 13.112238 13.112238 13.112238 0.237726 0.237726 0.237726
3780 13.112238 13.112238 13.112238 0.237726 0.237726 0.237726
3790 13.112238 13.112238 13.112238 0.237726 0.237726 0.237726
3800 13.112238 13.112238 13.112238 0.237726 0.237726 0.237726
3810 13.112238 13.112238 13.112238 0.237726 0.237726 0.237726
3820 13.112238 13.112238 13.112238 0.237726 0.237726 0.237726
3830 13.112238 13.112238 13.112238 0.237726 0.237726 0.237726
3840 13.112238 13.112238 13.112238 0.237726 0.237726 0.237726
3850 13.112238 13.112238 13.112238 0.237726 0.237726 0.237726
3860 13.112238 13.112238 13.112238 0.237726 0.237726 0.237726
3870 13.112238 13.112238 13.112238 0.237726 0.237726 0.237726
3880 13.112238 13.112238 13.112238 0.237726 0.237726 0.237726
3890 13.112238 13.112238 13.112238 0.237726 0.237726 0.237726
3900 13.112238 13.112238 13.112238 0.237726 0.237726 0.237726
3910 13.112238 13.112238 13.112238 0.237726 0.237726 0.237726
3920 13.112238 13.112238 13.112238 0.237726 0.237726 0.237726
3930 13.112238 13.112238 13.112238 0.237726 0.237726 0.237726
3940 13.112238 13.112238 13.112238 0.237726 0.237726 0.237726
3950 13.112238 13.112238 13.112238 0.237726 0.237726 0.237726
3960 13.112238 13.112238 13.112238 0.237726 0.237726 0.237726
3970 13.112238 13.112238 13.112238 0.237726 0.237726 0.237726
3980 13.112238 13.112238 13.112238 0.237726 0.237726 0.237726
3990 13.112238 13.112238 13.112238 0.237726 0.237726 0.237726
4000 13.112238 13.112238 13.112238 0.237726 0.237726 0.237726
4010 13.112238 13.112238 13.112238 0.237726 0.237726 0.237726
4020 13.112238 13.112238 13.112238 0.237726 0.237726 0.237726
4030 13.112238 13.112238 13.112238 0.237726 0.237726 0.237726
4040 13.112238 13.112238 13.112238 0.237726 0.237726 0.237726
4050 13.112238 13.112238 13.112238 0.237726 0.237726 0.237726
4060 13.112238 13.112238 13.112238 0.237726 0.237726 0.237726
4070 13.112238 13.112238 13.112238 0.237726 0.237726 0.237726
4080 13.112238 13.112238 13.112238 0.237726 0.237726 0.237726
4090 13.112238 13.112238 13.112238 0.237726 0.237726 0.237726
4100 13.112238 13.112238 13.112238 0.237726 0.237726 0.237726
4110 13.112238 13.112238 13.112238 0.237726 0.237726 0.237726
4120 13.112238 13.112238 13.112238 0.237726 0.237726 0.237726
4130 13.112238 13.112238 13.112238 0.237726 0.237726 0.237726
4140 13.112238 13.112238 13.112238 0.237726 0.237726 0.237726
4150 13.112238 13.112238 13.112238 0.237726 0.237726 0.237726
4160 13.112238 13.112238 13.112238 0.237726 0.237726 0.237726
4170 13.112238 13.112238 13.112238 0.237726 0.237726 0.237726
4180 13.112238 13.112238 13.112238 0.237726 0.237726 0.237726
4190 13.112238 13.112238 13.112238 0.237726 0.237726 0.237726
4200 13.112238 13.112238 13.112238 0.237726 0.237726 0.237726
4210 13.112238 13.112238 13.112238 0.237726 0.237726 0.237726
4220 13.112238 13.112238 13.112238 0.237726 0.237726 0.237726
4230 13.112238 13.112238 13.112238 0.237726 0.237726 0.237726
4240 13.112238 13.112238 13.112238 0.237726 0.237726 0.237726
4250 13.112238 13.112238 13.112238 0.237726 0.237726 0.237726
4260 13.112238 13.112238 13.112238 0.237726 0.237726 0.237726
4270 13.112238 13.112238 13.112238 0.237726 0.237726 0.237726
4280 13.112238 13.112238 13.112238 0.237726 0.237726 0.237726
4290 13.112238 13.112238 13.112238 0.237726 0.237726 0.237726
4300 13.112238 13.112238 13.112238 0.237726 0.237726 0.237726
4310 13.112238 13.112238 13.112238 0.237726 0.237726 0.237726
4320 13.112238 13.112238 13.112238 0.237726 0.237726 0.237726
4330 13.112238 13.112238 13.112238 0.237726 0.237726 0.237726
4340 13.112238 13.112238 13.112238 0.237726 0.237726 0.237726
4350 13.112238 13.112238 13.112238 0.237726 0.237726 0.237726
4360 13.112238 13.112238 13.112238 0.237726 0.237726 0.237726
4370 13.112238 13.112238 13.112238 0.237726 0.237726 0.237726
4380 13.112238 13.112238 13.112238 0.237726 0.237726 0.237726
4390 13.112238 13.112238 13.112238 0.237726 0.237726 0.237726
4400 13.112238 13.112238 13.112238 0.237726 0.237726 0.237726
4410 13.112238 13.112238 13.112238 0.237726 0.237726 0.237726
4420 13.112238 13.112238 13.112238 0.237726 0.237726 0.237726
4430 13.112238 13.112238 13.112238 0.237726 0.237726 0.237726
4440 13.112238 13.112238 13.112238 0.237726 0.237726 0.237726
4450 13.112238 13.112238 13.112238 0.237726 0.237726 0.237726
4460 13.112238 13.112238 13.112238 0.237726 0.237726 0.237726
4470 13.112238 13.112238 13.112238 0.237726 0.237726 0.237726
4480 13.112238 13.112238 13.112238 0.237726 0.237726 0.237726
4490 13.112238 13.112238 13.112238 0.237726 0.237726 0.237726
4500 13.112238 13.112238 13.112238 0.237726 0.237726 0.237726
4510 13.112238 13.112238 13.112238 0.237726 0.237726 0.237726
4520 13.112238 13.112238 13.112238 0.237726 0.237726 0.237726
4530 13.112238 13.112238 13.112238 0.237726 0.237726 0.237726
4540 13.112238 13.112238 13.112238 0.237726 0.237726 0.237726
4550 13.112238 13.112238 13.112238 0.237726 0.237726 0.237726
4560 13.112238 13.112238 13.112238 0.237726 0.237726 0.237726
4570 13.112238 13.112238 13.112238 0.237726 0.237726 0.237726
4580 13.112238 13.112238 13.112238 0.237726 0.237726 0.237726
4590 13.112238 13.112238 13.112238 0.237726 0.237726 0.237726
4600 13.112238 13.112238 13.112238 0.237726 0.237726 0.237726
4610 13.112238 13.112238 13.112238 0.237726 0.237726 0.237726
4620 13.112238 13.112238 13.112238 0.237726 0.237726 0.237726
4630 13.112238 13.112238 13.112238 0.237726 0.237726 0.237726
4640 13.112238 13.112238 13.112238 0.237726 0.237726 0.237726
4650 13.112238 13.112238 13.112238 0.237726 0.237726 0.237726
4660 13.112238 13.112238 13.112238 0.237726 0.237726 0.237726
4670 13.112238 13.112238 13.112238 0.237726 0.237726 0.237726
4680 13.112238 13.112238 13.112238 0.237726 0.237726 0.237726
4690 13.112238 13.112238 13.112238 0.237726 0.237726 0.237726
4700 13.112238 13.112238 13.112238 0.237726 0.237726 0.237726
4710 13.112238 13.112238 13.112238 0.237726 0.237726 0.237726
4720 13.112238 13.112238 13.112238 0.237726 0.237726 0.237726
4730 13.112238 13.112238 13.112238 0.237726 0.237726 0.237726
4740 13.112238 13.112238 13.112238 0.237726 0.237726 0.237726
4750 13.112238 13.112238 13.112238 0.237726 0.237726 0.237726
4760 13.112238 13.112238 13.112238 0.237726 0.237726 0.237726
4770 13.112238 13.112238 13.112238 0.237726 0.237726 0.237726
4780 13.112238 13.112238 13.112238 0.237726 0.237726 0.237726
4790 13.112238 13.112238 13.112238 0.237726 0.237726 0.237726
4800 13.112238 13.112238 13.112238 0.237726 0.237726 0.237726
4810 13.112238 13.112238 13.112238 0.237726 0.237726 0.237726
4820 13.112238 13.112238 13.112238 0.237726 0.237726 0.237726
4830 13.112238 13.112238 13.112238 0.237726 0.237726 0.237726
4840 13.112238 13.112238 13.112238 0.237726 0.237726 0.237726
4850 13.112238 13.112238 13.112238 0.237726 0.237726 0.237726
4860 13.112238 13.112238 13.112238 0.237726 0.237726 0.237726
4870 13.112238 13.112238 13.112238 0.237726 0.237726 0.237726
4880 13.112238 13.112238 13.112238 0.237726 0.237726 0.237726
4890 13.112238 13.112238 13.112238 0.237726 0.237726 0.237726
4900 13.112238 13.112238 13.112238 0.237726 0.237726 0.237726
4910 13.112238 13.112238 13.112238 0.237726 0.237726 0.237726
4920 13.112238 13.112238 13.112238 0.237726 0.237726 0.237726
4930 13.112238 13.112238 13.112238 0.237726 0.237726 0.237726
4940 13.112238 13.112238 13.112238 0.237726 0.237726 0.237726
4950 13.112238 13.112238 13.112238 0.237726 0.237726 0.237726
4960 13.112238 13.112238 13.112238 0.237726 0.237726 0.237726
4970 13.112238 13.112238 13.112238 0.237726 0.237726 0.237726
4980 13.112238 13.112238 13.112238 0.237726 0.237726 0.237726
4990 13.112238 13.112238 13.112238 0.237726 0.237726 0.237726
5000 13.112238 13.112238 13.112238 0.237726 0.237726 0.237726
5010 13.112238 13.112238 13.112238 0.237726 0.237726 0.237726
5020 13.112238 13.112238 13.112238 0.237726 0.237726 0.237726
5030 13.112238 13.112238 13.112238 0.237726 0.237726 0.237726
5040 13.112238 13.112238 13.112238 0.237726 0.237726 0.237726
5050 13.112238 13.112238 13.112238 0.237726 0.237726 0.237726
5060 13.112238 13.112238 13.112238 0.237726 0.237726 0.237726
5070 13.112238 13.112238 13.112238 0.237726 0.237726 0.237726
5080 13.112238 13.112238 13.112238 0.237726 0.237726 0.237726
5090 13.112238 13.112238 13.112238 0.237726 0.237726 0.237726
5100 13.112238 13.112238 13.112238 0.237726 0.237726 0.237726
5110 13.112238 13.112238 13.112238 0.237726 0.237726 0.237726
5120 13.112238 13.112238 13.112238 0.237726 0.237726 0.237726
5130 13.112238 13.112238 13.112238 0.237726 0.237726 0.237726
5140 13.112238 13.112238 13.112238 0.237726 0.237726 0.237726
5150 13.112238 13.112238 13.112238 0.237726 0.237726 0.237726
5160 13.112238 13.112238 13.112238 0.237726 0.237726 0.237726
5170 13.112238 13.112238 13.112238 0.237726 0.237726 0.237726
5180 13.112238 13.112238 13.112238 0.237726 0.237726 0.237726
5190 13.112238 13.112238 13.112238 0.237726 0.237726 0.237726
5200 13.112238 13.112238 13.112238 0.237726 0.237726 0.237726
5210 13.112238 13.112238 13.112238 0.237726 0.237726 0.237726
5220 13.112238 13.112238 13.112238 0.237726 0.237726 0.237726
5230 13.112238 13.112238 13.112238 0.237726 0.237726 0.237726
5240 13.112238 13.112238 13.112238 0.237726 0.237726 0.237726
5250 13.112238 13.112238 13.112238 0.237726 0.237726 0.237726
5260 13.112238 13.112238 13.112238 0.237726 0.237726 0.237726
5270 13.112238 13.112238 13.112238 0.237726 0.237726 0.237726
5280 13.112238 13.112238 13.112238 0.237726 0.237726 0.237726
5290 13.112238 13.112238 13.112238 0.237726 0.237726 0.237726
5300 13.112238 13.112238 13.112238 0.237726 0.237726 0.237726
5310 13.112238 13.112238 13.112238 0.237726 0.237726 0.237726
5320 13.112238 13.112238 13.112238 0.237726 0.237726 0.237726
5330 13.112238 13.112238 13.112238 0.237726 0.237726 0.237726
5340 13.112238 13.112238 13.112238 0.237726 0.237726 0.237726
5350 13.112238 13.112238 13.112238 0.237726 0.237726 0.237726
5360 13.112238 13.112238 13.112238 0.237726 0.237726 0.237726
5370 13.112238 13.112238 13.112238 0.237726 0.237726 0.237726
5380 13.112238 13.112238 13.112238 0.237726 0.237726 0.237726
5390 13.112238 13.112238 13.112238 0.237726 0.237726 0.237726
5400 13.112238 13.112238 13.112238 0.237726 0.237726 0.237726
5410 13.112238 13.112238 13.112238 0.237726 0.237726 0.237726
5420 13.112238 13.112238 13.112238 0.237726 0.237726 0.237726
5430 13.112238 13.112238 13.112238 0.237726 0.237726 0.237726
5440 13.112238 13.112238 13.112238 0.237726 0.237726 0.237726
5450 13.112238 13.112238 13.112238 0.237726 0.237726 0.237726
5460 13.112238 13.112238 13.112238 0.237726 0.237726 0.237726
5470 13.112238 13.112238 13.112238 0.237726 0.237726 0.237726
5480 13.112238 13.112238 13.112238 0.237726 0.237726 0.237726
5490 13.112238 13.112238 13.112238 0.237726 0.237726 0.237726
5500 13.112238 13.112238 13.112238 0.237726 0.237726 0.237726
5510 13.112238 13.112238 13.112238 0.237726 0.237726 0.237726
5520 13.112238 13.112238 13.112238 0.237726 0.237726 0.237726
5530 13.112238 13.112238 13.112238 0.237726 0.237726 0.237726
5540 13.112238 13.112238 13.112238 0.237726 0.237726 0.237726
5550 13.112238 13.112238 13.112238 0.237726 0.237726 0.237726
5560 13.112238 13.112238 13.112238 0.237726 0.237726 0.237726
5570 13.112238 13.112238 13.112238 0.237726 0.237726 0.237726
5580 13.112238 13.112238 13.112238 0.237726 0.237726 0.237726
5590 13.112238 13.112238 13.112238 0.237726 0.237726 0.237726
5600 13.112238 13.112238 13.112238 0.237726 0.237726 0.237726
5610 13.112238 13.112238 13.112238 0.237726 0.237726 0.237726
5620 13.112238 13.112238 13.112238 0.237726 0.237726 0.237726
5630 13.112238 13.112238 13.112238 0.237726 0.237726 0.237726
5640 13.112238 13.112238 13.112238 0.237726 0.237726 0.237726
5650 13.112238 13.112238 13.112238 0.237726 0.237726 0.237726
5660 13.112238 13.112238 13.112238 0.237726 0.237726 0.237726
5670 13.112238 13.112238 13.112238 0.237726 0.237726 0.237726
5680 13.112238 13.112238 13.112238 0.237726 0.237726 0.237726
5690 13.112238 13.112238 13.112238 0.237726 0.237726 0.237726
5700 13.112238 13.112238 13.112238 0.237726 0.237726 0.237726
5710 13.112238 13.112238 13.112238 0.237726 0.237726 0.237726
5720 13.112238 13.112238 13.112238 0.237726 0.237726 0.237726
5730 13.112238 13.112238 13.112238 0.237726 0.237726 0.237726
5740 13.112238 13.112238 13.112238 0.237726 0.237726 0.237726
5750 13.112238 13.112238 13.112238 0.237726 0.237726 0.237726
5760 13.112238 13.112238 13.112238 0.237726 0.237726 0.237726
5770 13.112238 13.112238 13.112238 0.237726 0.237726 0.237726
5780 13.112238 13.112238 13.112238 0.237726 0.237726 0.237726
5790 13.112238 13.112238 13.112238 0.237726 0.237726 0.237726
5800 13.112238 13.112238 13.112238 0.237726 0.237726 0.237726
5810 13.112238 13.112238 13.112238 0.237726 0.237726 0.237726
5820 13.112238 13.112238 13.112238 0.237726 0.237726 0.237726
5830 13.112238 13.112238 13.112238 0.237726 0.237726 0.237726
5840 13.112238 13.112238 13.112238 0.237726 0.237726 0.237726
5850 13.112238 13.112238 13.112238 0.237726 0.237726 0.237726
5860 13.112238 13.112238 13.112238 0.237726 0.237726 0.237726
5870 13.112238 13.112238 13.112238 0.237726 0.237726 0.237726
5880 13.112238 13.112238 13.112238 0.237726 0.237726 0.237726
5890 13.112238 13.112238 13.112238 0.237726 0.237726 0.237726
5900 13.112238 13.112238 13.112238 0.237726 0.237726 0.237726
5910 13.112238 13.112238 13.112238 0.237726 0.237726 0.237726
5920 13.112238 13.112238 13.112238 0.237726 0.237726 0.237726
5930 13.112238 13.112238 13.112238 0.237726 0.237726 0.237726
5940 13.112238 13.112238 13.112238 0.237726 0.237726 0.237726
5950 13.112238 13.112238 13.112238 0.237726 0.237726 0.237726
5960 13.112238 13.112238 13.112238 0.237726 0.237726 0.237726
5970 13.112238 13.112238 13.112238 0.237726 0.237726 0.237726
5980 13.112238 13.112238 13.112238 0.237726 0.237726 0.237726
5990 13.112238 13.112238 13.112238 0.237726 0.237726 0.237726
6000 13.112238 13.112238 13.112238 0.237726 0.237726 0.237726
6010 13.112238 13.112238 13.112238 0.237726 0.237726 0.237726
6020 13.112238 13.112238 13.112238 0.237726 0.237726 0.237726
6030 13.112238 13.112238 13.112238 0.237726 0.237726 0.237726
6040 13.112238 13.112238 13.112238 0.237726 0.237726 0.237726
6050 13.112238 13.112238 13.112238 0.237726 0.237726 0.237726
6060 13.112238 13.112238 13.112238 0.237726 0.237726 0.237726
6070 13.112238 13.112238 13.112238 0.237726 0.237726 0.237726
6080 13.112238 13.112238 13.112238 0.237726 0.237726 0.237726
6090 13.112238 13.112238 13.112238 0.237726 0.237726 0.237726
6100 13.112238 13.112238 13.112238 0.237726 0.237726 0.237726
6110 13.112238 13.112238 13.112238 0.237726 0.237726 0.237726
6120 13.112238 13.112238 13.112238 0.237726 0.237726 0.237726
6130 13.112238 13.112238 13.112238 0.237726 0.237726 0.237726
6140 13.112238 13.112238 13.112238 0.237726 0.237726 0.237726
6150 13.112238 13.112238 13.112238 0.237726 0.237726 0.237726
6160 13.112238 13.112238 13.112238 0.237726 0.237726 0.237726
6170 13.112238 13.112238 13.112238 0.237726 0.237726 0.237726
6180 13.112238 13.112238 13.112238 0.237726 0.237726 0.237726
6190 13.112238 13.112238 13.112238 0.237726 0.237726 0.237726
6200 13.112238 13.112238 13.112238 0.237726 0.237726 0.237726
6210 13.112238 13.112238 13.112238 0.237726 0.237726 0.237726
6220 13.112238 13.112238 13.112238 0.237726 0.237726 0.237726
6230 13.112238 13.112238 13.112238 0.237726 0.237726 0.237726
6240 13.112238 13.112238 13.112238 0.237726 0.237726 0.237726
6250 13.112238 13.112238 13.112238 0.237726 0.237726 0.237726
6260 13.112238 13.112238 13.112238 0.237726 0.237726 0.237726
6270 13.112238 13.112238 13.112238 0.237726 0.237726 0.237726
6280 13.112238 13.112238 13.112238 0.237726 0.237726 0.237726
6290 13.112238 13.112238 13.112238 0.237726 0.237726 0.237726
6300 13.112238 13.112238 13.112238 0.237726 0.237726 0.237726
6310 13.112238 13.112238 13.112238 0.237726 0.237726 0.237726
6320 13.112238 13.112238 13.112238 0.237726 0.237726 0.237726
6330 13.112238 13.112238 13.112238 0.237726 0.237726 0.237726
6340 13.112238 13.112238 13.112238 0.237726 0.237726 0.237726
6350 13.112238 13.112238 13.112238 0.237726 0.237726 0.237726
6360 13.112238 13.112238 13.112238 0.237726 0.237726 0.237726
6370 13.112238 13.112238 13.112238 0.237726 0.237726 0.237726
6380 13.112238 13.112238 13.112238 0.237726 0.237726 0.237726
6390 13.112238 13.112238 13.112238 0.237726 0.237726 0.237726
6400 13.112238 13.112238 13.112238 0.237726 0.237726 0.237726
6410 13.112238 13.112238 13.112238 0.237726 0.237726 0.237726
6420 13.112238 13.112238 13.112238 0.237726 0.237726 0.237726
6430 13.112238 13.112238 13.112238 0.237726 0.237726 0.237726
6440 13.112238 13.112238 13.112238 0.237726 0.237726 0.237726
6450 13.112238 13.112238 13.112238 0.237726 0.237726 0.237726
6460 13.112238 13.112238 13.112238 0.237726 0.237726 0.237726
6470 13.112238 13.112238 13.112238 0.237726 0.237726 0.237726
6480 13.112238 13.112238 13.112238 0.237726 0.237726 0.237726
6490 13.112238 13.112238 13.112238 0.237726 0.237726 0.237726
6500 13.112238 13.112238 13.112238 0.237726 0.237726 0.237726
6510 13.112238 13.112238 13.112238 0.237726 0.237726 0.237726
6520 13.112238 13.112238 13.112238 0.237726 0.237726 0.237726
6530 13.112238 13.112238 13.112238 0.237726 0.237726 0.237726
6540 13.112238 13.112238 13.112238 0.237726 0.237726 0.237726
6550 13.112238 13.112238 13.112238 0.237726 0.237726 0.237726
6560 13.112238 13.112238 13.112238 0.237726 0.237726 0.237726
6570 13.112238 13.112238 13.112238 0.237726 0.237726 0.237726
6580 13.112238 13.112238 13.112238 0.237726 0.237726 0.237726
6590 13.112238 13.112238 13.112238 0.237726 0.237726 0.237726
6600 13.112238 13.112238 13.112238 0.237726 0.237726 0.237726
6610 13.112238 13.112238 13.112238 0.237726 0.237726 0.237726
6620 13.112238 13.112238 13.112238 0.237726 0.237726 0.237726
6630 13.112238 13.112238 13.112238 0.237726 0.237726 0.237726
6640 13.112238 13.112238 13.112238 0.237726 0.237726 0.237726
6650 13.112238 13.112238 13.112238 0.237726 0.237726 0.237726
6660 13.112238 13.112238 13.112238 0.237726 0.237726 0.237726
6670 13.112238 13.112238 13.112238 0.237726 0.237726 0.237726
6680 13.112238 13.112238 13.112238 0.237726 0.237726 0.237726
6690 13.112238 13.112238 13.112238 0.237726 0.237726 0.237726
6700 13.112238 13.112238 13.112238 0.237726 0.237726 0.237726
6710 13.112238 13.112238 13.112238 0.237726 0.237726 0.237726
6720 13.112238 13.112238 13.112238 0.237726 0.237726 0.237726
6730 13.112238 13.112238 13.112238 0.237726 0.237726 0.237726
6740 13.112238 13.112238 13.112238 0.237726 0.237726 0.237726
6750 13.112238 13.112238 13.112238 0.237726 0.237726 0.237726
6760 13.112238 13.112238 13.112238 0.237726 0.237726 0.237726
6770 13.112238 13.112238 13.112238 0.237726 0.237726 0.237726
6780 13.112238 13.112238 13.112238 0.237726 0.237726 0.237726
6790 13.112238 13.112238 13.112238 0.237726 0.237726 0.237726
6800 13.112238 13.112238 13.112238 0.237726 0.237726 0.237726
6810 13.112238 13.112238 13.112238 0.237726 0.237726 0.237726
6820 13.112238 13.112238 13.112238 0.237726 0.237726 0.237726
6830 13.112238 13.112238 13.112238 0.237726 0.237726 0.237726
6840 13.112238 13.112238 13.112238 0.237726 0.237726 0.237726
6850 13.112238 13.112238 13.112238 0.237726 0.237726 0.237726
6860 13.112238 13.112238 13.112238 0.237726 0.237726 0.237726
6870 13.112238 13.112238 13.112238 0.237726 0.237726 0.237726
6880 13.112238 13.112238 13.112238 0.237726 0.237726 0.237726
6890 13.112238 13.112238 13.112238 0.237726 0.237726 0.237726
6900 13.112238 13.112238 13.112238 0.237726 0.237726 0.237726
6910 13.112238 13.112238 13.112238 0.237726 0.237726 0.237726
6920 13.112238 13.112238 13.112238 0.237726 0.237726 0.237726
6930 13.112238 13.112238 13.112238 0.237726 0.237726 0.237726
6940 13.112238 13.112238 13.112238 0.237726 0.237726 0.237726
6950 13.112238 13.112238 13.112238 0.237726 0.237726 0.237726
6960 13.112238 13.112238 13.112238 0.237726 0.237726 0.237726
6970 13.112238 13.112238 13.112238 0.237726 0.237726 0.237726
6980 13.112238 13.112238 13.112238 0.237726 0.237726 0.237726
6990 13.112238 13.112238 13.112238 0.237726 0.237726 0.237726
7000 13.112238 13.112238 13.112238 0.237726 0.237726 0.237726
7010 13.112238 13.112238 13.112238 0.237726 0.237726 0.237726
7020 13.112238 13.112238 13.112238 0.237726 0.237726 0.237726
7030 13.112238 13.112238 13.112238 0.237726 0.237726 0.237726
7040 13.112238 13.112238 13.112238 0.237726 0.237726 0.237726
7050 13.112238 13.112238 13.112238 0.237726 0.237726 0.237726
7060 13.112238 13.112238 13.112238 0.237726 0.237726 0.237726
7070 13.112238 13.112238 13.112238 0.237726 0.237726 0.237726
7080 13.112238 13.112238 13.112238 0.237726 0.237726 0.237726
7090 13.112238 13.112238 13.112238 0.237726 0.237726 0.237726
7100 13.112238 13.112238 13.112238 0.237726 0.237726 0.237726
7110 13.112238 13.112238 13.112238 0.237726 0.237726 0.237726
7120 13.112238 13.112238 13.112238 0.237726 0.237726 0.237726
7130 13.112238 13.112238 13.112238 0.237726 0.237726 0.237726
7140 13.112238 13.112238 13.112238 0.237726 0.237726 0.237726
7150 13.112238 13.112238 13.112238 0.237726 0.237726 0.237726
7160 13.112238 13.112238 13.112238 0.237726 0.237726 0.237726
7170 13.112238 13.112238 13.112238 0.237726 0.237726 0.237726
7180 13.112238 13.112238 13.112238 0.237726 0.237726 0.237726
7190 13.112238 13.112238 13.112238 0.237726 0.237726 0.237726
7200 13.112238 13.112238 13.112238 0.237726 0.237726 0.237726
7210 13.112238 13.112238 13.112238 0.237726 0.237726 0.237726
7220 13.112238 13.112238 13.112238 0.237726 0.237726 0.237726
7230 13.112238 13.112238 13.112238 0.237726 0.237726 0.237726
7240 13.112238 13.112238 13.112238 0.237726 0.237726 0.237726
7250 13.112238 13.112238 13.112238 0.237726 0.237726 0.237726
7260 13.112238 13.112238 13.112238 0.237726 0.237726 0.237726
7270 13.112238 13.112238 13.112238 0.237726 0.237726 0.237726
7280 13.112238 13.112238 13.112238 0.237726 0.237726 0.237726
7290 13.112238 13.112238 13.112238 0.237726 0.237726 0.237726
7300 13.112238 13.112238 13.112238 0.237726 0.237726 0.237726
7310 13.112238 13.112238 13.112238 0.237726 0.237726 0.237726
7320 13.112238 13.112238 13.112238 0.237726 0.237726 0.237726
7330 13.112238 13.112238 13.112238 0.237726 0.237726 0.237726
7340 13.112238 13.112238 13.112238 0.237726 0.237726 0.237726
7350 13.112238 13.112238 13.112238 0.237726 0.237726 0.237726
7360 13.112238 13.112238 13.112238 0.237726 0.237726 0.237726
7370 13.112238 13.112238 13.112238 0.237726 0.237726 0.237726
7380 13.112238 13.112238 13.112238 0.237726 0.237726 0.237726
7390 13.112238 13.112238 13.112238 0.237726 0.237726 0.237726
7400 13.112238 13.112238 13.112238 0.237726 0.237726 0.237726
7410 13.112238 13.112238 13.112238 0.237726 0.237726 0.237726
7420 13.112238 13.112238 13.112238 0.237726 0.237726 0.237726
7430 13.112238 13.112238 13.112238 0.237726 0.237726 0.237726
7440 13.112238 13.112238 13.112238 0.237726 0.237726 0.237726
7450 13.112238 13.112238 13.112238 0.237726 0.237726 0.237726
7460 13.112238 13.112238 13.112238 0.237726 0.237726 0.237726
7470 13.112238 13.112238 13.112238 0.237726 0.237726 0.237726
7480 13.112238 13.112238 13.112238 0.237726 0.237726 0.237726
7490 13.112238 13.112238 13.112238 0.237726 0.237726 0.237726
7500 13.112238 13.112238 13.112238 0.237726 0.237726 0.237726
7510 13.112238 13.112238 13.112238 0.237726 0.237726 0.237726
7520 13.112238 13.112238 13.112238 0.237726 0.237726 0.237726
7530 13.112238 13.112238 13.112238 0.237726 0.237726 0.237726
7540 13.112238 13.112238 13.112238 0.237726 0.237726 0.237726
7550 13.112238 13.112238 13.112238 0.237726 0.237726 0.237726
7560 13.112238 13.112238 13.112238 0.237726 0.237726 0.237726
7570 13.112238 13.112238 13.112238 0.237726 0.237726 0.237726
7580 13.112238 13.112238 13.112238 0.237726 0.237726 0.237726
7590 13.112238 13.112238 13.112238 0.237726 0.237726 0.237726
7600 13.112238 13.112238 13.112238 0.237726 0.237726 0.237726
7610 13.112238 13.112238 13.112238 0.237726 0.237726 0.237726
7620 13.112238 13.112238 13.112238 0.237726 0.237726 0.237726
7630 13.112238 13.112238 13.112238 0.237726 0.237726 0.237726
7640 13.112238 13.112238 13.112238 0.237726 0.237726 0.237726
7650 13.112238 13.112238 13.112238 0.237726 0.237726 0.237726
7660 13.112238 13.112238 13.112238 0.237726 0.237726 0.237726
7670 13.112238 13.112238 13.112238 0.237726 0.237726 0.237726
7680 13.112238 13.112238 13.112238 0.237726 0.237726 0.237726
7690 13.112238 13.112238 13.112238 0.237726 0.237726 0.237726
7700 13.112238 13.112238 13.112238 0.237726 0.237726 0.237726
7710 13.112238 13.112238 13.112238 0.237726 0.237726 0.237726
7720 13.112238 13.112238 13.112238 0.237726 0.237726 0.237726
7730 13.112238 13.112238 13.112238 0.237726 0.237726 0.237726
7740 13.112238 13.112238 13.112238 0.237726 0.237726 0.237726
7750 13.112238 13.112238 13.112238 0.237726 0.237726 0.237726
7760 13.112238 13.112238 13.112238 0.237726 0.237726 0.237726
7770 13.112238 13.112238 13.112238 0.237726 0.237726 0.237726
7780 13.112238 13.112238 13.112238 0.237726 0.237726 0.237726
7790 13.112238 13.112238 13.112238 0.237726 0.237726 0.237726
7800 13.112238 13.112238 13.112238 0.237726 0.237726 0.237726
7810 13.112238 13.112238 13.112238 0.237726 0.237726 0.237726
7820 13.112238 13.112238 13.112238 0.237726 0.237726 0.237726
7830 13.112238 13.112238 13.112238 0.237726 0.237726 0.237726
7840 13.112238 13.112238 13.112238 0.237726 0.237726 0.237726
7850 13.112238 13.112238 13.112238 0.237726 0.237726 0.237726
7860 13.112238 13.112238 13.112238 0.237726 0.237726 0.237726
7870 13.112238 13.112238 13.112238 0.237726 0.237726 0.237726
7880 13.112238 13.112238 13.112238 0.237726 0.237726 0.237726
7890 13.112238 13.112238 13.112238 0.237726 0.237726 0.237726
7900 13.112238 13.112238 13.112238 0.237726 0.237726 0.237726
7910 13.112238 13.112238 13.112238 0.237726 0.237726 0.237726
7920 13.112238 13.112238 13.112238 0.237726 0.237726 0.237726
7930 13.112238 13.112238 13.112238 0.237726 0.237726 0.237726
7940 13.112238 13.112238 13.112238 0.237726 0.237726 0.237726
7950 13.112238 13.112238 13.112238 0.237726 0.237726 0.237726
7960 13.112238 13.112238 13.112238 0.237726 0.237726 0.237726
7970 13.112238 13.112238 13.112238 0.237726 0.237726 0.237726
7980 13.112238 13.112238 13.112238 0.237726 0.237726 0.237726
7990 13.112238 13.112238 13.112238 0.237726 0.237726 0.237726
8000 13.112238 13.112238 13.112238 0.237726 0.237726 0.237726
8010 13.112238 13.112238 13.112238 0.237726 0.237726 0.237726
8020 13.112238 13.112238 13.112238 0.237726 0.237726 0.237726
8030 13.112238 13.112238 13.112238 0.237726 0.237726 0.237726
8040 13.112238 13.112238 13.112238 0.237726 0.237726 0.237726
8050 13.112238 13.112238 13.112238 0.237726 0.237726 0.237726
8060 13.112238 13.112238 13.112238 0.237726 0.237726 0.237726
8070 13.112238 13.112238 13.112238 0.237726 0.237726 0.237726
8080 13.112238 13.112238 13.112238 0.237726 0.237726 0.237726
8090 13.112238 13.112238 13.112238 0.237726 0.237726 0.237726
8100 13.112238 13.112238 13.112238 0.237726 0.237726 0.237726
8110 13.112238 13.112238 13.112238 0.237726 0.237726 0.237726
8120 13.112238 13.112238 13.112238 0.237726 0.237726 0.237726
8130 13.112238 13.112238 13.112238 0.237726 0.237726 0.237726
8140 13.112238 13.112238 13.112238 0.237726 0.237726 0.237726
8150 13.112238 13.112238 13.112238 0.237726 0.237726 0.237726
8160 13.112238 13.112238 13.112238 0.237726 0.237726 0.237726
8170 13.112238 13.112238 13.112238 0.237726 0.237726 0.237726
8180 13.112238 13.112238 13.112238 0.237726 0.237726 0.237726
8190 13.112238 13.112238 13.112238 0.237726 0.237726 0.237726
8200 13.112238 13.112238 13.112238 0.237726 0.237726 0.237726
8210 13.112238 13.112238 13.112238 0.237726 0.237726 0.237726
8220 13.112238 13.112238 13.112238 0.237726 0.237726 0.237726
8230 13.112238 13.112238 13.112238 0.237726 0.237726 0.237726
8240 13.112238 13.112238 13.112238 0.237726 0.237726 0.237726
8250 13.112238 13.112238 13.112238 0.237726 0.237726 0.237726
8260 13.112238 13.112238 13.112238 0.237726 0.237726 0.237726
8270 13.112238 13.112238 13.112238 0.237726 0.237726 0.237726
8280 13.112238 13.112238 13.112238 0.237726 0.237726 0.237726
8290 13.112238 13.112238 13.112238 0.237726 0.237726 0.237726
8300 13.112238 13.112238 13.112238 0.237726 0.237726 0.237726
8310 13.112238 13.112238 13.112238 0.237726 0.237726 0.237726
8320 13.112238 13.112238 13.112238 0.237726 0.237726 0.237726
8330 13.112238 13.112238 13.112238 0.237726 0.237726 0.237726
8340 13.112238 13.112238 13.112238 0.237726 0.237726 0.237726
8350 13.112238 13.112238 13.112238 0.237726 0.237726 0.237726
8360 13.112238 13.112238 13.112238 0.237726 0.237726 0.237726
8370 13.112238 13.112238 13.112238 0.237726 0.237726 0.237726
8380 13.112238 13.112238 13.112238 0.237726 0.237726 0.237726
8390 13.112238 13.112238 13.112238 0.237726 0.237726 0.237726
8400 13.112238 13.112238 13.112238 0.237726 0.237726 0.237726
8410 13.112238 13.112238 13.112238 0.237726 0.237726 0.237726
8420 13.112238 13.112238 13.112238 0.237726 0.237726 0.237726
8430 13.112238 13.112238 13.112238 0.237726 0.237726 0.237726
8440 13.112238 13.112238 13.112238 0.237726 0.237726 0.237726
8450 13.112238 13.112238 13.112238 0.237726 0.237726 0.237726
8460 13.112238 13.112238 13.112238 0.237726 0.237726 0.237726
8470 13.112238 13.112238 13.112238 0.237726 0.237726 0.237726
8480 13.112238 13.112238 13.112238 0.237726 0.237726 0.237726
8490 13.112238 13.112238 13.112238 0.237726 0.237726 0.237726
8500 13.112238 13.112238 13.112238 0.237726 0.237726 0.237726
8510 13.112238 13.112238 13.112238 0.237726 0.237726 0.237726
8520 13.112238 13.112238 13.112238 0.237726 0.237726 0.237726
8530 13.112238 13.112238 13.112238 0.237726 0.237726 0.237726
8540 13.112238 13.112238 13.112238 0.237726 0.237726 0.237726
8550 13.112238 13.112238 13.112238 0.237726 0.237726 0.237726
8560 13.112238 13.112238 13.112238 0.237726 0.237726 0.237726
8570 13.112238 13.112238 13.112238 0.237726 0.237726 0.237726
8580 13.112238 13.112238 13.112238 0.237726 0.237726 0.237726
8590 13.112238 13.112238 13.112238 0.237726 0.237726 0.237726
8600 13.112238 13.112238 13.112238 0.237726 0.237726 0.237726
8610 13.112238 13.112238 13.112238 0.237726 0.237726 0.237726
8620 13.112238 13.112238 13.112238 0.237726 0.237726 0.237726
8630 13.112238 13.112238 13.112238 0.237726 0.237726 0.237726
8640 13.112238 13.112238 13.112238 0.237726 0.237726 0.237726
8650 13.112238 13.112238 13.112238 0.237726 0.237726 0.237726
8660 13.112238 13.112238 13.112238 0.237726 0.237726 0.237726
8670 13.112238 13.112238 13.112238 0.237726 0.237726 0.237726
8680 13.112238 13.112238 13.112238 0.237726 0.237726 0.237726
8690 13.112238 13.112238 13.112238 0.237726 0.237726 0.237726
8700 13.112238 13.112238 13.112238 0.237726 0.237726 0.237726
8710 13.112238 13.112238 13.112238 0.237726 0.237726 0.237726
8720 13.112238 13.112238 13.112238 0.237726 0.237726 0.237726
8730 13.112238 13.112238 13.112238 0.237726 0.237726 0.237726
8740 13.112238 13.112238 13.112238 0.237726 0.237726 0.237726
8750 13.112238 13.112238 13.112238 0.237726 0.237726 0.237726
8760 13.112238 13.112238 13.112238 0.237726 0.237726 0.237726
8770 13.112238 13.112238 13.112238 0.237726 0.237726 0.237726
8780 13.112238 13.112238 13.112238 0.237726 0.237726 0.237726
8790 13.112238 13.112238 13.112238 0.237726 0.237726 0.237726
8800 13.112238 13.112238 13.112238 0.237726 0.237726 0.237726
8810 13.112238 13.112238 13.112238 0.237726 0.237726 0.237726
8820 13.112238 13.112238 13.112238 0.237726 0.237726 0.237726
8830 13.112238 13.112238 13.112238 0.237726 0.237726 0.237726
8840 13.112238 13.112238 13.112238 0.237726 0.237726 0.237726
8850 13.112238 13.112238 13.112238 0.237726 0.237726 0.237726
8860 13.112238 13.112238 13.112238 0.237726 0.237726 0.237726
8870 13.112238 13.112238 13.112238 0.237726 0.237726 0.237726
8880 13.112238 13.112238 13.112238 0.237726 0.237726 0.237726
8890 13.112238 13.112238 13.112238 0.237726 0.237726 0.237726
8900 13.112238 13.112238 13.112238 0.237726 0.237726 0.237726
8910 13.112238 13.112238 13.112238 0.237726 0.237726 0.237726
8920 13.112238 13.112238 13.112238 0.237726 0.237726 0.237726
8930 13.112238 13.112238 13.112238 0.237726 0.237726 0.237726
8940 13.112238 13.112238 13.112238 0.237726 0.237726 0.237726
8950 13.112238 13.112238 13.112238 0.237726 0.237726 0.237726
8960 13.112238 13.112238 13.112238 0.237726 0.237726 0.237726
8970 13.112238 13.112238 13.112238 0.237726 0.237726 0.237726
8980 13.112238 13.112238 13.112238 0.237726 0.237726 0.237726
8990 13.112238 13.112238 13.112238 0.237726 0.237726 0.237726
9000 13.112238 13.112238 13.112238 0.237726 0.237726 0.237726
9010 13.112238 13.112238 13.112238 0.237726 0.237726 0.237726
9020 13.112238 13.112238 13.112238 0.237726 0.237726 0.237726
9030 13.112238 13.112238 13.112238 0.237726 0.237726 0.237726
9040 13.112238 13.112238 13.112238 0.237726 0.237726 0.237726
9050 13.112238 13.112238 13.112238 0.237726 0.237726 0.237726
9060 13.112238 13.112238 13.112238 0.237726 0.237726 0.237726
9070 13.112238 13.112238 13.112238 0.237726 0.237726 0.237726
9080 13.112238 13.112238 13.112238 0.237726 0.237726 0.237726
9090 13.112238 13.112238 13.112238 0.237726 0.237726 0.237726
9100 13.112238 13.112238 13.112238 0.237726 0.237726 0.237726
9110 13.112238 13.112238 13.112238 0.237726 0.237726 0.237726
9120 13.112238 13.112238 13.112238 0.237726 0.237726 0.237726
9130 13.112238 13.112238 13.112238 0.237726 0.237726 0.237726
9140 13.112238 13.112238 13.112238 0.237726 0.237726 0.237726
9150 13.112238 13.112238 13.112238 0.237726 0.237726 0.237726
9160 13.112238 13.112238 13.112238 0.237726 0.237726 0.237726
9170 13.112238 13.112238 13.112238 0.237726 0.237726 0.237726
9180 13.112238 13.112238 13.112238 0.237726 0.237726 0.237726
9190 13.112238 13.112238 13.112238 0.237726 0.237726 0.237726
9200 13.112238 13.112238 13.112238 0.237726 0.237726 0.237726
9210 13.112238 13.112238 13.112238 0.237726 0.237726 0.237726
9220 13.112238 13.112238 13.112238 0.237726 0.237726 0.237726
9230 13.112238 13.112238 13.112238 0.237726 0.237726 0.237726
9240 13.112238 13.112238 13.112238 0.237726 0.237726 0.237726
9250 13.112238 13.112238 13.112238 0.237726 0.237726 0.237726
9260 13.112238 13.112238 13.112238 0.237726 0.237726 0.237726
9270 13.112238 13.112238 13.112238 0.237726 0.237726 0.237726
9280 13.112238 13.112238 13.112238 0.237726 0.237726 0.237726
9290 13.112238 13.112238 13.112238 0.237726 0.237726 0.237726
9300 13.112238 13.112238 13.112238 0.237726 0.237726 0.237726
9310 13.112238 13.112238 13.112238 0.237726 0.237726 0.237726
9320 13.112238 13.112238 13.112238 0.237726 0.237726 0.237726
9330 13.112238 13.112238 13.112238 0.237726 0.237726 0.237726
9340 13.112238 13.112238 13.112238 0.237726 0.237726 0.237726
9350 13.112238 13.112238 13.112238 0.237726 0.237726 0.237726
9360 13.112238 13.112238 13.112238 0.237726 0.237726 0.237726
9370 13.112238 13.112238 13.112238 0.237726 0.237726 0.237726
9380 13.112238 13.112238 13.112238 0.237726 0.237726 0.237726
9390 13.112238 13.112238 13.112238 0.237726 0.237726 0.237726
9400 13.112238 13.112238 13.112238 0.237726 0.237726 0.237726
9410 13.112238 13.112238 13.112238 0.237726 0.237726 0.237726
9420 13.112238 13.112238 13.112238 0.237726 0.237726 0.237726
9430 13.112238 13.112238 13.112238 0.237726 0.237726 0.237726
9440 13.112238 13.112238 13.112238 0.237726 0.237726 0.237726
9450 13.112238 13.112238 13.112238 0.237726 0.237726 0.237726
9460 13.112238 13.112238 13.112238 0.237726 0.237726 0.237726
9470 13.112238 13.112238 13.112238 0.237726 0.237726 0.237726
9480 13.112238 13.112238 13.112238 0.237726 0.237726 0.237726
9490 13.112238 13.112238 13.112238 0.237726 0.237726 0.237726
9500 13.112238 13.112238 13.112238 0.237726 0.237726 0.237726
9510 13.112238 13.112238 13.112238 0.237726 0.237726 0.237726
9520 13.112238 13.112238 13.112238 0.237726 0.237726 0.237726
9530 13.112238 13.112238 13.112238 0.237726 0.237726 0.237726
9540 13.112238 13.112238 13.112238 0.237726 0.237726 0.237726
9550 13.112238 13.112238 13.112238 0.237726 0.237726 0.237726
9560 13.112238 13.112238 13.112238 0.237726 0.237726 0.237726
9570 13.112238 13.112238 13.112238 0.237726 0.237726 0.237726
9580 13.112238 13.112238 13.112238 0.237726 0.237726 0.237726
9590 13.112238 13.112238 13.112238 0.237726 0.237726 0.237726
9600 13.112238 13.112238 13.112238 0.237726 0.237726 0.237726
9610 13.112238 13.112238 13.112238 0.237726 0.237726 0.237726
9620 13.112238 13.112238 13.112238 0.237726 0.237726 0.237726
9630 13.112238 13.112238 13.112238 0.237726 0.237726 0.237726
9640 13.112238 13.112238 13.112238 0.237726 0.237726 0.237726
9650 13.112238 13.112238 13.112238 0.237726 0.237726 0.237726
9660 13.112238 13.112238 13.112238 0.237726 0.237726 0.237726
9670 13.112238 13.112238 13.112238 0.237726 0.237726 0.237726
9680 13.112238 13.112238 13.112238 0.237726 0.237726 0.237726
9690 13.112238 13.112238 13.112238 0.237726 0.237726 0.237726
9700 13.112238 13.112238 13.112238 0.237726 0.237726 0.237726
9710 13.112238 13.112238 13.112238 0.237726 0.237726 0.237726
9720 13.112238 13.112238 13.112238 0.237726 0.237726 0.237726
9730 13.112238 13.112238 13.112238 0.237726 0.237726 0.237726
9740 13.112238 13.112238 13.112238 0.237726 0.237726 0.237726
9750 13.112238 13.112238 13.112238 0.237726 0.237726 0.237726
9760 13.112238 13.112238 13.112238 0.237726 0.237726 0.237726
9770 13.112238 13.112238 13.112238 0.237726 0.237726 0.237726
9780 13.112238 13.112238 13.112238 0.237726 0.237726 0.237726
9790 13.112238 13.112238 13.112238 0.237726 0.237726 0.237726
9800 13.112238 13.112238 13.112238 0.237726 0.237726 0.237726
9810 13.112238 13.112238 13.112238 0.237726 0.237726 0.237726
9820 13.112238 13.112238 13.112238 0.237726 0.237726 0.237726
9830 13.112238 13.112238 13.112238 0.237726 0.237726 0.237726
9840 13.112238 13.112238 13.112238 0.237726 0.237726 0.237726
9850 13.112238 13.112238 13.112238 0.237726 0.237726 0.237726
9860 13.112238 13.112238 13.112238 0.237726 0.237726 0.237726
9870 13.112238 13.112238 13.112238 0.237726 0.237726 0.237726
9880 13.112238 13.112238 13.112238 0.237726 0.237726 0.237726
9890 13.112238 13.112238 13.112238 0.237726 0.237726 0.237726
9900 13.112238 13.112238 13.112238 0.237726 0.237726 0.237726
9910 13.112238 13.112238 13.112238 0.237726 0.237726 0.237726
9920 13.112238 13.112238 13.112238 0.237726 0.237726 0.237726
9930 13.112238 13.112238 13.112238 0.237726 0.237726 0.237726
9940 13.112238 13.112238 13.112238 0.237726 0.237726 0.237726
9950 13.112238 13.112238 13.112238 0.237726 0.237726 0.237726
9960 13.112238 13.112238 13.112238 0.237726 0.237726 0.237726
9970 13.112238 13.112238 13.112238 0.237726 0.237726 0.237726
9980 13.112238 13.112238 13.112238 0.237726 0.237726 0.237726
9990 13.112238 13.112238 13.112238 0.237726 0.237726 0.237726
10000 13.112238 13.112238 13.112238 0.237726 0.237726 0.237726
