# generation power_min power_avg power_max util_min util_avg util_max
1 9.851853 11.014226 12.793773 0.631645 0.823678 1.002341
10 9.609634 10.833955 11.823746 0.660947 0.837695 1.002341
20 9.327618 10.688313 11.490686 0.701116 0.846550 1.002341
30 9.327618 10.555364 11.242970 0.701116 0.856953 1.002341
40 9.327618 10.447106 11.136172 0.733989 0.863283 1.002341
50 11.014534 10.325393 11.014534 0.733989 0.870972 1.007215
60 10.871847 10.202692 10.871847 0.762761 0.880064 1.015768
70 10.776979 10.074328 10.776979 0.762761 0.890410 1.015768
80 8.909243 9.941466 10.643021 0.762761 0.902759 1.015768
90 8.906949 9.810483 10.478533 0.762761 0.914904 1.015768
100 8.657257 9.676910 10.403741 0.797378 0.927355 1.015768
110 10.239846 9.545511 10.239846 0.797378 0.938332 1.017677
120 10.070115 9.440152 10.070115 0.819655 0.947100 1.017677
130 8.264148 9.313729 9.964635 0.826938 0.956086 1.022905
140 8.264148 9.211400 9.820633 0.826938 0.960719 1.029942
150 9.719876 9.109324 9.719876 0.827737 0.966789 1.029942
160 9.553639 8.996952 9.553639 0.899424 0.973318 1.029942
170 9.441178 8.902351 9.441178 0.899424 0.976053 1.029942
180 9.251085 8.810050 9.251085 0.899424 0.980218 1.029942
190 9.119442 8.736314 9.119442 0.912128 0.983793 1.042480
200 9.051302 8.652922 9.051302 0.932646 0.985183 1.042480
210 8.909243 8.574546 8.909243 0.932646 0.985540 1.042480
220 8.867582 8.515216 8.867582 0.932646 0.987366 1.042480
230 8.778768 8.446269 8.778768 0.935718 0.988792 1.042480
240 8.701016 8.392893 8.701016 0.935718 0.989666 1.042480
250 8.646251 8.334273 8.646251 0.940350 0.990014 1.042480
260 8.576014 8.274936 8.576014 0.940350 0.990559 1.042480
270 8.529709 8.208573 8.529709 0.940350 0.991338 1.042480
280 8.458548 8.149066 8.458548 0.940350 0.992264 1.042480
290 7.482821 8.101162 8.401405 0.940350 0.991669 1.042480
300 7.482821 8.036935 8.353368 0.940350 0.992353 1.042480
310 7.482821 7.978867 8.291723 0.948639 0.992474 1.042480
320 7.482821 7.927720 8.233786 0.949291 0.992810 1.029040
330 8.195711 7.855228 8.195711 0.953626 0.995163 1.030406
340 8.110187 7.783576 8.110187 0.969884 0.996142 1.030406
350 7.375272 7.744141 8.058751 0.969884 0.995400 1.030406
360 7.986628 7.708857 7.986628 0.969884 0.995569 1.030406
370 7.885017 7.676877 7.885017 0.969884 0.996023 1.030406
380 7.851027 7.628966 7.851027 0.969884 0.996343 1.030406
390 7.782329 7.598330 7.782329 0.969884 0.997187 1.030406
400 7.760764 7.574967 7.760764 0.969884 0.998334 1.030406
410 7.723554 7.537816 7.723554 0.973861 0.999017 1.026483
420 7.682099 7.516085 7.682099 0.973861 0.999803 1.026483
430 7.638373 7.447275 7.638373 0.973861 1.000786 1.026483
440 7.596024 7.396983 7.596024 0.980490 1.002313 1.026483
450 7.542144 7.333606 7.542144 0.980490 1.003240 1.026483
460 7.502673 7.279122 7.502673 0.980490 1.003228 1.026483
470 7.451769 7.241318 7.451769 0.980490 1.004027 1.026483
480 7.395094 7.195827 7.395094 0.980490 1.004348 1.026483
490 7.378917 7.147368 7.378917 0.980490 1.004868 1.026483
500 7.346920 7.086367 7.346920 0.980490 1.004579 1.026483
510 7.291055 7.037895 7.291055 0.980490 1.003964 1.026483
520 7.211966 7.013369 7.211966 0.984154 1.003644 1.026483
530 7.170667 6.989427 7.170667 0.984154 1.003531 1.026483
540 6.702882 6.945193 7.109412 0.969934 1.003335 1.026483
550 6.702882 6.927030 7.076851 0.969934 1.002776 1.016272
560 6.702882 6.870363 7.033080 0.969934 1.002989 1.016272
570 6.702882 6.844978 7.009918 0.969934 1.002654 1.016272
580 6.702882 6.843565 6.970189 0.969934 1.002372 1.016272
590 6.654394 6.827552 6.950236 0.969934 1.002447 1.016272
600 6.912679 6.810739 6.912679 0.969779 1.001408 1.016272
610 6.855608 6.787897 6.855608 0.969779 1.001807 1.016272
620 6.855608 6.775538 6.855608 0.969779 1.001262 1.013085
630 6.841412 6.759128 6.841412 0.969779 1.001244 1.013085
640 6.839507 6.753469 6.839507 0.969779 1.001036 1.013085
650 6.839507 6.745450 6.839507 0.969779 1.001074 1.013952
660 6.824952 6.722904 6.824952 0.976523 1.001850 1.036184
670 6.824952 6.713449 6.824952 0.976523 1.001739 1.036184
680 6.819355 6.692845 6.819355 0.976523 1.001704 1.036184
690 6.811763 6.676170 6.811763 0.976523 1.001466 1.036184
700 6.793242 6.664445 6.793242 0.985718 1.001556 1.036184
710 6.779884 6.657885 6.779884 0.985718 1.002053 1.036184
720 6.748616 6.645301 6.748616 0.985718 1.002146 1.036184
730 6.717043 6.624755 6.717043 0.985718 1.002410 1.036184
740 6.702882 6.599343 6.702882 0.985718 1.002807 1.036184
750 6.680462 6.581490 6.680462 0.988711 1.002669 1.036184
760 6.654394 6.576383 6.654394 0.992783 1.002718 1.021003
770 6.629028 6.563147 6.629028 0.992783 1.002752 1.021003
780 6.629028 6.537368 6.629028 0.992783 1.003701 1.021003
790 6.587482 6.498438 6.587482 0.992783 1.004582 1.021003
800 6.556738 6.477167 6.556738 0.992783 1.004935 1.014521
810 6.538653 6.470536 6.538653 0.992783 1.005454 1.009257
820 6.464855 6.464855 6.464855 0.997651 1.006283 1.009257
830 6.395734 6.395734 6.395734 1.000802 1.007086 1.009257
840 6.395734 6.395734 6.395734 1.000802 1.007078 1.009257
850 6.395734 6.395734 6.395734 1.000802 1.007266 1.009257
860 6.299770 6.299770 6.299770 1.002601 1.007403 1.009257
870 6.299770 6.299770 6.299770 1.002601 1.007277 1.009257
880 6.198699 6.198699 6.198699 1.007027 1.007540 1.009257
890 6.198699 6.198699 6.198699 1.007027 1.007317 1.009257
900 6.198699 6.198699 6.198699 1.007027 1.007094 1.009257
910 6.194550 6.194550 6.194550 1.007027 1.007027 1.007027
920 6.194550 6.194550 6.194550 1.007027 1.007027 1.007027
930 6.194550 6.194550 6.194550 1.007027 1.007027 1.007027
940 6.194550 6.194550 6.194550 1.007027 1.007027 1.007027
950 6.194550 6.194550 6.194550 1.007027 1.007027 1.007027
960 6.194550 6.194550 6.194550 1.007027 1.007027 1.007027
970 6.194550 6.194550 6.194550 1.007027 1.007027 1.007027
980 6.194550 6.194550 6.194550 1.007027 1.007027 1.007027
990 6.194550 6.194550 6.194550 1.007027 1.007027 1.007027
1000 6.194550 6.194550 6.194550 1.007027 1.007027 1.007027
1010 6.194550 6.194550 6.194550 1.007027 1.007027 1.007027
1020 6.194550 6.194550 6.194550 1.007027 1.007027 1.007027
1030 6.194550 6.194550 6.194550 1.007027 1.007027 1.007027
1040 6.194550 6.194550 6.194550 1.007027 1.007027 1.007027
1050 6.194550 6.194550 6.194550 1.007027 1.007027 1.007027
1060 6.194550 6.194550 6.194550 1.007027 1.007027 1.007027
1070 6.194550 6.194550 6.194550 1.007027 1.007027 1.007027
1080 6.194550 6.194550 6.194550 1.007027 1.007027 1.007027
1090 6.194550 6.194550 6.194550 1.007027 1.007027 1.007027
1100 6.194550 6.194550 6.194550 1.007027 1.007027 1.007027
1110 6.194550 6.194550 6.194550 1.007027 1.007027 1.007027
1120 6.194550 6.194550 6.194550 1.007027 1.007027 1.007027
1130 6.194550 6.194550 6.194550 1.007027 1.007027 1.007027
1140 6.194550 6.194550 6.194550 1.007027 1.007027 1.007027
1150 6.194550 6.194550 6.194550 1.007027 1.007027 1.007027
1160 6.194550 6.194550 6.194550 1.007027 1.007027 1.007027
1170 6.194550 6.194550 6.194550 1.007027 1.007027 1.007027
1180 6.194550 6.194550 6.194550 1.007027 1.007027 1.007027
1190 6.194550 6.194550 6.194550 1.007027 1.007027 1.007027
1200 6.194550 6.194550 6.194550 1.007027 1.007027 1.007027
1210 6.194550 6.194550 6.194550 1.007027 1.007027 1.007027
1220 6.194550 6.194550 6.194550 1.007027 1.007027 1.007027
1230 6.194550 6.194550 6.194550 1.007027 1.007027 1.007027
1240 6.194550 6.194550 6.194550 1.007027 1.007027 1.007027
1250 6.194550 6.194550 6.194550 1.007027 1.007027 1.007027
1260 6.194550 6.194550 6.194550 1.007027 1.007027 1.007027
1270 6.194550 6.194550 6.194550 1.007027 1.007027 1.007027
1280 6.194550 6.194550 6.194550 1.007027 1.007027 1.007027
1290 6.194550 6.194550 6.194550 1.007027 1.007027 1.007027
1300 6.194550 6.194550 6.194550 1.007027 1.007027 1.007027
1310 6.194550 6.194550 6.194550 1.007027 1.007027 1.007027
1320 6.194550 6.194550 6.194550 1.007027 1.007027 1.007027
1330 6.194550 6.194550 6.194550 1.007027 1.007027 1.007027
1340 6.194550 6.194550 6.194550 1.007027 1.007027 1.007027
1350 6.194550 6.194550 6.194550 1.007027 1.007027 1.007027
1360 6.194550 6.194550 6.194550 1.007027 1.007027 1.007027
1370 6.194550 6.194550 6.194550 1.007027 1.007027 1.007027
1380 6.194550 6.194550 6.194550 1.007027 1.007027 1.007027
1390 6.194550 6.194550 6.194550 1.007027 1.007027 1.007027
1400 6.194550 6.194550 6.194550 1.007027 1.007027 1.007027
1410 6.194550 6.194550 6.194550 1.007027 1.007027 1.007027
1420 6.194550 6.194550 6.194550 1.007027 1.007027 1.007027
1430 6.194550 6.194550 6.194550 1.007027 1.007027 1.007027
1440 6.194550 6.194550 6.194550 1.007027 1.007027 1.007027
1450 6.194550 6.194550 6.194550 1.007027 1.007027 1.007027
1460 6.194550 6.194550 6.194550 1.007027 1.007027 1.007027
1470 6.194550 6.194550 6.194550 1.007027 1.007027 1.007027
1480 6.194550 6.194550 6.194550 1.007027 1.007027 1.007027
1490 6.194550 6.194550 6.194550 1.007027 1.007027 1.007027
1500 6.194550 6.194550 6.194550 1.007027 1.007027 1.007027
1510 6.194550 6.194550 6.194550 1.007027 1.007027 1.007027
1520 6.194550 6.194550 6.194550 1.007027 1.007027 1.007027
1530 6.194550 6.194550 6.194550 1.007027 1.007027 1.007027
1540 6.194550 6.194550 6.194550 1.007027 1.007027 1.007027
1550 6.194550 6.194550 6.194550 1.007027 1.007027 1.007027
1560 6.194550 6.194550 6.194550 1.007027 1.007027 1.007027
1570 6.194550 6.194550 6.194550 1.007027 1.007027 1.007027
1580 6.194550 6.194550 6.194550 1.007027 1.007027 1.007027
1590 6.194550 6.194550 6.194550 1.007027 1.007027 1.007027
1600 6.194550 6.194550 6.194550 1.007027 1.007027 1.007027
1610 6.194550 6.194550 6.194550 1.007027 1.007027 1.007027
1620 6.194550 6.194550 6.194550 1.007027 1.007027 1.007027
1630 6.194550 6.194550 6.194550 1.007027 1.007027 1.007027
1640 6.194550 6.194550 6.194550 1.007027 1.007027 1.007027
1650 6.194550 6.194550 6.194550 1.007027 1.007027 1.007027
1660 6.194550 6.194550 6.194550 1.007027 1.007027 1.007027
1670 6.194550 6.194550 6.194550 1.007027 1.007027 1.007027
1680 6.194550 6.194550 6.194550 1.007027 1.007027 1.007027
1690 6.194550 6.194550 6.194550 1.007027 1.007027 1.007027
1700 6.194550 6.194550 6.194550 1.007027 1.007027 1.007027
1710 6.194550 6.194550 6.194550 1.007027 1.007027 1.007027
1720 6.194550 6.194550 6.194550 1.007027 1.007027 1.007027
1730 6.194550 6.194550 6.194550 1.007027 1.007027 1.007027
1740 6.194550 6.194550 6.194550 1.007027 1.007027 1.007027
1750 6.194550 6.194550 6.194550 1.007027 1.007027 1.007027
1760 6.194550 6.194550 6.194550 1.007027 1.007027 1.007027
1770 6.194550 6.194550 6.194550 1.007027 1.007027 1.007027
1780 6.194550 6.194550 6.194550 1.007027 1.007027 1.007027
1790 6.194550 6.194550 6.194550 1.007027 1.007027 1.007027
1800 6.194550 6.194550 6.194550 1.007027 1.007027 1.007027
1810 6.194550 6.194550 6.194550 1.007027 1.007027 1.007027
1820 6.194550 6.194550 6.194550 1.007027 1.007027 1.007027
1830 6.194550 6.194550 6.194550 1.007027 1.007027 1.007027
1840 6.194550 6.194550 6.194550 1.007027 1.007027 1.007027
1850 6.194550 6.194550 6.194550 1.007027 1.007027 1.007027
1860 6.194550 6.194550 6.194550 1.007027 1.007027 1.007027
1870 6.194550 6.194550 6.194550 1.007027 1.007027 1.007027
1880 6.194550 6.194550 6.194550 1.007027 1.007027 1.007027
1890 6.194550 6.194550 6.194550 1.007027 1.007027 1.007027
1900 6.194550 6.194550 6.194550 1.007027 1.007027 1.007027
1910 6.194550 6.194550 6.194550 1.007027 1.007027 1.007027
1920 6.194550 6.194550 6.194550 1.007027 1.007027 1.007027
1930 6.194550 6.194550 6.194550 1.007027 1.007027 1.007027
1940 6.194550 6.194550 6.194550 1.007027 1.007027 1.007027
1950 6.194550 6.194550 6.194550 1.007027 1.007027 1.007027
1960 6.194550 6.194550 6.194550 1.007027 1.007027 1.007027
1970 6.194550 6.194550 6.194550 1.007027 1.007027 1.007027
1980 6.194550 6.194550 6.194550 1.007027 1.007027 1.007027
1990 6.194550 6.194550 6.194550 1.007027 1.007027 1.007027
2000 6.194550 6.194550 6.194550 1.007027 1.007027 1.007027
2010 6.194550 6.194550 6.194550 1.007027 1.007027 1.007027
2020 6.194550 6.194550 6.194550 1.007027 1.007027 1.007027
2030 6.194550 6.194550 6.194550 1.007027 1.007027 1.007027
2040 6.194550 6.194550 6.194550 1.007027 1.007027 1.007027
2050 6.194550 6.194550 6.194550 1.007027 1.007027 1.007027
2060 6.194550 6.194550 6.194550 1.007027 1.007027 1.007027
2070 6.194550 6.194550 6.194550 1.007027 1.007027 1.007027
2080 6.194550 6.194550 6.194550 1.007027 1.007027 1.007027
2090 6.194550 6.194550 6.194550 1.007027 1.007027 1.007027
2100 6.194550 6.194550 6.194550 1.007027 1.007027 1.007027
2110 6.194550 6.194550 6.194550 1.007027 1.007027 1.007027
2120 6.194550 6.194550 6.194550 1.007027 1.007027 1.007027
2130 6.194550 6.194550 6.194550 1.007027 1.007027 1.007027
2140 6.194550 6.194550 6.194550 1.007027 1.007027 1.007027
2150 6.194550 6.194550 6.194550 1.007027 1.007027 1.007027
2160 6.194550 6.194550 6.194550 1.007027 1.007027 1.007027
2170 6.194550 6.194550 6.194550 1.007027 1.007027 1.007027
2180 6.194550 6.194550 6.194550 1.007027 1.007027 1.007027
2190 6.194550 6.194550 6.194550 1.007027 1.007027 1.007027
2200 6.194550 6.194550 6.194550 1.007027 1.007027 1.007027
2210 6.194550 6.194550 6.194550 1.007027 1.007027 1.007027
2220 6.194550 6.194550 6.194550 1.007027 1.007027 1.007027
2230 6.194550 6.194550 6.194550 1.007027 1.007027 1.007027
2240 6.194550 6.194550 6.194550 1.007027 1.007027 1.007027
2250 6.194550 6.194550 6.194550 1.007027 1.007027 1.007027
2260 6.194550 6.194550 6.194550 1.007027 1.007027 1.007027
2270 6.194550 6.194550 6.194550 1.007027 1.007027 1.007027
2280 6.194550 6.194550 6.194550 1.007027 1.007027 1.007027
2290 6.194550 6.194550 6.194550 1.007027 1.007027 1.007027
2300 6.194550 6.194550 6.194550 1.007027 1.007027 1.007027
2310 6.194550 6.194550 6.194550 1.007027 1.007027 1.007027
2320 6.194550 6.194550 6.194550 1.007027 1.007027 1.007027
2330 6.194550 6.194550 6.194550 1.007027 1.007027 1.007027
2340 6.194550 6.194550 6.194550 1.007027 1.007027 1.007027
2350 6.194550 6.194550 6.194550 1.007027 1.007027 1.007027
2360 6.194550 6.194550 6.194550 1.007027 1.007027 1.007027
2370 6.194550 6.194550 6.194550 1.007027 1.007027 1.007027
2380 6.194550 6.194550 6.194550 1.007027 1.007027 1.007027
2390 6.194550 6.194550 6.194550 1.007027 1.007027 1.007027
2400 6.194550 6.194550 6.194550 1.007027 1.007027 1.007027
2410 6.194550 6.194550 6.194550 1.007027 1.007027 1.007027
2420 6.194550 6.194550 6.194550 1.007027 1.007027 1.007027
2430 6.194550 6.194550 6.194550 1.007027 1.007027 1.007027
2440 6.194550 6.194550 6.194550 1.007027 1.007027 1.007027
2450 6.194550 6.194550 6.194550 1.007027 1.007027 1.007027
2460 6.194550 6.194550 6.194550 1.007027 1.007027 1.007027
2470 6.194550 6.194550 6.194550 1.007027 1.007027 1.007027
2480 6.194550 6.194550 6.194550 1.007027 1.007027 1.007027
2490 6.194550 6.194550 6.194550 1.007027 1.007027 1.007027
2500 6.194550 6.194550 6.194550 1.007027 1.007027 1.007027
2510 6.194550 6.194550 6.194550 1.007027 1.007027 1.007027
2520 6.194550 6.194550 6.194550 1.007027 1.007027 1.007027
2530 6.194550 6.194550 6.194550 1.007027 1.007027 1.007027
2540 6.194550 6.194550 6.194550 1.007027 1.007027 1.007027
2550 6.194550 6.194550 6.194550 1.007027 1.007027 1.007027
2560 6.194550 6.194550 6.194550 1.007027 1.007027 1.007027
2570 6.194550 6.194550 6.194550 1.007027 1.007027 1.007027
2580 6.194550 6.194550 6.194550 1.007027 1.007027 1.007027
2590 6.194550 6.194550 6.194550 1.007027 1.007027 1.007027
2600 6.194550 6.194550 6.194550 1.007027 1.007027 1.007027
2610 6.194550 6.194550 6.194550 1.007027 1.007027 1.007027
2620 6.194550 6.194550 6.194550 1.007027 1.007027 1.007027
2630 6.194550 6.194550 6.194550 1.007027 1.007027 1.007027
2640 6.194550 6.194550 6.194550 1.007027 1.007027 1.007027
2650 6.194550 6.194550 6.194550 1.007027 1.007027 1.007027
2660 6.194550 6.194550 6.194550 1.007027 1.007027 1.007027
2670 6.194550 6.194550 6.194550 1.007027 1.007027 1.007027
2680 6.194550 6.194550 6.194550 1.007027 1.007027 1.007027
2690 6.194550 6.194550 6.194550 1.007027 1.007027 1.007027
2700 6.194550 6.194550 6.194550 1.007027 1.007027 1.007027
2710 6.194550 6.194550 6.194550 1.007027 1.007027 1.007027
2720 6.194550 6.194550 6.194550 1.007027 1.007027 1.007027
2730 6.194550 6.194550 6.194550 1.007027 1.007027 1.007027
2740 6.194550 6.194550 6.194550 1.007027 1.007027 1.007027
2750 6.194550 6.194550 6.194550 1.007027 1.007027 1.007027
2760 6.194550 6.194550 6.194550 1.007027 1.007027 1.007027
2770 6.194550 6.194550 6.194550 1.007027 1.007027 1.007027
2780 6.194550 6.194550 6.194550 1.007027 1.007027 1.007027
2790 6.194550 6.194550 6.194550 1.007027 1.007027 1.007027
2800 6.194550 6.194550 6.194550 1.007027 1.007027 1.007027
2810 6.194550 6.194550 6.194550 1.007027 1.007027 1.007027
2820 6.194550 6.194550 6.194550 1.007027 1.007027 1.007027
2830 6.194550 6.194550 6.194550 1.007027 1.007027 1.007027
2840 6.194550 6.194550 6.194550 1.007027 1.007027 1.007027
2850 6.194550 6.194550 6.194550 1.007027 1.007027 1.007027
2860 6.194550 6.194550 6.194550 1.007027 1.007027 1.007027
2870 6.194550 6.194550 6.194550 1.007027 1.007027 1.007027
2880 6.194550 6.194550 6.194550 1.007027 1.007027 1.007027
2890 6.194550 6.194550 6.194550 1.007027 1.007027 1.007027
2900 6.194550 6.194550 6.194550 1.007027 1.007027 1.007027
2910 6.194550 6.194550 6.194550 1.007027 1.007027 1.007027
2920 6.194550 6.194550 6.194550 1.007027 1.007027 1.007027
2930 6.194550 6.194550 6.194550 1.007027 1.007027 1.007027
2940 6.194550 6.194550 6.194550 1.007027 1.007027 1.007027
2950 6.194550 6.194550 6.194550 1.007027 1.007027 1.007027
2960 6.194550 6.194550 6.194550 1.007027 1.007027 1.007027
2970 6.194550 6.194550 6.194550 1.007027 1.007027 1.007027
2980 6.194550 6.194550 6.194550 1.007027 1.007027 1.007027
2990 6.194550 6.194550 6.194550 1.007027 1.007027 1.007027
3000 6.194550 6.194550 6.194550 1.007027 1.007027 1.007027
3010 6.194550 6.194550 6.194550 1.007027 1.007027 1.007027
3020 6.194550 6.194550 6.194550 1.007027 1.007027 1.007027
3030 6.194550 6.194550 6.194550 1.007027 1.007027 1.007027
3040 6.194550 6.194550 6.194550 1.007027 1.007027 1.007027
3050 6.194550 6.194550 6.194550 1.007027 1.007027 1.007027
3060 6.194550 6.194550 6.194550 1.007027 1.007027 1.007027
3070 6.194550 6.194550 6.194550 1.007027 1.007027 1.007027
3080 6.194550 6.194550 6.194550 1.007027 1.007027 1.007027
3090 6.194550 6.194550 6.194550 1.007027 1.007027 1.007027
3100 6.194550 6.194550 6.194550 1.007027 1.007027 1.007027
3110 6.194550 6.194550 6.194550 1.007027 1.007027 1.007027
3120 6.194550 6.194550 6.194550 1.007027 1.007027 1.007027
3130 6.194550 6.194550 6.194550 1.007027 1.007027 1.007027
3140 6.194550 6.194550 6.194550 1.007027 1.007027 1.007027
3150 6.194550 6.194550 6.194550 1.007027 1.007027 1.007027
3160 6.194550 6.194550 6.194550 1.007027 1.007027 1.007027
3170 6.194550 6.194550 6.194550 1.007027 1.007027 1.007027
3180 6.194550 6.194550 6.194550 1.007027 1.007027 1.007027
3190 6.194550 6.194550 6.194550 1.007027 1.007027 1.007027
3200 6.194550 6.194550 6.194550 1.007027 1.007027 1.007027
3210 6.194550 6.194550 6.194550 1.007027 1.007027 1.007027
3220 6.194550 6.194550 6.194550 1.007027 1.007027 1.007027
3230 6.194550 6.194550 6.194550 1.007027 1.007027 1.007027
3240 6.194550 6.194550 6.194550 1.007027 1.007027 1.007027
3250 6.194550 6.194550 6.194550 1.007027 1.007027 1.007027
3260 6.194550 6.194550 6.194550 1.007027 1.007027 1.007027
3270 6.194550 6.194550 6.194550 1.007027 1.007027 1.007027
3280 6.194550 6.194550 6.194550 1.007027 1.007027 1.007027
3290 6.194550 6.194550 6.194550 1.007027 1.007027 1.007027
3300 6.194550 6.194550 6.194550 1.007027 1.007027 1.007027
3310 6.194550 6.194550 6.194550 1.007027 1.007027 1.007027
3320 6.194550 6.194550 6.194550 1.007027 1.007027 1.007027
3330 6.194550 6.194550 6.194550 1.007027 1.007027 1.007027
3340 6.194550 6.194550 6.194550 1.007027 1.007027 1.007027
3350 6.194550 6.194550 6.194550 1.007027 1.007027 1.007027
3360 6.194550 6.194550 6.194550 1.007027 1.007027 1.007027
3370 6.194550 6.194550 6.194550 1.007027 1.007027 1.007027
3380 6.194550 6.194550 6.194550 1.007027 1.007027 1.007027
3390 6.194550 6.194550 6.194550 1.007027 1.007027 1.007027
3400 6.194550 6.194550 6.194550 1.007027 1.007027 1.007027
3410 6.194550 6.194550 6.194550 1.007027 1.007027 1.007027
3420 6.194550 6.194550 6.194550 1.007027 1.007027 1.007027
3430 6.194550 6.194550 6.194550 1.007027 1.007027 1.007027
3440 6.194550 6.194550 6.194550 1.007027 1.007027 1.007027
3450 6.194550 6.194550 6.194550 1.007027 1.007027 1.007027
3460 6.194550 6.194550 6.194550 1.007027 1.007027 1.007027
3470 6.194550 6.194550 6.194550 1.007027 1.007027 1.007027
3480 6.194550 6.194550 6.194550 1.007027 1.007027 1.007027
3490 6.194550 6.194550 6.194550 1.007027 1.007027 1.007027
3500 6.194550 6.194550 6.194550 1.007027 1.007027 1.007027
3510 6.194550 6.194550 6.194550 1.007027 1.007027 1.007027
3520 6.194550 6.194550 6.194550 1.007027 1.007027 1.007027
3530 6.194550 6.194550 6.194550 1.007027 1.007027 1.007027
3540 6.194550 6.194550 6.194550 1.007027 1.007027 1.007027
3550 6.194550 6.194550 6.194550 1.007027 1.007027 1.007027
3560 6.194550 6.194550 6.194550 1.007027 1.007027 1.007027
3570 6.194550 6.194550 6.194550 1.007027 1.007027 1.007027
3580 6.194550 6.194550 6.194550 1.007027 1.007027 1.007027
3590 6.194550 6.194550 6.194550 1.007027 1.007027 1.007027
3600 6.194550 6.194550 6.194550 1.007027 1.007027 1.007027
3610 6.194550 6.194550 6.194550 1.007027 1.007027 1.007027
3620 6.194550 6.194550 6.194550 1.007027 1.007027 1.007027
3630 6.194550 6.194550 6.194550 1.007027 1.007027 1.007027
3640 6.194550 6.194550 6.194550 1.007027 1.007027 1.007027
3650 6.194550 6.194550 6.194550 1.007027 1.007027 1.007027
3660 6.194550 6.194550 6.194550 1.007027 1.007027 1.007027
3670 6.194550 6.194550 6.194550 1.007027 1.007027 1.007027
3680 6.194550 6.194550 6.194550 1.007027 1.007027 1.007027
3690 6.194550 6.194550 6.194550 1.007027 1.007027 1.007027
3700 6.194550 6.194550 6.194550 1.007027 1.007027 1.007027
3710 6.194550 6.194550 6.194550 1.007027 1.007027 1.007027
3720 6.194550 6.194550 6.194550 1.007027 1.007027 1.007027
3730 6.194550 6.194550 6.194550 1.007027 1.007027 1.007027
3740 6.194550 6.194550 6.194550 1.007027 1.007027 1.007027
3750 6.194550 6.194550 6.194550 1.007027 1.007027 1.007027
3760 6.194550 6.194550 6.194550 1.007027 1.007027 1.007027
3770 6.194550 6.194550 6.194550 1.007027 1.007027 1.007027
3780 6.194550 6.194550 6.194550 1.007027 1.007027 1.007027
3790 6.194550 6.194550 6.194550 1.007027 1.007027 1.007027
3800 6.194550 6.194550 6.194550 1.007027 1.007027 1.007027
3810 6.194550 6.194550 6.194550 1.007027 1.007027 1.007027
3820 6.194550 6.194550 6.194550 1.007027 1.007027 1.007027
3830 6.194550 6.194550 6.194550 1.007027 1.007027 1.007027
3840 6.194550 6.194550 6.194550 1.007027 1.007027 1.007027
3850 6.194550 6.194550 6.194550 1.007027 1.007027 1.007027
3860 6.194550 6.194550 6.194550 1.007027 1.007027 1.007027
3870 6.194550 6.194550 6.194550 1.007027 1.007027 1.007027
3880 6.194550 6.194550 6.194550 1.007027 1.007027 1.007027
3890 6.194550 6.194550 6.194550 1.007027 1.007027 1.007027
3900 6.194550 6.194550 6.194550 1.007027 1.007027 1.007027
3910 6.194550 6.194550 6.194550 1.007027 1.007027 1.007027
3920 6.194550 6.194550 6.194550 1.007027 1.007027 1.007027
3930 6.194550 6.194550 6.194550 1.007027 1.007027 1.007027
3940 6.194550 6.194550 6.194550 1.007027 1.007027 1.007027
3950 6.194550 6.194550 6.194550 1.007027 1.007027 1.007027
3960 6.194550 6.194550 6.194550 1.007027 1.007027 1.007027
3970 6.194550 6.194550 6.194550 1.007027 1.007027 1.007027
3980 6.194550 6.194550 6.194550 1.007027 1.007027 1.007027
3990 6.194550 6.194550 6.194550 1.007027 1.007027 1.007027
4000 6.194550 6.194550 6.194550 1.007027 1.007027 1.007027
4010 6.194550 6.194550 6.194550 1.007027 1.007027 1.007027
4020 6.194550 6.194550 6.194550 1.007027 1.007027 1.007027
4030 6.194550 6.194550 6.194550 1.007027 1.007027 1.007027
4040 6.194550 6.194550 6.194550 1.007027 1.007027 1.007027
4050 6.194550 6.194550 6.194550 1.007027 1.007027 1.007027
4060 6.194550 6.194550 6.194550 1.007027 1.007027 1.007027
4070 6.194550 6.194550 6.194550 1.007027 1.007027 1.007027
4080 6.194550 6.194550 6.194550 1.007027 1.007027 1.007027
4090 6.194550 6.194550 6.194550 1.007027 1.007027 1.007027
4100 6.194550 6.194550 6.194550 1.007027 1.007027 1.007027
4110 6.194550 6.194550 6.194550 1.007027 1.007027 1.007027
4120 6.194550 6.194550 6.194550 1.007027 1.007027 1.007027
4130 6.194550 6.194550 6.194550 1.007027 1.007027 1.007027
4140 6.194550 6.194550 6.194550 1.007027 1.007027 1.007027
4150 6.194550 6.194550 6.194550 1.007027 1.007027 1.007027
4160 6.194550 6.194550 6.194550 1.007027 1.007027 1.007027
4170 6.194550 6.194550 6.194550 1.007027 1.007027 1.007027
4180 6.194550 6.194550 6.194550 1.007027 1.007027 1.007027
4190 6.194550 6.194550 6.194550 1.007027 1.007027 1.007027
4200 6.194550 6.194550 6.194550 1.007027 1.007027 1.007027
4210 6.194550 6.194550 6.194550 1.007027 1.007027 1.007027
4220 6.194550 6.194550 6.194550 1.007027 1.007027 1.007027
4230 6.194550 6.194550 6.194550 1.007027 1.007027 1.007027
4240 6.194550 6.194550 6.194550 1.007027 1.007027 1.007027
4250 6.194550 6.194550 6.194550 1.007027 1.007027 1.007027
4260 6.194550 6.194550 6.194550 1.007027 1.007027 1.007027
4270 6.194550 6.194550 6.194550 1.007027 1.007027 1.007027
4280 6.194550 6.194550 6.194550 1.007027 1.007027 1.007027
4290 6.194550 6.194550 6.194550 1.007027 1.007027 1.007027
4300 6.194550 6.194550 6.194550 1.007027 1.007027 1.007027
4310 6.194550 6.194550 6.194550 1.007027 1.007027 1.007027
4320 6.194550 6.194550 6.194550 1.007027 1.007027 1.007027
4330 6.194550 6.194550 6.194550 1.007027 1.007027 1.007027
4340 6.194550 6.194550 6.194550 1.007027 1.007027 1.007027
4350 6.194550 6.194550 6.194550 1.007027 1.007027 1.007027
4360 6.194550 6.194550 6.194550 1.007027 1.007027 1.007027
4370 6.194550 6.194550 6.194550 1.007027 1.007027 1.007027
4380 6.194550 6.194550 6.194550 1.007027 1.007027 1.007027
4390 6.194550 6.194550 6.194550 1.007027 1.007027 1.007027
4400 6.194550 6.194550 6.194550 1.007027 1.007027 1.007027
4410 6.194550 6.194550 6.194550 1.007027 1.007027 1.007027
4420 6.194550 6.194550 6.194550 1.007027 1.007027 1.007027
4430 6.194550 6.194550 6.194550 1.007027 1.007027 1.007027
4440 6.194550 6.194550 6.194550 1.007027 1.007027 1.007027
4450 6.194550 6.194550 6.194550 1.007027 1.007027 1.007027
4460 6.194550 6.194550 6.194550 1.007027 1.007027 1.007027
4470 6.194550 6.194550 6.194550 1.007027 1.007027 1.007027
4480 6.194550 6.194550 6.194550 1.007027 1.007027 1.007027
4490 6.194550 6.194550 6.194550 1.007027 1.007027 1.007027
4500 6.194550 6.194550 6.194550 1.007027 1.007027 1.007027
4510 6.194550 6.194550 6.194550 1.007027 1.007027 1.007027
4520 6.194550 6.194550 6.194550 1.007027 1.007027 1.007027
4530 6.194550 6.194550 6.194550 1.007027 1.007027 1.007027
4540 6.194550 6.194550 6.194550 1.007027 1.007027 1.007027
4550 6.194550 6.194550 6.194550 1.007027 1.007027 1.007027
4560 6.194550 6.194550 6.194550 1.007027 1.007027 1.007027
4570 6.194550 6.194550 6.194550 1.007027 1.007027 1.007027
4580 6.194550 6.194550 6.194550 1.007027 1.007027 1.007027
4590 6.194550 6.194550 6.194550 1.007027 1.007027 1.007027
4600 6.194550 6.194550 6.194550 1.007027 1.007027 1.007027
4610 6.194550 6.194550 6.194550 1.007027 1.007027 1.007027
4620 6.194550 6.194550 6.194550 1.007027 1.007027 1.007027
4630 6.194550 6.194550 6.194550 1.007027 1.007027 1.007027
4640 6.194550 6.194550 6.194550 1.007027 1.007027 1.007027
4650 6.194550 6.194550 6.194550 1.007027 1.007027 1.007027
4660 6.194550 6.194550 6.194550 1.007027 1.007027 1.007027
4670 6.194550 6.194550 6.194550 1.007027 1.007027 1.007027
4680 6.194550 6.194550 6.194550 1.007027 1.007027 1.007027
4690 6.194550 6.194550 6.194550 1.007027 1.007027 1.007027
4700 6.194550 6.194550 6.194550 1.007027 1.007027 1.007027
4710 6.194550 6.194550 6.194550 1.007027 1.007027 1.007027
4720 6.194550 6.194550 6.194550 1.007027 1.007027 1.007027
4730 6.194550 6.194550 6.194550 1.007027 1.007027 1.007027
4740 6.194550 6.194550 6.194550 1.007027 1.007027 1.007027
4750 6.194550 6.194550 6.194550 1.007027 1.007027 1.007027
4760 6.194550 6.194550 6.194550 1.007027 1.007027 1.007027
4770 6.194550 6.194550 6.194550 1.007027 1.007027 1.007027
4780 6.194550 6.194550 6.194550 1.007027 1.007027 1.007027
4790 6.194550 6.194550 6.194550 1.007027 1.007027 1.007027
4800 6.194550 6.194550 6.194550 1.007027 1.007027 1.007027
4810 6.194550 6.194550 6.194550 1.007027 1.007027 1.007027
4820 6.194550 6.194550 6.194550 1.007027 1.007027 1.007027
4830 6.194550 6.194550 6.194550 1.007027 1.007027 1.007027
4840 6.194550 6.194550 6.194550 1.007027 1.007027 1.007027
4850 6.194550 6.194550 6.194550 1.007027 1.007027 1.007027
4860 6.194550 6.194550 6.194550 1.007027 1.007027 1.007027
4870 6.194550 6.194550 6.194550 1.007027 1.007027 1.007027
4880 6.194550 6.194550 6.194550 1.007027 1.007027 1.007027
4890 6.194550 6.194550 6.194550 1.007027 1.007027 1.007027
4900 6.194550 6.194550 6.194550 1.007027 1.007027 1.007027
4910 6.194550 6.194550 6.194550 1.007027 1.007027 1.007027
4920 6.194550 6.194550 6.194550 1.007027 1.007027 1.007027
4930 6.194550 6.194550 6.194550 1.007027 1.007027 1.007027
4940 6.194550 6.194550 6.194550 1.007027 1.007027 1.007027
4950 6.194550 6.194550 6.194550 1.007027 1.007027 1.007027
4960 6.194550 6.194550 6.194550 1.007027 1.007027 1.007027
4970 6.194550 6.194550 6.194550 1.007027 1.007027 1.007027
4980 6.194550 6.194550 6.194550 1.007027 1.007027 1.007027
4990 6.194550 6.194550 6.194550 1.007027 1.007027 1.007027
5000 6.194550 6.194550 6.194550 1.007027 1.007027 1.007027
5010 6.194550 6.194550 6.194550 1.007027 1.007027 1.007027
5020 6.194550 6.194550 6.194550 1.007027 1.007027 1.007027
5030 6.194550 6.194550 6.194550 1.007027 1.007027 1.007027
5040 6.194550 6.194550 6.194550 1.007027 1.007027 1.007027
5050 6.194550 6.194550 6.194550 1.007027 1.007027 1.007027
5060 6.194550 6.194550 6.194550 1.007027 1.007027 1.007027
5070 6.194550 6.194550 6.194550 1.007027 1.007027 1.007027
5080 6.194550 6.194550 6.194550 1.007027 1.007027 1.007027
5090 6.194550 6.194550 6.194550 1.007027 1.007027 1.007027
5100 6.194550 6.194550 6.194550 1.007027 1.007027 1.007027
5110 6.194550 6.194550 6.194550 1.007027 1.007027 1.007027
5120 6.194550 6.194550 6.194550 1.007027 1.007027 1.007027
5130 6.194550 6.194550 6.194550 1.007027 1.007027 1.007027
5140 6.194550 6.194550 6.194550 1.007027 1.007027 1.007027
5150 6.194550 6.194550 6.194550 1.007027 1.007027 1.007027
5160 6.194550 6.194550 6.194550 1.007027 1.007027 1.007027
5170 6.194550 6.194550 6.194550 1.007027 1.007027 1.007027
5180 6.194550 6.194550 6.194550 1.007027 1.007027 1.007027
5190 6.194550 6.194550 6.194550 1.007027 1.007027 1.007027
5200 6.194550 6.194550 6.194550 1.007027 1.007027 1.007027
5210 6.194550 6.194550 6.194550 1.007027 1.007027 1.007027
5220 6.194550 6.194550 6.194550 1.007027 1.007027 1.007027
5230 6.194550 6.194550 6.194550 1.007027 1.007027 1.007027
5240 6.194550 6.194550 6.194550 1.007027 1.007027 1.007027
5250 6.194550 6.194550 6.194550 1.007027 1.007027 1.007027
5260 6.194550 6.194550 6.194550 1.007027 1.007027 1.007027
5270 6.194550 6.194550 6.194550 1.007027 1.007027 1.007027
5280 6.194550 6.194550 6.194550 1.007027 1.007027 1.007027
5290 6.194550 6.194550 6.194550 1.007027 1.007027 1.007027
5300 6.194550 6.194550 6.194550 1.007027 1.007027 1.007027
5310 6.194550 6.194550 6.194550 1.007027 1.007027 1.007027
5320 6.194550 6.194550 6.194550 1.007027 1.007027 1.007027
5330 6.194550 6.194550 6.194550 1.007027 1.007027 1.007027
5340 6.194550 6.194550 6.194550 1.007027 1.007027 1.007027
5350 6.194550 6.194550 6.194550 1.007027 1.007027 1.007027
5360 6.194550 6.194550 6.194550 1.007027 1.007027 1.007027
5370 6.194550 6.194550 6.194550 1.007027 1.007027 1.007027
5380 6.194550 6.194550 6.194550 1.007027 1.007027 1.007027
5390 6.194550 6.194550 6.194550 1.007027 1.007027 1.007027
5400 6.194550 6.194550 6.194550 1.007027 1.007027 1.007027
5410 6.194550 6.194550 6.194550 1.007027 1.007027 1.007027
5420 6.194550 6.194550 6.194550 1.007027 1.007027 1.007027
5430 6.194550 6.194550 6.194550 1.007027 1.007027 1.007027
5440 6.194550 6.194550 6.194550 1.007027 1.007027 1.007027
5450 6.194550 6.194550 6.194550 1.007027 1.007027 1.007027
5460 6.194550 6.194550 6.194550 1.007027 1.007027 1.007027
5470 6.194550 6.194550 6.194550 1.007027 1.007027 1.007027
5480 6.194550 6.194550 6.194550 1.007027 1.007027 1.007027
5490 6.194550 6.194550 6.194550 1.007027 1.007027 1.007027
5500 6.194550 6.194550 6.194550 1.007027 1.007027 1.007027
5510 6.194550 6.194550 6.194550 1.007027 1.007027 1.007027
5520 6.194550 6.194550 6.194550 1.007027 1.007027 1.007027
5530 6.194550 6.194550 6.194550 1.007027 1.007027 1.007027
5540 6.194550 6.194550 6.194550 1.007027 1.007027 1.007027
5550 6.194550 6.194550 6.194550 1.007027 1.007027 1.007027
5560 6.194550 6.194550 6.194550 1.007027 1.007027 1.007027
5570 6.194550 6.194550 6.194550 1.007027 1.007027 1.007027
5580 6.194550 6.194550 6.194550 1.007027 1.007027 1.007027
5590 6.194550 6.194550 6.194550 1.007027 1.007027 1.007027
5600 6.194550 6.194550 6.194550 1.007027 1.007027 1.007027
5610 6.194550 6.194550 6.194550 1.007027 1.007027 1.007027
5620 6.194550 6.194550 6.194550 1.007027 1.007027 1.007027
5630 6.194550 6.194550 6.194550 1.007027 1.007027 1.007027
5640 6.194550 6.194550 6.194550 1.007027 1.007027 1.007027
5650 6.194550 6.194550 6.194550 1.007027 1.007027 1.007027
5660 6.194550 6.194550 6.194550 1.007027 1.007027 1.007027
5670 6.194550 6.194550 6.194550 1.007027 1.007027 1.007027
5680 6.194550 6.194550 6.194550 1.007027 1.007027 1.007027
5690 6.194550 6.194550 6.194550 1.007027 1.007027 1.007027
5700 6.194550 6.194550 6.194550 1.007027 1.007027 1.007027
5710 6.194550 6.194550 6.194550 1.007027 1.007027 1.007027
5720 6.194550 6.194550 6.194550 1.007027 1.007027 1.007027
5730 6.194550 6.194550 6.194550 1.007027 1.007027 1.007027
5740 6.194550 6.194550 6.194550 1.007027 1.007027 1.007027
5750 6.194550 6.194550 6.194550 1.007027 1.007027 1.007027
5760 6.194550 6.194550 6.194550 1.007027 1.007027 1.007027
5770 6.194550 6.194550 6.194550 1.007027 1.007027 1.007027
5780 6.194550 6.194550 6.194550 1.007027 1.007027 1.007027
5790 6.194550 6.194550 6.194550 1.007027 1.007027 1.007027
5800 6.194550 6.194550 6.194550 1.007027 1.007027 1.007027
5810 6.194550 6.194550 6.194550 1.007027 1.007027 1.007027
5820 6.194550 6.194550 6.194550 1.007027 1.007027 1.007027
5830 6.194550 6.194550 6.194550 1.007027 1.007027 1.007027
5840 6.194550 6.194550 6.194550 1.007027 1.007027 1.007027
5850 6.194550 6.194550 6.194550 1.007027 1.007027 1.007027
5860 6.194550 6.194550 6.194550 1.007027 1.007027 1.007027
5870 6.194550 6.194550 6.194550 1.007027 1.007027 1.007027
5880 6.194550 6.194550 6.194550 1.007027 1.007027 1.007027
5890 6.194550 6.194550 6.194550 1.007027 1.007027 1.007027
5900 6.194550 6.194550 6.194550 1.007027 1.007027 1.007027
5910 6.194550 6.194550 6.194550 1.007027 1.007027 1.007027
5920 6.194550 6.194550 6.194550 1.007027 1.007027 1.007027
5930 6.194550 6.194550 6.194550 1.007027 1.007027 1.007027
5940 6.194550 6.194550 6.194550 1.007027 1.007027 1.007027
5950 6.194550 6.194550 6.194550 1.007027 1.007027 1.007027
5960 6.194550 6.194550 6.194550 1.007027 1.007027 1.007027
5970 6.194550 6.194550 6.194550 1.007027 1.007027 1.007027
5980 6.194550 6.194550 6.194550 1.007027 1.007027 1.007027
5990 6.194550 6.194550 6.194550 1.007027 1.007027 1.007027
6000 6.194550 6.194550 6.194550 1.007027 1.007027 1.007027
6010 6.194550 6.194550 6.194550 1.007027 1.007027 1.007027
6020 6.194550 6.194550 6.194550 1.007027 1.007027 1.007027
6030 6.194550 6.194550 6.194550 1.007027 1.007027 1.007027
6040 6.194550 6.194550 6.194550 1.007027 1.007027 1.007027
6050 6.194550 6.194550 6.194550 1.007027 1.007027 1.007027
6060 6.194550 6.194550 6.194550 1.007027 1.007027 1.007027
6070 6.194550 6.194550 6.194550 1.007027 1.007027 1.007027
6080 6.194550 6.194550 6.194550 1.007027 1.007027 1.007027
6090 6.194550 6.194550 6.194550 1.007027 1.007027 1.007027
6100 6.194550 6.194550 6.194550 1.007027 1.007027 1.007027
6110 6.194550 6.194550 6.194550 1.007027 1.007027 1.007027
6120 6.194550 6.194550 6.194550 1.007027 1.007027 1.007027
6130 6.194550 6.194550 6.194550 1.007027 1.007027 1.007027
6140 6.194550 6.194550 6.194550 1.007027 1.007027 1.007027
6150 6.194550 6.194550 6.194550 1.007027 1.007027 1.007027
6160 6.194550 6.194550 6.194550 1.007027 1.007027 1.007027
6170 6.194550 6.194550 6.194550 1.007027 1.007027 1.007027
6180 6.194550 6.194550 6.194550 1.007027 1.007027 1.007027
6190 6.194550 6.194550 6.194550 1.007027 1.007027 1.007027
6200 6.194550 6.194550 6.194550 1.007027 1.007027 1.007027
6210 6.194550 6.194550 6.194550 1.007027 1.007027 1.007027
6220 6.194550 6.194550 6.194550 1.007027 1.007027 1.007027
6230 6.194550 6.194550 6.194550 1.007027 1.007027 1.007027
6240 6.194550 6.194550 6.194550 1.007027 1.007027 1.007027
6250 6.194550 6.194550 6.194550 1.007027 1.007027 1.007027
6260 6.194550 6.194550 6.194550 1.007027 1.007027 1.007027
6270 6.194550 6.194550 6.194550 1.007027 1.007027 1.007027
6280 6.194550 6.194550 6.194550 1.007027 1.007027 1.007027
6290 6.194550 6.194550 6.194550 1.007027 1.007027 1.007027
6300 6.194550 6.194550 6.194550 1.007027 1.007027 1.007027
6310 6.194550 6.194550 6.194550 1.007027 1.007027 1.007027
6320 6.194550 6.194550 6.194550 1.007027 1.007027 1.007027
6330 6.194550 6.194550 6.194550 1.007027 1.007027 1.007027
6340 6.194550 6.194550 6.194550 1.007027 1.007027 1.007027
6350 6.194550 6.194550 6.194550 1.007027 1.007027 1.007027
6360 6.194550 6.194550 6.194550 1.007027 1.007027 1.007027
6370 6.194550 6.194550 6.194550 1.007027 1.007027 1.007027
6380 6.194550 6.194550 6.194550 1.007027 1.007027 1.007027
6390 6.194550 6.194550 6.194550 1.007027 1.007027 1.007027
6400 6.194550 6.194550 6.194550 1.007027 1.007027 1.007027
6410 6.194550 6.194550 6.194550 1.007027 1.007027 1.007027
6420 6.194550 6.194550 6.194550 1.007027 1.007027 1.007027
6430 6.194550 6.194550 6.194550 1.007027 1.007027 1.007027
6440 6.194550 6.194550 6.194550 1.007027 1.007027 1.007027
6450 6.194550 6.194550 6.194550 1.007027 1.007027 1.007027
6460 6.194550 6.194550 6.194550 1.007027 1.007027 1.007027
6470 6.194550 6.194550 6.194550 1.007027 1.007027 1.007027
6480 6.194550 6.194550 6.194550 1.007027 1.007027 1.007027
6490 6.194550 6.194550 6.194550 1.007027 1.007027 1.007027
6500 6.194550 6.194550 6.194550 1.007027 1.007027 1.007027
6510 6.194550 6.194550 6.194550 1.007027 1.007027 1.007027
6520 6.194550 6.194550 6.194550 1.007027 1.007027 1.007027
6530 6.194550 6.194550 6.194550 1.007027 1.007027 1.007027
6540 6.194550 6.194550 6.194550 1.007027 1.007027 1.007027
6550 6.194550 6.194550 6.194550 1.007027 1.007027 1.007027
6560 6.194550 6.194550 6.194550 1.007027 1.007027 1.007027
6570 6.194550 6.194550 6.194550 1.007027 1.007027 1.007027
6580 6.194550 6.194550 6.194550 1.007027 1.007027 1.007027
6590 6.194550 6.194550 6.194550 1.007027 1.007027 1.007027
6600 6.194550 6.194550 6.194550 1.007027 1.007027 1.007027
6610 6.194550 6.194550 6.194550 1.007027 1.007027 1.007027
6620 6.194550 6.194550 6.194550 1.007027 1.007027 1.007027
6630 6.194550 6.194550 6.194550 1.007027 1.007027 1.007027
6640 6.194550 6.194550 6.194550 1.007027 1.007027 1.007027
6650 6.194550 6.194550 6.194550 1.007027 1.007027 1.007027
6660 6.194550 6.194550 6.194550 1.007027 1.007027 1.007027
6670 6.194550 6.194550 6.194550 1.007027 1.007027 1.007027
6680 6.194550 6.194550 6.194550 1.007027 1.007027 1.007027
6690 6.194550 6.194550 6.194550 1.007027 1.007027 1.007027
6700 6.194550 6.194550 6.194550 1.007027 1.007027 1.007027
6710 6.194550 6.194550 6.194550 1.007027 1.007027 1.007027
6720 6.194550 6.194550 6.194550 1.007027 1.007027 1.007027
6730 6.194550 6.194550 6.194550 1.007027 1.007027 1.007027
6740 6.194550 6.194550 6.194550 1.007027 1.007027 1.007027
6750 6.194550 6.194550 6.194550 1.007027 1.007027 1.007027
6760 6.194550 6.194550 6.194550 1.007027 1.007027 1.007027
6770 6.194550 6.194550 6.194550 1.007027 1.007027 1.007027
6780 6.194550 6.194550 6.194550 1.007027 1.007027 1.007027
6790 6.194550 6.194550 6.194550 1.007027 1.007027 1.007027
6800 6.194550 6.194550 6.194550 1.007027 1.007027 1.007027
6810 6.194550 6.194550 6.194550 1.007027 1.007027 1.007027
6820 6.194550 6.194550 6.194550 1.007027 1.007027 1.007027
6830 6.194550 6.194550 6.194550 1.007027 1.007027 1.007027
6840 6.194550 6.194550 6.194550 1.007027 1.007027 1.007027
6850 6.194550 6.194550 6.194550 1.007027 1.007027 1.007027
6860 6.194550 6.194550 6.194550 1.007027 1.007027 1.007027
6870 6.194550 6.194550 6.194550 1.007027 1.007027 1.007027
6880 6.194550 6.194550 6.194550 1.007027 1.007027 1.007027
6890 6.194550 6.194550 6.194550 1.007027 1.007027 1.007027
6900 6.194550 6.194550 6.194550 1.007027 1.007027 1.007027
6910 6.194550 6.194550 6.194550 1.007027 1.007027 1.007027
6920 6.194550 6.194550 6.194550 1.007027 1.007027 1.007027
6930 6.194550 6.194550 6.194550 1.007027 1.007027 1.007027
6940 6.194550 6.194550 6.194550 1.007027 1.007027 1.007027
6950 6.194550 6.194550 6.194550 1.007027 1.007027 1.007027
6960 6.194550 6.194550 6.194550 1.007027 1.007027 1.007027
6970 6.194550 6.194550 6.194550 1.007027 1.007027 1.007027
6980 6.194550 6.194550 6.194550 1.007027 1.007027 1.007027
6990 6.194550 6.194550 6.194550 1.007027 1.007027 1.007027
7000 6.194550 6.194550 6.194550 1.007027 1.007027 1.007027
7010 6.194550 6.194550 6.194550 1.007027 1.007027 1.007027
7020 6.194550 6.194550 6.194550 1.007027 1.007027 1.007027
7030 6.194550 6.194550 6.194550 1.007027 1.007027 1.007027
7040 6.194550 6.194550 6.194550 1.007027 1.007027 1.007027
7050 6.194550 6.194550 6.194550 1.007027 1.007027 1.007027
7060 6.194550 6.194550 6.194550 1.007027 1.007027 1.007027
7070 6.194550 6.194550 6.194550 1.007027 1.007027 1.007027
7080 6.194550 6.194550 6.194550 1.007027 1.007027 1.007027
7090 6.194550 6.194550 6.194550 1.007027 1.007027 1.007027
7100 6.194550 6.194550 6.194550 1.007027 1.007027 1.007027
7110 6.194550 6.194550 6.194550 1.007027 1.007027 1.007027
7120 6.194550 6.194550 6.194550 1.007027 1.007027 1.007027
7130 6.194550 6.194550 6.194550 1.007027 1.007027 1.007027
7140 6.194550 6.194550 6.194550 1.007027 1.007027 1.007027
7150 6.194550 6.194550 6.194550 1.007027 1.007027 1.007027
7160 6.194550 6.194550 6.194550 1.007027 1.007027 1.007027
7170 6.194550 6.194550 6.194550 1.007027 1.007027 1.007027
7180 6.194550 6.194550 6.194550 1.007027 1.007027 1.007027
7190 6.194550 6.194550 6.194550 1.007027 1.007027 1.007027
7200 6.194550 6.194550 6.194550 1.007027 1.007027 1.007027
7210 6.194550 6.194550 6.194550 1.007027 1.007027 1.007027
7220 6.194550 6.194550 6.194550 1.007027 1.007027 1.007027
7230 6.194550 6.194550 6.194550 1.007027 1.007027 1.007027
7240 6.194550 6.194550 6.194550 1.007027 1.007027 1.007027
7250 6.194550 6.194550 6.194550 1.007027 1.007027 1.007027
7260 6.194550 6.194550 6.194550 1.007027 1.007027 1.007027
7270 6.194550 6.194550 6.194550 1.007027 1.007027 1.007027
7280 6.194550 6.194550 6.194550 1.007027 1.007027 1.007027
7290 6.194550 6.194550 6.194550 1.007027 1.007027 1.007027
7300 6.194550 6.194550 6.194550 1.007027 1.007027 1.007027
7310 6.194550 6.194550 6.194550 1.007027 1.007027 1.007027
7320 6.194550 6.194550 6.194550 1.007027 1.007027 1.007027
7330 6.194550 6.194550 6.194550 1.007027 1.007027 1.007027
7340 6.194550 6.194550 6.194550 1.007027 1.007027 1.007027
7350 6.194550 6.194550 6.194550 1.007027 1.007027 1.007027
7360 6.194550 6.194550 6.194550 1.007027 1.007027 1.007027
7370 6.194550 6.194550 6.194550 1.007027 1.007027 1.007027
7380 6.194550 6.194550 6.194550 1.007027 1.007027 1.007027
7390 6.194550 6.194550 6.194550 1.007027 1.007027 1.007027
7400 6.194550 6.194550 6.194550 1.007027 1.007027 1.007027
7410 6.194550 6.194550 6.194550 1.007027 1.007027 1.007027
7420 6.194550 6.194550 6.194550 1.007027 1.007027 1.007027
7430 6.194550 6.194550 6.194550 1.007027 1.007027 1.007027
7440 6.194550 6.194550 6.194550 1.007027 1.007027 1.007027
7450 6.194550 6.194550 6.194550 1.007027 1.007027 1.007027
7460 6.194550 6.194550 6.194550 1.007027 1.007027 1.007027
7470 6.194550 6.194550 6.194550 1.007027 1.007027 1.007027
7480 6.194550 6.194550 6.194550 1.007027 1.007027 1.007027
7490 6.194550 6.194550 6.194550 1.007027 1.007027 1.007027
7500 6.194550 6.194550 6.194550 1.007027 1.007027 1.007027
7510 6.194550 6.194550 6.194550 1.007027 1.007027 1.007027
7520 6.194550 6.194550 6.194550 1.007027 1.007027 1.007027
7530 6.194550 6.194550 6.194550 1.007027 1.007027 1.007027
7540 6.194550 6.194550 6.194550 1.007027 1.007027 1.007027
7550 6.194550 6.194550 6.194550 1.007027 1.007027 1.007027
7560 6.194550 6.194550 6.194550 1.007027 1.007027 1.007027
7570 6.194550 6.194550 6.194550 1.007027 1.007027 1.007027
7580 6.194550 6.194550 6.194550 1.007027 1.007027 1.007027
7590 6.194550 6.194550 6.194550 1.007027 1.007027 1.007027
7600 6.194550 6.194550 6.194550 1.007027 1.007027 1.007027
7610 6.194550 6.194550 6.194550 1.007027 1.007027 1.007027
7620 6.194550 6.194550 6.194550 1.007027 1.007027 1.007027
7630 6.194550 6.194550 6.194550 1.007027 1.007027 1.007027
7640 6.194550 6.194550 6.194550 1.007027 1.007027 1.007027
7650 6.194550 6.194550 6.194550 1.007027 1.007027 1.007027
7660 6.194550 6.194550 6.194550 1.007027 1.007027 1.007027
7670 6.194550 6.194550 6.194550 1.007027 1.007027 1.007027
7680 6.194550 6.194550 6.194550 1.007027 1.007027 1.007027
7690 6.194550 6.194550 6.194550 1.007027 1.007027 1.007027
7700 6.194550 6.194550 6.194550 1.007027 1.007027 1.007027
7710 6.194550 6.194550 6.194550 1.007027 1.007027 1.007027
7720 6.194550 6.194550 6.194550 1.007027 1.007027 1.007027
7730 6.194550 6.194550 6.194550 1.007027 1.007027 1.007027
7740 6.194550 6.194550 6.194550 1.007027 1.007027 1.007027
7750 6.194550 6.194550 6.194550 1.007027 1.007027 1.007027
7760 6.194550 6.194550 6.194550 1.007027 1.007027 1.007027
7770 6.194550 6.194550 6.194550 1.007027 1.007027 1.007027
7780 6.194550 6.194550 6.194550 1.007027 1.007027 1.007027
7790 6.194550 6.194550 6.194550 1.007027 1.007027 1.007027
7800 6.194550 6.194550 6.194550 1.007027 1.007027 1.007027
7810 6.194550 6.194550 6.194550 1.007027 1.007027 1.007027
7820 6.194550 6.194550 6.194550 1.007027 1.007027 1.007027
7830 6.194550 6.194550 6.194550 1.007027 1.007027 1.007027
7840 6.194550 6.194550 6.194550 1.007027 1.007027 1.007027
7850 6.194550 6.194550 6.194550 1.007027 1.007027 1.007027
7860 6.194550 6.194550 6.194550 1.007027 1.007027 1.007027
7870 6.194550 6.194550 6.194550 1.007027 1.007027 1.007027
7880 6.194550 6.194550 6.194550 1.007027 1.007027 1.007027
7890 6.194550 6.194550 6.194550 1.007027 1.007027 1.007027
7900 6.194550 6.194550 6.194550 1.007027 1.007027 1.007027
7910 6.194550 6.194550 6.194550 1.007027 1.007027 1.007027
7920 6.194550 6.194550 6.194550 1.007027 1.007027 1.007027
7930 6.194550 6.194550 6.194550 1.007027 1.007027 1.007027
7940 6.194550 6.194550 6.194550 1.007027 1.007027 1.007027
7950 6.194550 6.194550 6.194550 1.007027 1.007027 1.007027
7960 6.194550 6.194550 6.194550 1.007027 1.007027 1.007027
7970 6.194550 6.194550 6.194550 1.007027 1.007027 1.007027
7980 6.194550 6.194550 6.194550 1.007027 1.007027 1.007027
7990 6.194550 6.194550 6.194550 1.007027 1.007027 1.007027
8000 6.194550 6.194550 6.194550 1.007027 1.007027 1.007027
8010 6.194550 6.194550 6.194550 1.007027 1.007027 1.007027
8020 6.194550 6.194550 6.194550 1.007027 1.007027 1.007027
8030 6.194550 6.194550 6.194550 1.007027 1.007027 1.007027
8040 6.194550 6.194550 6.194550 1.007027 1.007027 1.007027
8050 6.194550 6.194550 6.194550 1.007027 1.007027 1.007027
8060 6.194550 6.194550 6.194550 1.007027 1.007027 1.007027
8070 6.194550 6.194550 6.194550 1.007027 1.007027 1.007027
8080 6.194550 6.194550 6.194550 1.007027 1.007027 1.007027
8090 6.194550 6.194550 6.194550 1.007027 1.007027 1.007027
8100 6.194550 6.194550 6.194550 1.007027 1.007027 1.007027
8110 6.194550 6.194550 6.194550 1.007027 1.007027 1.007027
8120 6.194550 6.194550 6.194550 1.007027 1.007027 1.007027
8130 6.194550 6.194550 6.194550 1.007027 1.007027 1.007027
8140 6.194550 6.194550 6.194550 1.007027 1.007027 1.007027
8150 6.194550 6.194550 6.194550 1.007027 1.007027 1.007027
8160 6.194550 6.194550 6.194550 1.007027 1.007027 1.007027
8170 6.194550 6.194550 6.194550 1.007027 1.007027 1.007027
8180 6.194550 6.194550 6.194550 1.007027 1.007027 1.007027
8190 6.194550 6.194550 6.194550 1.007027 1.007027 1.007027
8200 6.194550 6.194550 6.194550 1.007027 1.007027 1.007027
8210 6.194550 6.194550 6.194550 1.007027 1.007027 1.007027
8220 6.194550 6.194550 6.194550 1.007027 1.007027 1.007027
8230 6.194550 6.194550 6.194550 1.007027 1.007027 1.007027
8240 6.194550 6.194550 6.194550 1.007027 1.007027 1.007027
8250 6.194550 6.194550 6.194550 1.007027 1.007027 1.007027
8260 6.194550 6.194550 6.194550 1.007027 1.007027 1.007027
8270 6.194550 6.194550 6.194550 1.007027 1.007027 1.007027
8280 6.194550 6.194550 6.194550 1.007027 1.007027 1.007027
8290 6.194550 6.194550 6.194550 1.007027 1.007027 1.007027
8300 6.194550 6.194550 6.194550 1.007027 1.007027 1.007027
8310 6.194550 6.194550 6.194550 1.007027 1.007027 1.007027
8320 6.194550 6.194550 6.194550 1.007027 1.007027 1.007027
8330 6.194550 6.194550 6.194550 1.007027 1.007027 1.007027
8340 6.194550 6.194550 6.194550 1.007027 1.007027 1.007027
8350 6.194550 6.194550 6.194550 1.007027 1.007027 1.007027
8360 6.194550 6.194550 6.194550 1.007027 1.007027 1.007027
8370 6.194550 6.194550 6.194550 1.007027 1.007027 1.007027
8380 6.194550 6.194550 6.194550 1.007027 1.007027 1.007027
8390 6.194550 6.194550 6.194550 1.007027 1.007027 1.007027
8400 6.194550 6.194550 6.194550 1.007027 1.007027 1.007027
8410 6.194550 6.194550 6.194550 1.007027 1.007027 1.007027
8420 6.194550 6.194550 6.194550 1.007027 1.007027 1.007027
8430 6.194550 6.194550 6.194550 1.007027 1.007027 1.007027
8440 6.194550 6.194550 6.194550 1.007027 1.007027 1.007027
8450 6.194550 6.194550 6.194550 1.007027 1.007027 1.007027
8460 6.194550 6.194550 6.194550 1.007027 1.007027 1.007027
8470 6.194550 6.194550 6.194550 1.007027 1.007027 1.007027
8480 6.194550 6.194550 6.194550 1.007027 1.007027 1.007027
8490 6.194550 6.194550 6.194550 1.007027 1.007027 1.007027
8500 6.194550 6.194550 6.194550 1.007027 1.007027 1.007027
8510 6.194550 6.194550 6.194550 1.007027 1.007027 1.007027
8520 6.194550 6.194550 6.194550 1.007027 1.007027 1.007027
8530 6.194550 6.194550 6.194550 1.007027 1.007027 1.007027
8540 6.194550 6.194550 6.194550 1.007027 1.007027 1.007027
8550 6.194550 6.194550 6.194550 1.007027 1.007027 1.007027
8560 6.194550 6.194550 6.194550 1.007027 1.007027 1.007027
8570 6.194550 6.194550 6.194550 1.007027 1.007027 1.007027
8580 6.194550 6.194550 6.194550 1.007027 1.007027 1.007027
8590 6.194550 6.194550 6.194550 1.007027 1.007027 1.007027
8600 6.194550 6.194550 6.194550 1.007027 1.007027 1.007027
8610 6.194550 6.194550 6.194550 1.007027 1.007027 1.007027
8620 6.194550 6.194550 6.194550 1.007027 1.007027 1.007027
8630 6.194550 6.194550 6.194550 1.007027 1.007027 1.007027
8640 6.194550 6.194550 6.194550 1.007027 1.007027 1.007027
8650 6.194550 6.194550 6.194550 1.007027 1.007027 1.007027
8660 6.194550 6.194550 6.194550 1.007027 1.007027 1.007027
8670 6.194550 6.194550 6.194550 1.007027 1.007027 1.007027
8680 6.194550 6.194550 6.194550 1.007027 1.007027 1.007027
8690 6.194550 6.194550 6.194550 1.007027 1.007027 1.007027
8700 6.194550 6.194550 6.194550 1.007027 1.007027 1.007027
8710 6.194550 6.194550 6.194550 1.007027 1.007027 1.007027
8720 6.194550 6.194550 6.194550 1.007027 1.007027 1.007027
8730 6.194550 6.194550 6.194550 1.007027 1.007027 1.007027
8740 6.194550 6.194550 6.194550 1.007027 1.007027 1.007027
8750 6.194550 6.194550 6.194550 1.007027 1.007027 1.007027
8760 6.194550 6.194550 6.194550 1.007027 1.007027 1.007027
8770 6.194550 6.194550 6.194550 1.007027 1.007027 1.007027
8780 6.194550 6.194550 6.194550 1.007027 1.007027 1.007027
8790 6.194550 6.194550 6.194550 1.007027 1.007027 1.007027
8800 6.194550 6.194550 6.194550 1.007027 1.007027 1.007027
8810 6.194550 6.194550 6.194550 1.007027 1.007027 1.007027
8820 6.194550 6.194550 6.194550 1.007027 1.007027 1.007027
8830 6.194550 6.194550 6.194550 1.007027 1.007027 1.007027
8840 6.194550 6.194550 6.194550 1.007027 1.007027 1.007027
8850 6.194550 6.194550 6.194550 1.007027 1.007027 1.007027
8860 6.194550 6.194550 6.194550 1.007027 1.007027 1.007027
8870 6.194550 6.194550 6.194550 1.007027 1.007027 1.007027
8880 6.194550 6.194550 6.194550 1.007027 1.007027 1.007027
8890 6.194550 6.194550 6.194550 1.007027 1.007027 1.007027
8900 6.194550 6.194550 6.194550 1.007027 1.007027 1.007027
8910 6.194550 6.194550 6.194550 1.007027 1.007027 1.007027
8920 6.194550 6.194550 6.194550 1.007027 1.007027 1.007027
8930 6.194550 6.194550 6.194550 1.007027 1.007027 1.007027
8940 6.194550 6.194550 6.194550 1.007027 1.007027 1.007027
8950 6.194550 6.194550 6.194550 1.007027 1.007027 1.007027
8960 6.194550 6.194550 6.194550 1.007027 1.007027 1.007027
8970 6.194550 6.194550 6.194550 1.007027 1.007027 1.007027
8980 6.194550 6.194550 6.194550 1.007027 1.007027 1.007027
8990 6.194550 6.194550 6.194550 1.007027 1.007027 1.007027
9000 6.194550 6.194550 6.194550 1.007027 1.007027 1.007027
9010 6.194550 6.194550 6.194550 1.007027 1.007027 1.007027
9020 6.194550 6.194550 6.194550 1.007027 1.007027 1.007027
9030 6.194550 6.194550 6.194550 1.007027 1.007027 1.007027
9040 6.194550 6.194550 6.194550 1.007027 1.007027 1.007027
9050 6.194550 6.194550 6.194550 1.007027 1.007027 1.007027
9060 6.194550 6.194550 6.194550 1.007027 1.007027 1.007027
9070 6.194550 6.194550 6.194550 1.007027 1.007027 1.007027
9080 6.194550 6.194550 6.194550 1.007027 1.007027 1.007027
9090 6.194550 6.194550 6.194550 1.007027 1.007027 1.007027
9100 6.194550 6.194550 6.194550 1.007027 1.007027 1.007027
9110 6.194550 6.194550 6.194550 1.007027 1.007027 1.007027
9120 6.194550 6.194550 6.194550 1.007027 1.007027 1.007027
9130 6.194550 6.194550 6.194550 1.007027 1.007027 1.007027
9140 6.194550 6.194550 6.194550 1.007027 1.007027 1.007027
9150 6.194550 6.194550 6.194550 1.007027 1.007027 1.007027
9160 6.194550 6.194550 6.194550 1.007027 1.007027 1.007027
9170 6.194550 6.194550 6.194550 1.007027 1.007027 1.007027
9180 6.194550 6.194550 6.194550 1.007027 1.007027 1.007027
9190 6.194550 6.194550 6.194550 1.007027 1.007027 1.007027
9200 6.194550 6.194550 6.194550 1.007027 1.007027 1.007027
9210 6.194550 6.194550 6.194550 1.007027 1.007027 1.007027
9220 6.194550 6.194550 6.194550 1.007027 1.007027 1.007027
9230 6.194550 6.194550 6.194550 1.007027 1.007027 1.007027
9240 6.194550 6.194550 6.194550 1.007027 1.007027 1.007027
9250 6.194550 6.194550 6.194550 1.007027 1.007027 1.007027
9260 6.194550 6.194550 6.194550 1.007027 1.007027 1.007027
9270 6.194550 6.194550 6.194550 1.007027 1.007027 1.007027
9280 6.194550 6.194550 6.194550 1.007027 1.007027 1.007027
9290 6.194550 6.194550 6.194550 1.007027 1.007027 1.007027
9300 6.194550 6.194550 6.194550 1.007027 1.007027 1.007027
9310 6.194550 6.194550 6.194550 1.007027 1.007027 1.007027
9320 6.194550 6.194550 6.194550 1.007027 1.007027 1.007027
9330 6.194550 6.194550 6.194550 1.007027 1.007027 1.007027
9340 6.194550 6.194550 6.194550 1.007027 1.007027 1.007027
9350 6.194550 6.194550 6.194550 1.007027 1.007027 1.007027
9360 6.194550 6.194550 6.194550 1.007027 1.007027 1.007027
9370 6.194550 6.194550 6.194550 1.007027 1.007027 1.007027
9380 6.194550 6.194550 6.194550 1.007027 1.007027 1.007027
9390 6.194550 6.194550 6.194550 1.007027 1.007027 1.007027
9400 6.194550 6.194550 6.194550 1.007027 1.007027 1.007027
9410 6.194550 6.194550 6.194550 1.007027 1.007027 1.007027
9420 6.194550 6.194550 6.194550 1.007027 1.007027 1.007027
9430 6.194550 6.194550 6.194550 1.007027 1.007027 1.007027
9440 6.194550 6.194550 6.194550 1.007027 1.007027 1.007027
9450 6.194550 6.194550 6.194550 1.007027 1.007027 1.007027
9460 6.194550 6.194550 6.194550 1.007027 1.007027 1.007027
9470 6.194550 6.194550 6.194550 1.007027 1.007027 1.007027
9480 6.194550 6.194550 6.194550 1.007027 1.007027 1.007027
9490 6.194550 6.194550 6.194550 1.007027 1.007027 1.007027
9500 6.194550 6.194550 6.194550 1.007027 1.007027 1.007027
9510 6.194550 6.194550 6.194550 1.007027 1.007027 1.007027
9520 6.194550 6.194550 6.194550 1.007027 1.007027 1.007027
9530 6.194550 6.194550 6.194550 1.007027 1.007027 1.007027
9540 6.194550 6.194550 6.194550 1.007027 1.007027 1.007027
9550 6.194550 6.194550 6.194550 1.007027 1.007027 1.007027
9560 6.194550 6.194550 6.194550 1.007027 1.007027 1.007027
9570 6.194550 6.194550 6.194550 1.007027 1.007027 1.007027
9580 6.194550 6.194550 6.194550 1.007027 1.007027 1.007027
9590 6.194550 6.194550 6.194550 1.007027 1.007027 1.007027
9600 6.194550 6.194550 6.194550 1.007027 1.007027 1.007027
9610 6.194550 6.194550 6.194550 1.007027 1.007027 1.007027
9620 6.194550 6.194550 6.194550 1.007027 1.007027 1.007027
9630 6.194550 6.194550 6.194550 1.007027 1.007027 1.007027
9640 6.194550 6.194550 6.194550 1.007027 1.007027 1.007027
9650 6.194550 6.194550 6.194550 1.007027 1.007027 1.007027
9660 6.194550 6.194550 6.194550 1.007027 1.007027 1.007027
9670 6.194550 6.194550 6.194550 1.007027 1.007027 1.007027
9680 6.194550 6.194550 6.194550 1.007027 1.007027 1.007027
9690 6.194550 6.194550 6.194550 1.007027 1.007027 1.007027
9700 6.194550 6.194550 6.194550 1.007027 1.007027 1.007027
9710 6.194550 6.194550 6.194550 1.007027 1.007027 1.007027
9720 6.194550 6.194550 6.194550 1.007027 1.007027 1.007027
9730 6.194550 6.194550 6.194550 1.007027 1.007027 1.007027
9740 6.194550 6.194550 6.194550 1.007027 1.007027 1.007027
9750 6.194550 6.194550 6.194550 1.007027 1.007027 1.007027
9760 6.194550 6.194550 6.194550 1.007027 1.007027 1.007027
9770 6.194550 6.194550 6.194550 1.007027 1.007027 1.007027
9780 6.194550 6.194550 6.194550 1.007027 1.007027 1.007027
9790 6.194550 6.194550 6.194550 1.007027 1.007027 1.007027
9800 6.194550 6.194550 6.194550 1.007027 1.007027 1.007027
9810 6.194550 6.194550 6.194550 1.007027 1.007027 1.007027
9820 6.194550 6.194550 6.194550 1.007027 1.007027 1.007027
9830 6.194550 6.194550 6.194550 1.007027 1.007027 1.007027
9840 6.194550 6.194550 6.194550 1.007027 1.007027 1.007027
9850 6.194550 6.194550 6.194550 1.007027 1.007027 1.007027
9860 6.194550 6.194550 6.194550 1.007027 1.007027 1.007027
9870 6.194550 6.194550 6.194550 1.007027 1.007027 1.007027
9880 6.194550 6.194550 6.194550 1.007027 1.007027 1.007027
9890 6.194550 6.194550 6.194550 1.007027 1.007027 1.007027
9900 6.194550 6.194550 6.194550 1.007027 1.007027 1.007027
9910 6.194550 6.194550 6.194550 1.007027 1.007027 1.007027
9920 6.194550 6.194550 6.194550 1.007027 1.007027 1.007027
9930 6.194550 6.194550 6.194550 1.007027 1.007027 1.007027
9940 6.194550 6.194550 6.194550 1.007027 1.007027 1.007027
9950 6.194550 6.194550 6.194550 1.007027 1.007027 1.007027
9960 6.194550 6.194550 6.194550 1.007027 1.007027 1.007027
9970 6.194550 6.194550 6.194550 1.007027 1.007027 1.007027
9980 6.194550 6.194550 6.194550 1.007027 1.007027 1.007027
9990 6.194550 6.194550 6.194550 1.007027 1.007027 1.007027
10000 6.194550 6.194550 6.194550 1.007027 1.007027 1.007027
