# generation power_min power_avg power_max util_min util_avg util_max
1 7.301096 8.727739 10.376728 0.316109 0.452558 0.624674
10 7.301096 8.545262 9.669259 0.298416 0.456338 0.624674
20 7.101854 8.388438 9.255380 0.298416 0.456416 0.624674
30 7.101854 8.246762 9.026853 0.298416 0.457010 0.624674
40 7.101854 8.118336 8.868886 0.298416 0.453286 0.624674
50 7.031847 7.991806 8.677150 0.298416 0.452205 0.624674
60 6.638983 7.860391 8.520814 0.298416 0.452453 0.624674
70 6.638983 7.728576 8.327359 0.265370 0.453131 0.624674
80 6.426473 7.621630 8.261969 0.265370 0.453163 0.624674
90 6.267350 7.493582 8.160998 0.265370 0.451225 0.624674
100 6.165978 7.367979 8.018510 0.265370 0.451446 0.624674
110 6.165978 7.258127 7.911663 0.265370 0.446777 0.624674
120 6.018793 7.147946 7.760628 0.265370 0.444264 0.567532
130 5.688328 7.016930 7.664589 0.265370 0.439226 0.567532
140 5.457589 6.877400 7.544284 0.265370 0.434624 0.567532
150 5.457589 6.750473 7.419209 0.265370 0.432047 0.566094
160 5.457589 6.639014 7.336207 0.261796 0.426085 0.566094
170 5.263713 6.487129 7.180732 0.261796 0.422808 0.566094
180 5.158213 6.352453 7.073802 0.261796 0.422011 0.566094
190 4.856482 6.195533 6.968042 0.261796 0.424621 0.566094
200 4.856482 6.040300 6.857351 0.261796 0.422736 0.566094
210 4.856482 5.887348 6.729597 0.261796 0.421630 0.566094
220 4.681910 5.743857 6.590524 0.281759 0.416561 0.554169
230 4.681910 5.603419 6.426473 0.284730 0.416895 0.554169
240 4.574173 5.482811 6.257144 0.284730 0.416091 0.554169
250 4.574173 5.347976 6.085792 0.284730 0.415838 0.554169
260 4.110472 5.215206 5.875187 0.302403 0.416009 0.554169
270 4.110472 5.128835 5.688328 0.304618 0.417426 0.554169
280 4.110472 5.044845 5.570332 0.304618 0.417566 0.546694
290 4.110472 4.948906 5.448974 0.304618 0.415728 0.546694
300 4.110472 4.867448 5.295262 0.304618 0.414100 0.546694
310 4.110472 4.796035 5.255268 0.304618 0.412140 0.546694
320 4.110472 4.724359 5.128612 0.318886 0.410538 0.546694
330 4.072657 4.657532 5.018578 0.299328 0.406805 0.546694
340 4.005842 4.591325 4.939557 0.299328 0.404570 0.546694
350 4.005842 4.524630 4.874885 0.299328 0.402700 0.546694
360 3.913724 4.460600 4.846096 0.299328 0.397709 0.546694
370 3.913724 4.398352 4.743685 0.299328 0.395836 0.546694
380 3.794286 4.332647 4.681277 0.299328 0.394365 0.546694
390 3.794286 4.275953 4.589162 0.299328 0.391189 0.474888
400 3.794286 4.222671 4.527929 0.299328 0.388544 0.474888
410 3.794286 4.176219 4.440979 0.299328 0.384662 0.474888
420 3.789125 4.132837 4.395923 0.303489 0.384589 0.474888
430 3.689891 4.081187 4.356910 0.303489 0.379284 0.474888
440 3.689891 4.033408 4.300435 0.303489 0.374561 0.474888
450 3.667031 3.987277 4.236118 0.303489 0.370613 0.448207
460 3.667031 3.941787 4.181014 0.303489 0.369518 0.448207
470 3.507059 3.892205 4.128184 0.303489 0.367759 0.448207
480 3.506315 3.848411 4.076814 0.305269 0.366230 0.435606
490 3.464781 3.802507 4.049706 0.295071 0.362444 0.435606
500 3.278322 3.755082 3.986254 0.295071 0.358357 0.435447
510 3.241360 3.717735 3.954145 0.295071 0.355472 0.435447
520 3.228091 3.668138 3.887863 0.295071 0.354410 0.435447
530 3.222609 3.629388 3.838753 0.295071 0.352611 0.435447
540 3.222609 3.592895 3.792626 0.293593 0.350142 0.431804
550 3.132850 3.549833 3.767288 0.293593 0.347850 0.431804
560 3.132850 3.505318 3.726680 0.293593 0.344443 0.431804
570 2.985821 3.462971 3.689891 0.293593 0.343812 0.431804
580 2.985821 3.416899 3.663082 0.293593 0.343869 0.409831
590 2.985821 3.371535 3.603763 0.293593 0.343244 0.409831
600 2.985821 3.328902 3.583910 0.293593 0.344064 0.409831
610 2.965299 3.279710 3.507059 0.303537 0.345988 0.409831
620 2.965299 3.240011 3.489603 0.303537 0.344726 0.409831
630 2.965299 3.203511 3.434734 0.303696 0.343671 0.409831
640 2.965299 3.165114 3.399102 0.303736 0.343432 0.409831
650 2.959556 3.127385 3.338891 0.303736 0.344737 0.395414
660 2.894530 3.096201 3.278322 0.309187 0.346463 0.395414
670 2.894530 3.068546 3.243357 0.309187 0.347524 0.395414
680 2.894530 3.042256 3.204337 0.309187 0.347956 0.395414
690 2.894530 3.018513 3.132850 0.309187 0.349950 0.395414
700 2.880119 2.999616 3.101439 0.309187 0.351402 0.395414
710 2.880119 2.982893 3.086229 0.309187 0.353360 0.395414
720 2.878405 2.966508 3.047252 0.309187 0.354208 0.395414
730 2.878405 2.952681 3.029543 0.309187 0.355789 0.395414
740 2.878405 2.940977 3.019374 0.319180 0.357030 0.395414
750 2.878405 2.928430 2.996934 0.320764 0.357960 0.395414
760 2.845539 2.917699 2.980265 0.325238 0.357159 0.395414
770 2.845539 2.908528 2.977540 0.325238 0.354962 0.395414
780 2.845539 2.900248 2.946923 0.325238 0.353859 0.375897
790 2.845539 2.894166 2.918557 0.325238 0.353030 0.375897
800 2.845539 2.889911 2.917266 0.325238 0.349419 0.375897
810 2.845539 2.885331 2.916737 0.325238 0.345627 0.375897
820 2.845539 2.881235 2.916737 0.325238 0.342010 0.375897
830 2.845539 2.876426 2.903090 0.330580 0.340790 0.367646
840 2.844487 2.873232 2.880305 0.330580 0.338924 0.363192
850 2.844487 2.871733 2.880305 0.330580 0.338593 0.363192
860 2.844487 2.869573 2.880119 0.330580 0.338101 0.363192
870 2.844487 2.867847 2.878881 0.330580 0.337711 0.363192
880 2.844487 2.864965 2.878881 0.330580 0.337331 0.363192
890 2.829366 2.861458 2.878881 0.330580 0.336601 0.363192
900 2.796023 2.857597 2.878881 0.328857 0.335800 0.363192
910 2.796023 2.854252 2.878881 0.328857 0.335025 0.363192
920 2.796023 2.850864 2.878696 0.328857 0.334264 0.363192
930 2.796023 2.847574 2.877830 0.328857 0.333467 0.363192
940 2.796023 2.843765 2.852752 0.328857 0.332232 0.341067
950 2.796023 2.843593 2.845539 0.328857 0.332166 0.336632
960 2.796023 2.843056 2.845539 0.328857 0.332145 0.336632
970 2.796023 2.842983 2.845539 0.328857 0.332165 0.336632
980 2.796023 2.842888 2.845539 0.328857 0.332192 0.336632
990 2.796023 2.842783 2.845539 0.328857 0.332221 0.336632
1000 2.796023 2.842516 2.845539 0.328857 0.332295 0.336925
1010 2.794972 2.841429 2.845539 0.328857 0.332258 0.336925
1020 2.794972 2.840342 2.845539 0.328857 0.332220 0.336925
1030 2.794972 2.838787 2.844487 0.328857 0.332139 0.336925
1040 2.794972 2.837323 2.844487 0.328857 0.332035 0.336925
1050 2.794972 2.834889 2.844487 0.328857 0.331859 0.336925
1060 2.794972 2.831465 2.844487 0.328857 0.331618 0.336925
1070 2.794972 2.828030 2.844487 0.328857 0.331380 0.336925
1080 2.794972 2.823626 2.844487 0.328857 0.331071 0.336925
1090 2.794972 2.819202 2.844487 0.328857 0.330767 0.336925
1100 2.794972 2.815293 2.844487 0.328857 0.330490 0.336925
1110 2.794972 2.810352 2.844487 0.328857 0.330160 0.336925
1120 2.794972 2.805420 2.844487 0.328857 0.329828 0.336925
1130 2.794972 2.800468 2.844487 0.328857 0.329500 0.336925
1140 2.794972 2.795682 2.828314 0.328857 0.329124 0.336925
1150 2.794972 2.795254 2.796023 0.328857 0.329073 0.329150
1160 2.794972 2.795149 2.796023 0.328857 0.329102 0.329150
1170 2.794972 2.795044 2.796023 0.328857 0.329131 0.329150
1180 2.794972 2.794972 2.794972 0.329150 0.329150 0.329150
1190 2.794972 2.794972 2.794972 0.329150 0.329150 0.329150
1200 2.794972 2.794972 2.794972 0.329150 0.329150 0.329150
1210 2.794972 2.794972 2.794972 0.329150 0.329150 0.329150
1220 2.794972 2.794972 2.794972 0.329150 0.329150 0.329150
1230 2.794972 2.794972 2.794972 0.329150 0.329150 0.329150
1240 2.794972 2.794972 2.794972 0.329150 0.329150 0.329150
1250 2.794972 2.794972 2.794972 0.329150 0.329150 0.329150
1260 2.794972 2.794972 2.794972 0.329150 0.329150 0.329150
1270 2.794972 2.794972 2.794972 0.329150 0.329150 0.329150
1280 2.794972 2.794972 2.794972 0.329150 0.329150 0.329150
1290 2.794972 2.794972 2.794972 0.329150 0.329150 0.329150
1300 2.794972 2.794972 2.794972 0.329150 0.329150 0.329150
1310 2.794972 2.794972 2.794972 0.329150 0.329150 0.329150
1320 2.794972 2.794972 2.794972 0.329150 0.329150 0.329150
1330 2.794972 2.794972 2.794972 0.329150 0.329150 0.329150
1340 2.794972 2.794972 2.794972 0.329150 0.329150 0.329150
1350 2.794972 2.794972 2.794972 0.329150 0.329150 0.329150
1360 2.794972 2.794972 2.794972 0.329150 0.329150 0.329150
1370 2.794972 2.794972 2.794972 0.329150 0.329150 0.329150
1380 2.794972 2.794972 2.794972 0.329150 0.329150 0.329150
1390 2.794972 2.794972 2.794972 0.329150 0.329150 0.329150
1400 2.794972 2.794972 2.794972 0.329150 0.329150 0.329150
1410 2.794972 2.794972 2.794972 0.329150 0.329150 0.329150
1420 2.794972 2.794972 2.794972 0.329150 0.329150 0.329150
1430 2.794972 2.794972 2.794972 0.329150 0.329150 0.329150
1440 2.794972 2.794972 2.794972 0.329150 0.329150 0.329150
1450 2.794972 2.794972 2.794972 0.329150 0.329150 0.329150
1460 2.794972 2.794972 2.794972 0.329150 0.329150 0.329150
1470 2.794972 2.794972 2.794972 0.329150 0.329150 0.329150
1480 2.794972 2.794972 2.794972 0.329150 0.329150 0.329150
1490 2.794972 2.794972 2.794972 0.329150 0.329150 0.329150
1500 2.794972 2.794972 2.794972 0.329150 0.329150 0.329150
1510 2.794972 2.794972 2.794972 0.329150 0.329150 0.329150
1520 2.794972 2.794972 2.794972 0.329150 0.329150 0.329150
1530 2.794972 2.794972 2.794972 0.329150 0.329150 0.329150
1540 2.794972 2.794972 2.794972 0.329150 0.329150 0.329150
1550 2.794972 2.794972 2.794972 0.329150 0.329150 0.329150
1560 2.794972 2.794972 2.794972 0.329150 0.329150 0.329150
1570 2.794972 2.794972 2.794972 0.329150 0.329150 0.329150
1580 2.794972 2.794972 2.794972 0.329150 0.329150 0.329150
1590 2.794972 2.794972 2.794972 0.329150 0.329150 0.329150
1600 2.794972 2.794972 2.794972 0.329150 0.329150 0.329150
1610 2.794972 2.794972 2.794972 0.329150 0.329150 0.329150
1620 2.794972 2.794972 2.794972 0.329150 0.329150 0.329150
1630 2.794972 2.794972 2.794972 0.329150 0.329150 0.329150
1640 2.794972 2.794972 2.794972 0.329150 0.329150 0.329150
1650 2.794972 2.794972 2.794972 0.329150 0.329150 0.329150
1660 2.794972 2.794972 2.794972 0.329150 0.329150 0.329150
1670 2.794972 2.794972 2.794972 0.329150 0.329150 0.329150
1680 2.794972 2.794972 2.794972 0.329150 0.329150 0.329150
1690 2.794972 2.794972 2.794972 0.329150 0.329150 0.329150
1700 2.794972 2.794972 2.794972 0.329150 0.329150 0.329150
1710 2.794972 2.794972 2.794972 0.329150 0.329150 0.329150
1720 2.794972 2.794972 2.794972 0.329150 0.329150 0.329150
1730 2.794972 2.794972 2.794972 0.329150 0.329150 0.329150
1740 2.794972 2.794972 2.794972 0.329150 0.329150 0.329150
1750 2.794972 2.794972 2.794972 0.329150 0.329150 0.329150
1760 2.794972 2.794972 2.794972 0.329150 0.329150 0.329150
1770 2.794972 2.794972 2.794972 0.329150 0.329150 0.329150
1780 2.794972 2.794972 2.794972 0.329150 0.329150 0.329150
1790 2.794972 2.794972 2.794972 0.329150 0.329150 0.329150
1800 2.794972 2.794972 2.794972 0.329150 0.329150 0.329150
1810 2.794972 2.794972 2.794972 0.329150 0.329150 0.329150
1820 2.794972 2.794972 2.794972 0.329150 0.329150 0.329150
1830 2.794972 2.794972 2.794972 0.329150 0.329150 0.329150
1840 2.794972 2.794972 2.794972 0.329150 0.329150 0.329150
1850 2.794972 2.794972 2.794972 0.329150 0.329150 0.329150
1860 2.794972 2.794972 2.794972 0.329150 0.329150 0.329150
1870 2.794972 2.794972 2.794972 0.329150 0.329150 0.329150
1880 2.794972 2.794972 2.794972 0.329150 0.329150 0.329150
1890 2.794972 2.794972 2.794972 0.329150 0.329150 0.329150
1900 2.794972 2.794972 2.794972 0.329150 0.329150 0.329150
1910 2.794972 2.794972 2.794972 0.329150 0.329150 0.329150
1920 2.794972 2.794972 2.794972 0.329150 0.329150 0.329150
1930 2.794972 2.794972 2.794972 0.329150 0.329150 0.329150
1940 2.794972 2.794972 2.794972 0.329150 0.329150 0.329150
1950 2.794972 2.794972 2.794972 0.329150 0.329150 0.329150
1960 2.794972 2.794972 2.794972 0.329150 0.329150 0.329150
1970 2.794972 2.794972 2.794972 0.329150 0.329150 0.329150
1980 2.794972 2.794972 2.794972 0.329150 0.329150 0.329150
1990 2.794972 2.794972 2.794972 0.329150 0.329150 0.329150
2000 2.794972 2.794972 2.794972 0.329150 0.329150 0.329150
2010 2.794972 2.794972 2.794972 0.329150 0.329150 0.329150
2020 2.794972 2.794972 2.794972 0.329150 0.329150 0.329150
2030 2.794972 2.794972 2.794972 0.329150 0.329150 0.329150
2040 2.794972 2.794972 2.794972 0.329150 0.329150 0.329150
2050 2.794972 2.794972 2.794972 0.329150 0.329150 0.329150
2060 2.794972 2.794972 2.794972 0.329150 0.329150 0.329150
2070 2.794972 2.794972 2.794972 0.329150 0.329150 0.329150
2080 2.794972 2.794972 2.794972 0.329150 0.329150 0.329150
2090 2.794972 2.794972 2.794972 0.329150 0.329150 0.329150
2100 2.794972 2.794972 2.794972 0.329150 0.329150 0.329150
2110 2.794972 2.794972 2.794972 0.329150 0.329150 0.329150
2120 2.794972 2.794972 2.794972 0.329150 0.329150 0.329150
2130 2.794972 2.794972 2.794972 0.329150 0.329150 0.329150
2140 2.794972 2.794972 2.794972 0.329150 0.329150 0.329150
2150 2.794972 2.794972 2.794972 0.329150 0.329150 0.329150
2160 2.794972 2.794972 2.794972 0.329150 0.329150 0.329150
2170 2.794972 2.794972 2.794972 0.329150 0.329150 0.329150
2180 2.794972 2.794972 2.794972 0.329150 0.329150 0.329150
2190 2.794972 2.794972 2.794972 0.329150 0.329150 0.329150
2200 2.794972 2.794972 2.794972 0.329150 0.329150 0.329150
2210 2.794972 2.794972 2.794972 0.329150 0.329150 0.329150
2220 2.794972 2.794972 2.794972 0.329150 0.329150 0.329150
2230 2.794972 2.794972 2.794972 0.329150 0.329150 0.329150
2240 2.794972 2.794972 2.794972 0.329150 0.329150 0.329150
2250 2.794972 2.794972 2.794972 0.329150 0.329150 0.329150
2260 2.794972 2.794972 2.794972 0.329150 0.329150 0.329150
2270 2.794972 2.794972 2.794972 0.329150 0.329150 0.329150
2280 2.794972 2.794972 2.794972 0.329150 0.329150 0.329150
2290 2.794972 2.794972 2.794972 0.329150 0.329150 0.329150
2300 2.794972 2.794972 2.794972 0.329150 0.329150 0.329150
2310 2.794972 2.794972 2.794972 0.329150 0.329150 0.329150
2320 2.794972 2.794972 2.794972 0.329150 0.329150 0.329150
2330 2.794972 2.794972 2.794972 0.329150 0.329150 0.329150
2340 2.794972 2.794972 2.794972 0.329150 0.329150 0.329150
2350 2.794972 2.794972 2.794972 0.329150 0.329150 0.329150
2360 2.794972 2.794972 2.794972 0.329150 0.329150 0.329150
2370 2.794972 2.794972 2.794972 0.329150 0.329150 0.329150
2380 2.794972 2.794972 2.794972 0.329150 0.329150 0.329150
2390 2.794972 2.794972 2.794972 0.329150 0.329150 0.329150
2400 2.794972 2.794972 2.794972 0.329150 0.329150 0.329150
2410 2.794972 2.794972 2.794972 0.329150 0.329150 0.329150
2420 2.794972 2.794972 2.794972 0.329150 0.329150 0.329150
2430 2.794972 2.794972 2.794972 0.329150 0.329150 0.329150
2440 2.794972 2.794972 2.794972 0.329150 0.329150 0.329150
2450 2.794972 2.794972 2.794972 0.329150 0.329150 0.329150
2460 2.794972 2.794972 2.794972 0.329150 0.329150 0.329150
2470 2.794972 2.794972 2.794972 0.329150 0.329150 0.329150
2480 2.794972 2.794972 2.794972 0.329150 0.329150 0.329150
2490 2.794972 2.794972 2.794972 0.329150 0.329150 0.329150
2500 2.794972 2.794972 2.794972 0.329150 0.329150 0.329150
2510 2.794972 2.794972 2.794972 0.329150 0.329150 0.329150
2520 2.794972 2.794972 2.794972 0.329150 0.329150 0.329150
2530 2.794972 2.794972 2.794972 0.329150 0.329150 0.329150
2540 2.794972 2.794972 2.794972 0.329150 0.329150 0.329150
2550 2.794972 2.794972 2.794972 0.329150 0.329150 0.329150
2560 2.794972 2.794972 2.794972 0.329150 0.329150 0.329150
2570 2.794972 2.794972 2.794972 0.329150 0.329150 0.329150
2580 2.794972 2.794972 2.794972 0.329150 0.329150 0.329150
2590 2.794972 2.794972 2.794972 0.329150 0.329150 0.329150
2600 2.794972 2.794972 2.794972 0.329150 0.329150 0.329150
2610 2.794972 2.794972 2.794972 0.329150 0.329150 0.329150
2620 2.794972 2.794972 2.794972 0.329150 0.329150 0.329150
2630 2.794972 2.794972 2.794972 0.329150 0.329150 0.329150
2640 2.794972 2.794972 2.794972 0.329150 0.329150 0.329150
2650 2.794972 2.794972 2.794972 0.329150 0.329150 0.329150
2660 2.794972 2.794972 2.794972 0.329150 0.329150 0.329150
2670 2.794972 2.794972 2.794972 0.329150 0.329150 0.329150
2680 2.794972 2.794972 2.794972 0.329150 0.329150 0.329150
2690 2.794972 2.794972 2.794972 0.329150 0.329150 0.329150
2700 2.794972 2.794972 2.794972 0.329150 0.329150 0.329150
2710 2.794972 2.794972 2.794972 0.329150 0.329150 0.329150
2720 2.794972 2.794972 2.794972 0.329150 0.329150 0.329150
2730 2.794972 2.794972 2.794972 0.329150 0.329150 0.329150
2740 2.794972 2.794972 2.794972 0.329150 0.329150 0.329150
2750 2.794972 2.794972 2.794972 0.329150 0.329150 0.329150
2760 2.794972 2.794972 2.794972 0.329150 0.329150 0.329150
2770 2.794972 2.794972 2.794972 0.329150 0.329150 0.329150
2780 2.794972 2.794972 2.794972 0.329150 0.329150 0.329150
2790 2.794972 2.794972 2.794972 0.329150 0.329150 0.329150
2800 2.794972 2.794972 2.794972 0.329150 0.329150 0.329150
2810 2.794972 2.794972 2.794972 0.329150 0.329150 0.329150
2820 2.794972 2.794972 2.794972 0.329150 0.329150 0.329150
2830 2.794972 2.794972 2.794972 0.329150 0.329150 0.329150
2840 2.794972 2.794972 2.794972 0.329150 0.329150 0.329150
2850 2.794972 2.794972 2.794972 0.329150 0.329150 0.329150
2860 2.794972 2.794972 2.794972 0.329150 0.329150 0.329150
2870 2.794972 2.794972 2.794972 0.329150 0.329150 0.329150
2880 2.794972 2.794972 2.794972 0.329150 0.329150 0.329150
2890 2.794972 2.794972 2.794972 0.329150 0.329150 0.329150
2900 2.794972 2.794972 2.794972 0.329150 0.329150 0.329150
2910 2.794972 2.794972 2.794972 0.329150 0.329150 0.329150
2920 2.794972 2.794972 2.794972 0.329150 0.329150 0.329150
2930 2.794972 2.794972 2.794972 0.329150 0.329150 0.329150
2940 2.794972 2.794972 2.794972 0.329150 0.329150 0.329150
2950 2.794972 2.794972 2.794972 0.329150 0.329150 0.329150
2960 2.794972 2.794972 2.794972 0.329150 0.329150 0.329150
2970 2.794972 2.794972 2.794972 0.329150 0.329150 0.329150
2980 2.794972 2.794972 2.794972 0.329150 0.329150 0.329150
2990 2.794972 2.794972 2.794972 0.329150 0.329150 0.329150
3000 2.794972 2.794972 2.794972 0.329150 0.329150 0.329150
3010 2.794972 2.794972 2.794972 0.329150 0.329150 0.329150
3020 2.794972 2.794972 2.794972 0.329150 0.329150 0.329150
3030 2.794972 2.794972 2.794972 0.329150 0.329150 0.329150
3040 2.794972 2.794972 2.794972 0.329150 0.329150 0.329150
3050 2.794972 2.794972 2.794972 0.329150 0.329150 0.329150
3060 2.794972 2.794972 2.794972 0.329150 0.329150 0.329150
3070 2.794972 2.794972 2.794972 0.329150 0.329150 0.329150
3080 2.794972 2.794972 2.794972 0.329150 0.329150 0.329150
3090 2.794972 2.794972 2.794972 0.329150 0.329150 0.329150
3100 2.794972 2.794972 2.794972 0.329150 0.329150 0.329150
3110 2.794972 2.794972 2.794972 0.329150 0.329150 0.329150
3120 2.794972 2.794972 2.794972 0.329150 0.329150 0.329150
3130 2.794972 2.794972 2.794972 0.329150 0.329150 0.329150
3140 2.794972 2.794972 2.794972 0.329150 0.329150 0.329150
3150 2.794972 2.794972 2.794972 0.329150 0.329150 0.329150
3160 2.794972 2.794972 2.794972 0.329150 0.329150 0.329150
3170 2.794972 2.794972 2.794972 0.329150 0.329150 0.329150
3180 2.794972 2.794972 2.794972 0.329150 0.329150 0.329150
3190 2.794972 2.794972 2.794972 0.329150 0.329150 0.329150
3200 2.794972 2.794972 2.794972 0.329150 0.329150 0.329150
3210 2.794972 2.794972 2.794972 0.329150 0.329150 0.329150
3220 2.794972 2.794972 2.794972 0.329150 0.329150 0.329150
3230 2.794972 2.794972 2.794972 0.329150 0.329150 0.329150
3240 2.794972 2.794972 2.794972 0.329150 0.329150 0.329150
3250 2.794972 2.794972 2.794972 0.329150 0.329150 0.329150
3260 2.794972 2.794972 2.794972 0.329150 0.329150 0.329150
3270 2.794972 2.794972 2.794972 0.329150 0.329150 0.329150
3280 2.794972 2.794972 2.794972 0.329150 0.329150 0.329150
3290 2.794972 2.794972 2.794972 0.329150 0.329150 0.329150
3300 2.794972 2.794972 2.794972 0.329150 0.329150 0.329150
3310 2.794972 2.794972 2.794972 0.329150 0.329150 0.329150
3320 2.794972 2.794972 2.794972 0.329150 0.329150 0.329150
3330 2.794972 2.794972 2.794972 0.329150 0.329150 0.329150
3340 2.794972 2.794972 2.794972 0.329150 0.329150 0.329150
3350 2.794972 2.794972 2.794972 0.329150 0.329150 0.329150
3360 2.794972 2.794972 2.794972 0.329150 0.329150 0.329150
3370 2.794972 2.794972 2.794972 0.329150 0.329150 0.329150
3380 2.794972 2.794972 2.794972 0.329150 0.329150 0.329150
3390 2.794972 2.794972 2.794972 0.329150 0.329150 0.329150
3400 2.794972 2.794972 2.794972 0.329150 0.329150 0.329150
3410 2.794972 2.794972 2.794972 0.329150 0.329150 0.329150
3420 2.794972 2.794972 2.794972 0.329150 0.329150 0.329150
3430 2.794972 2.794972 2.794972 0.329150 0.329150 0.329150
3440 2.794972 2.794972 2.794972 0.329150 0.329150 0.329150
3450 2.794972 2.794972 2.794972 0.329150 0.329150 0.329150
3460 2.794972 2.794972 2.794972 0.329150 0.329150 0.329150
3470 2.794972 2.794972 2.794972 0.329150 0.329150 0.329150
3480 2.794972 2.794972 2.794972 0.329150 0.329150 0.329150
3490 2.794972 2.794972 2.794972 0.329150 0.329150 0.329150
3500 2.794972 2.794972 2.794972 0.329150 0.329150 0.329150
3510 2.794972 2.794972 2.794972 0.329150 0.329150 0.329150
3520 2.794972 2.794972 2.794972 0.329150 0.329150 0.329150
3530 2.794972 2.794972 2.794972 0.329150 0.329150 0.329150
3540 2.794972 2.794972 2.794972 0.329150 0.329150 0.329150
3550 2.794972 2.794972 2.794972 0.329150 0.329150 0.329150
3560 2.794972 2.794972 2.794972 0.329150 0.329150 0.329150
3570 2.794972 2.794972 2.794972 0.329150 0.329150 0.329150
3580 2.794972 2.794972 2.794972 0.329150 0.329150 0.329150
3590 2.794972 2.794972 2.794972 0.329150 0.329150 0.329150
3600 2.794972 2.794972 2.794972 0.329150 0.329150 0.329150
3610 2.794972 2.794972 2.794972 0.329150 0.329150 0.329150
3620 2.794972 2.794972 2.794972 0.329150 0.329150 0.329150
3630 2.794972 2.794972 2.794972 0.329150 0.329150 0.329150
3640 2.794972 2.794972 2.794972 0.329150 0.329150 0.329150
3650 2.794972 2.794972 2.794972 0.329150 0.329150 0.329150
3660 2.794972 2.794972 2.794972 0.329150 0.329150 0.329150
3670 2.794972 2.794972 2.794972 0.329150 0.329150 0.329150
3680 2.794972 2.794972 2.794972 0.329150 0.329150 0.329150
3690 2.794972 2.794972 2.794972 0.329150 0.329150 0.329150
3700 2.794972 2.794972 2.794972 0.329150 0.329150 0.329150
3710 2.794972 2.794972 2.794972 0.329150 0.329150 0.329150
3720 2.794972 2.794972 2.794972 0.329150 0.329150 0.329150
3730 2.794972 2.794972 2.794972 0.329150 0.329150 0.329150
3740 2.794972 2.794972 2.794972 0.329150 0.329150 0.329150
3750 2.794972 2.794972 2.794972 0.329150 0.329150 0.329150
3760 2.794972 2.794972 2.794972 0.329150 0.329150 0.329150
3770 2.794972 2.794972 2.794972 0.329150 0.329150 0.329150
3780 2.794972 2.794972 2.794972 0.329150 0.329150 0.329150
3790 2.794972 2.794972 2.794972 0.329150 0.329150 0.329150
3800 2.794972 2.794972 2.794972 0.329150 0.329150 0.329150
3810 2.794972 2.794972 2.794972 0.329150 0.329150 0.329150
3820 2.794972 2.794972 2.794972 0.329150 0.329150 0.329150
3830 2.794972 2.794972 2.794972 0.329150 0.329150 0.329150
3840 2.794972 2.794972 2.794972 0.329150 0.329150 0.329150
3850 2.794972 2.794972 2.794972 0.329150 0.329150 0.329150
3860 2.794972 2.794972 2.794972 0.329150 0.329150 0.329150
3870 2.794972 2.794972 2.794972 0.329150 0.329150 0.329150
3880 2.794972 2.794972 2.794972 0.329150 0.329150 0.329150
3890 2.794972 2.794972 2.794972 0.329150 0.329150 0.329150
3900 2.794972 2.794972 2.794972 0.329150 0.329150 0.329150
3910 2.794972 2.794972 2.794972 0.329150 0.329150 0.329150
3920 2.794972 2.794972 2.794972 0.329150 0.329150 0.329150
3930 2.794972 2.794972 2.794972 0.329150 0.329150 0.329150
3940 2.794972 2.794972 2.794972 0.329150 0.329150 0.329150
3950 2.794972 2.794972 2.794972 0.329150 0.329150 0.329150
3960 2.794972 2.794972 2.794972 0.329150 0.329150 0.329150
3970 2.794972 2.794972 2.794972 0.329150 0.329150 0.329150
3980 2.794972 2.794972 2.794972 0.329150 0.329150 0.329150
3990 2.794972 2.794972 2.794972 0.329150 0.329150 0.329150
4000 2.794972 2.794972 2.794972 0.329150 0.329150 0.329150
4010 2.794972 2.794972 2.794972 0.329150 0.329150 0.329150
4020 2.794972 2.794972 2.794972 0.329150 0.329150 0.329150
4030 2.794972 2.794972 2.794972 0.329150 0.329150 0.329150
4040 2.794972 2.794972 2.794972 0.329150 0.329150 0.329150
4050 2.794972 2.794972 2.794972 0.329150 0.329150 0.329150
4060 2.794972 2.794972 2.794972 0.329150 0.329150 0.329150
4070 2.794972 2.794972 2.794972 0.329150 0.329150 0.329150
4080 2.794972 2.794972 2.794972 0.329150 0.329150 0.329150
4090 2.794972 2.794972 2.794972 0.329150 0.329150 0.329150
4100 2.794972 2.794972 2.794972 0.329150 0.329150 0.329150
4110 2.794972 2.794972 2.794972 0.329150 0.329150 0.329150
4120 2.794972 2.794972 2.794972 0.329150 0.329150 0.329150
4130 2.794972 2.794972 2.794972 0.329150 0.329150 0.329150
4140 2.794972 2.794972 2.794972 0.329150 0.329150 0.329150
4150 2.794972 2.794972 2.794972 0.329150 0.329150 0.329150
4160 2.794972 2.794972 2.794972 0.329150 0.329150 0.329150
4170 2.794972 2.794972 2.794972 0.329150 0.329150 0.329150
4180 2.794972 2.794972 2.794972 0.329150 0.329150 0.329150
4190 2.794972 2.794972 2.794972 0.329150 0.329150 0.329150
4200 2.794972 2.794972 2.794972 0.329150 0.329150 0.329150
4210 2.794972 2.794972 2.794972 0.329150 0.329150 0.329150
4220 2.794972 2.794972 2.794972 0.329150 0.329150 0.329150
4230 2.794972 2.794972 2.794972 0.329150 0.329150 0.329150
4240 2.794972 2.794972 2.794972 0.329150 0.329150 0.329150
4250 2.794972 2.794972 2.794972 0.329150 0.329150 0.329150
4260 2.794972 2.794972 2.794972 0.329150 0.329150 0.329150
4270 2.794972 2.794972 2.794972 0.329150 0.329150 0.329150
4280 2.794972 2.794972 2.794972 0.329150 0.329150 0.329150
4290 2.794972 2.794972 2.794972 0.329150 0.329150 0.329150
4300 2.794972 2.794972 2.794972 0.329150 0.329150 0.329150
4310 2.794972 2.794972 2.794972 0.329150 0.329150 0.329150
4320 2.794972 2.794972 2.794972 0.329150 0.329150 0.329150
4330 2.794972 2.794972 2.794972 0.329150 0.329150 0.329150
4340 2.794972 2.794972 2.794972 0.329150 0.329150 0.329150
4350 2.794972 2.794972 2.794972 0.329150 0.329150 0.329150
4360 2.794972 2.794972 2.794972 0.329150 0.329150 0.329150
4370 2.794972 2.794972 2.794972 0.329150 0.329150 0.329150
4380 2.794972 2.794972 2.794972 0.329150 0.329150 0.329150
4390 2.794972 2.794972 2.794972 0.329150 0.329150 0.329150
4400 2.794972 2.794972 2.794972 0.329150 0.329150 0.329150
4410 2.794972 2.794972 2.794972 0.329150 0.329150 0.329150
4420 2.794972 2.794972 2.794972 0.329150 0.329150 0.329150
4430 2.794972 2.794972 2.794972 0.329150 0.329150 0.329150
4440 2.794972 2.794972 2.794972 0.329150 0.329150 0.329150
4450 2.794972 2.794972 2.794972 0.329150 0.329150 0.329150
4460 2.794972 2.794972 2.794972 0.329150 0.329150 0.329150
4470 2.794972 2.794972 2.794972 0.329150 0.329150 0.329150
4480 2.794972 2.794972 2.794972 0.329150 0.329150 0.329150
4490 2.794972 2.794972 2.794972 0.329150 0.329150 0.329150
4500 2.794972 2.794972 2.794972 0.329150 0.329150 0.329150
4510 2.794972 2.794972 2.794972 0.329150 0.329150 0.329150
4520 2.794972 2.794972 2.794972 0.329150 0.329150 0.329150
4530 2.794972 2.794972 2.794972 0.329150 0.329150 0.329150
4540 2.794972 2.794972 2.794972 0.329150 0.329150 0.329150
4550 2.794972 2.794972 2.794972 0.329150 0.329150 0.329150
4560 2.794972 2.794972 2.794972 0.329150 0.329150 0.329150
4570 2.794972 2.794972 2.794972 0.329150 0.329150 0.329150
4580 2.794972 2.794972 2.794972 0.329150 0.329150 0.329150
4590 2.794972 2.794972 2.794972 0.329150 0.329150 0.329150
4600 2.794972 2.794972 2.794972 0.329150 0.329150 0.329150
4610 2.794972 2.794972 2.794972 0.329150 0.329150 0.329150
4620 2.794972 2.794972 2.794972 0.329150 0.329150 0.329150
4630 2.794972 2.794972 2.794972 0.329150 0.329150 0.329150
4640 2.794972 2.794972 2.794972 0.329150 0.329150 0.329150
4650 2.794972 2.794972 2.794972 0.329150 0.329150 0.329150
4660 2.794972 2.794972 2.794972 0.329150 0.329150 0.329150
4670 2.794972 2.794972 2.794972 0.329150 0.329150 0.329150
4680 2.794972 2.794972 2.794972 0.329150 0.329150 0.329150
4690 2.794972 2.794972 2.794972 0.329150 0.329150 0.329150
4700 2.794972 2.794972 2.794972 0.329150 0.329150 0.329150
4710 2.794972 2.794972 2.794972 0.329150 0.329150 0.329150
4720 2.794972 2.794972 2.794972 0.329150 0.329150 0.329150
4730 2.794972 2.794972 2.794972 0.329150 0.329150 0.329150
4740 2.794972 2.794972 2.794972 0.329150 0.329150 0.329150
4750 2.794972 2.794972 2.794972 0.329150 0.329150 0.329150
4760 2.794972 2.794972 2.794972 0.329150 0.329150 0.329150
4770 2.794972 2.794972 2.794972 0.329150 0.329150 0.329150
4780 2.794972 2.794972 2.794972 0.329150 0.329150 0.329150
4790 2.794972 2.794972 2.794972 0.329150 0.329150 0.329150
4800 2.794972 2.794972 2.794972 0.329150 0.329150 0.329150
4810 2.794972 2.794972 2.794972 0.329150 0.329150 0.329150
4820 2.794972 2.794972 2.794972 0.329150 0.329150 0.329150
4830 2.794972 2.794972 2.794972 0.329150 0.329150 0.329150
4840 2.794972 2.794972 2.794972 0.329150 0.329150 0.329150
4850 2.794972 2.794972 2.794972 0.329150 0.329150 0.329150
4860 2.794972 2.794972 2.794972 0.329150 0.329150 0.329150
4870 2.794972 2.794972 2.794972 0.329150 0.329150 0.329150
4880 2.794972 2.794972 2.794972 0.329150 0.329150 0.329150
4890 2.794972 2.794972 2.794972 0.329150 0.329150 0.329150
4900 2.794972 2.794972 2.794972 0.329150 0.329150 0.329150
4910 2.794972 2.794972 2.794972 0.329150 0.329150 0.329150
4920 2.794972 2.794972 2.794972 0.329150 0.329150 0.329150
4930 2.794972 2.794972 2.794972 0.329150 0.329150 0.329150
4940 2.794972 2.794972 2.794972 0.329150 0.329150 0.329150
4950 2.794972 2.794972 2.794972 0.329150 0.329150 0.329150
4960 2.794972 2.794972 2.794972 0.329150 0.329150 0.329150
4970 2.794972 2.794972 2.794972 0.329150 0.329150 0.329150
4980 2.794972 2.794972 2.794972 0.329150 0.329150 0.329150
4990 2.794972 2.794972 2.794972 0.329150 0.329150 0.329150
5000 2.794972 2.794972 2.794972 0.329150 0.329150 0.329150
5010 2.794972 2.794972 2.794972 0.329150 0.329150 0.329150
5020 2.794972 2.794972 2.794972 0.329150 0.329150 0.329150
5030 2.794972 2.794972 2.794972 0.329150 0.329150 0.329150
5040 2.794972 2.794972 2.794972 0.329150 0.329150 0.329150
5050 2.794972 2.794972 2.794972 0.329150 0.329150 0.329150
5060 2.794972 2.794972 2.794972 0.329150 0.329150 0.329150
5070 2.794972 2.794972 2.794972 0.329150 0.329150 0.329150
5080 2.794972 2.794972 2.794972 0.329150 0.329150 0.329150
5090 2.794972 2.794972 2.794972 0.329150 0.329150 0.329150
5100 2.794972 2.794972 2.794972 0.329150 0.329150 0.329150
5110 2.794972 2.794972 2.794972 0.329150 0.329150 0.329150
5120 2.794972 2.794972 2.794972 0.329150 0.329150 0.329150
5130 2.794972 2.794972 2.794972 0.329150 0.329150 0.329150
5140 2.794972 2.794972 2.794972 0.329150 0.329150 0.329150
5150 2.794972 2.794972 2.794972 0.329150 0.329150 0.329150
5160 2.794972 2.794972 2.794972 0.329150 0.329150 0.329150
5170 2.794972 2.794972 2.794972 0.329150 0.329150 0.329150
5180 2.794972 2.794972 2.794972 0.329150 0.329150 0.329150
5190 2.794972 2.794972 2.794972 0.329150 0.329150 0.329150
5200 2.794972 2.794972 2.794972 0.329150 0.329150 0.329150
5210 2.794972 2.794972 2.794972 0.329150 0.329150 0.329150
5220 2.794972 2.794972 2.794972 0.329150 0.329150 0.329150
5230 2.794972 2.794972 2.794972 0.329150 0.329150 0.329150
5240 2.794972 2.794972 2.794972 0.329150 0.329150 0.329150
5250 2.794972 2.794972 2.794972 0.329150 0.329150 0.329150
5260 2.794972 2.794972 2.794972 0.329150 0.329150 0.329150
5270 2.794972 2.794972 2.794972 0.329150 0.329150 0.329150
5280 2.794972 2.794972 2.794972 0.329150 0.329150 0.329150
5290 2.794972 2.794972 2.794972 0.329150 0.329150 0.329150
5300 2.794972 2.794972 2.794972 0.329150 0.329150 0.329150
5310 2.794972 2.794972 2.794972 0.329150 0.329150 0.329150
5320 2.794972 2.794972 2.794972 0.329150 0.329150 0.329150
5330 2.794972 2.794972 2.794972 0.329150 0.329150 0.329150
5340 2.794972 2.794972 2.794972 0.329150 0.329150 0.329150
5350 2.794972 2.794972 2.794972 0.329150 0.329150 0.329150
5360 2.794972 2.794972 2.794972 0.329150 0.329150 0.329150
5370 2.794972 2.794972 2.794972 0.329150 0.329150 0.329150
5380 2.794972 2.794972 2.794972 0.329150 0.329150 0.329150
5390 2.794972 2.794972 2.794972 0.329150 0.329150 0.329150
5400 2.794972 2.794972 2.794972 0.329150 0.329150 0.329150
5410 2.794972 2.794972 2.794972 0.329150 0.329150 0.329150
5420 2.794972 2.794972 2.794972 0.329150 0.329150 0.329150
5430 2.794972 2.794972 2.794972 0.329150 0.329150 0.329150
5440 2.794972 2.794972 2.794972 0.329150 0.329150 0.329150
5450 2.794972 2.794972 2.794972 0.329150 0.329150 0.329150
5460 2.794972 2.794972 2.794972 0.329150 0.329150 0.329150
5470 2.794972 2.794972 2.794972 0.329150 0.329150 0.329150
5480 2.794972 2.794972 2.794972 0.329150 0.329150 0.329150
5490 2.794972 2.794972 2.794972 0.329150 0.329150 0.329150
5500 2.794972 2.794972 2.794972 0.329150 0.329150 0.329150
5510 2.794972 2.794972 2.794972 0.329150 0.329150 0.329150
5520 2.794972 2.794972 2.794972 0.329150 0.329150 0.329150
5530 2.794972 2.794972 2.794972 0.329150 0.329150 0.329150
5540 2.794972 2.794972 2.794972 0.329150 0.329150 0.329150
5550 2.794972 2.794972 2.794972 0.329150 0.329150 0.329150
5560 2.794972 2.794972 2.794972 0.329150 0.329150 0.329150
5570 2.794972 2.794972 2.794972 0.329150 0.329150 0.329150
5580 2.794972 2.794972 2.794972 0.329150 0.329150 0.329150
5590 2.794972 2.794972 2.794972 0.329150 0.329150 0.329150
5600 2.794972 2.794972 2.794972 0.329150 0.329150 0.329150
5610 2.794972 2.794972 2.794972 0.329150 0.329150 0.329150
5620 2.794972 2.794972 2.794972 0.329150 0.329150 0.329150
5630 2.794972 2.794972 2.794972 0.329150 0.329150 0.329150
5640 2.794972 2.794972 2.794972 0.329150 0.329150 0.329150
5650 2.794972 2.794972 2.794972 0.329150 0.329150 0.329150
5660 2.794972 2.794972 2.794972 0.329150 0.329150 0.329150
5670 2.794972 2.794972 2.794972 0.329150 0.329150 0.329150
5680 2.794972 2.794972 2.794972 0.329150 0.329150 0.329150
5690 2.794972 2.794972 2.794972 0.329150 0.329150 0.329150
5700 2.794972 2.794972 2.794972 0.329150 0.329150 0.329150
5710 2.794972 2.794972 2.794972 0.329150 0.329150 0.329150
5720 2.794972 2.794972 2.794972 0.329150 0.329150 0.329150
5730 2.794972 2.794972 2.794972 0.329150 0.329150 0.329150
5740 2.794972 2.794972 2.794972 0.329150 0.329150 0.329150
5750 2.794972 2.794972 2.794972 0.329150 0.329150 0.329150
5760 2.794972 2.794972 2.794972 0.329150 0.329150 0.329150
5770 2.794972 2.794972 2.794972 0.329150 0.329150 0.329150
5780 2.794972 2.794972 2.794972 0.329150 0.329150 0.329150
5790 2.794972 2.794972 2.794972 0.329150 0.329150 0.329150
5800 2.794972 2.794972 2.794972 0.329150 0.329150 0.329150
5810 2.794972 2.794972 2.794972 0.329150 0.329150 0.329150
5820 2.794972 2.794972 2.794972 0.329150 0.329150 0.329150
5830 2.794972 2.794972 2.794972 0.329150 0.329150 0.329150
5840 2.794972 2.794972 2.794972 0.329150 0.329150 0.329150
5850 2.794972 2.794972 2.794972 0.329150 0.329150 0.329150
5860 2.794972 2.794972 2.794972 0.329150 0.329150 0.329150
5870 2.794972 2.794972 2.794972 0.329150 0.329150 0.329150
5880 2.794972 2.794972 2.794972 0.329150 0.329150 0.329150
5890 2.794972 2.794972 2.794972 0.329150 0.329150 0.329150
5900 2.794972 2.794972 2.794972 0.329150 0.329150 0.329150
5910 2.794972 2.794972 2.794972 0.329150 0.329150 0.329150
5920 2.794972 2.794972 2.794972 0.329150 0.329150 0.329150
5930 2.794972 2.794972 2.794972 0.329150 0.329150 0.329150
5940 2.794972 2.794972 2.794972 0.329150 0.329150 0.329150
5950 2.794972 2.794972 2.794972 0.329150 0.329150 0.329150
5960 2.794972 2.794972 2.794972 0.329150 0.329150 0.329150
5970 2.794972 2.794972 2.794972 0.329150 0.329150 0.329150
5980 2.794972 2.794972 2.794972 0.329150 0.329150 0.329150
5990 2.794972 2.794972 2.794972 0.329150 0.329150 0.329150
6000 2.794972 2.794972 2.794972 0.329150 0.329150 0.329150
6010 2.794972 2.794972 2.794972 0.329150 0.329150 0.329150
6020 2.794972 2.794972 2.794972 0.329150 0.329150 0.329150
6030 2.794972 2.794972 2.794972 0.329150 0.329150 0.329150
6040 2.794972 2.794972 2.794972 0.329150 0.329150 0.329150
6050 2.794972 2.794972 2.794972 0.329150 0.329150 0.329150
6060 2.794972 2.794972 2.794972 0.329150 0.329150 0.329150
6070 2.794972 2.794972 2.794972 0.329150 0.329150 0.329150
6080 2.794972 2.794972 2.794972 0.329150 0.329150 0.329150
6090 2.794972 2.794972 2.794972 0.329150 0.329150 0.329150
6100 2.794972 2.794972 2.794972 0.329150 0.329150 0.329150
6110 2.794972 2.794972 2.794972 0.329150 0.329150 0.329150
6120 2.794972 2.794972 2.794972 0.329150 0.329150 0.329150
6130 2.794972 2.794972 2.794972 0.329150 0.329150 0.329150
6140 2.794972 2.794972 2.794972 0.329150 0.329150 0.329150
6150 2.794972 2.794972 2.794972 0.329150 0.329150 0.329150
6160 2.794972 2.794972 2.794972 0.329150 0.329150 0.329150
6170 2.794972 2.794972 2.794972 0.329150 0.329150 0.329150
6180 2.794972 2.794972 2.794972 0.329150 0.329150 0.329150
6190 2.794972 2.794972 2.794972 0.329150 0.329150 0.329150
6200 2.794972 2.794972 2.794972 0.329150 0.329150 0.329150
6210 2.794972 2.794972 2.794972 0.329150 0.329150 0.329150
6220 2.794972 2.794972 2.794972 0.329150 0.329150 0.329150
6230 2.794972 2.794972 2.794972 0.329150 0.329150 0.329150
6240 2.794972 2.794972 2.794972 0.329150 0.329150 0.329150
6250 2.794972 2.794972 2.794972 0.329150 0.329150 0.329150
6260 2.794972 2.794972 2.794972 0.329150 0.329150 0.329150
6270 2.794972 2.794972 2.794972 0.329150 0.329150 0.329150
6280 2.794972 2.794972 2.794972 0.329150 0.329150 0.329150
6290 2.794972 2.794972 2.794972 0.329150 0.329150 0.329150
6300 2.794972 2.794972 2.794972 0.329150 0.329150 0.329150
6310 2.794972 2.794972 2.794972 0.329150 0.329150 0.329150
6320 2.794972 2.794972 2.794972 0.329150 0.329150 0.329150
6330 2.794972 2.794972 2.794972 0.329150 0.329150 0.329150
6340 2.794972 2.794972 2.794972 0.329150 0.329150 0.329150
6350 2.794972 2.794972 2.794972 0.329150 0.329150 0.329150
6360 2.794972 2.794972 2.794972 0.329150 0.329150 0.329150
6370 2.794972 2.794972 2.794972 0.329150 0.329150 0.329150
6380 2.794972 2.794972 2.794972 0.329150 0.329150 0.329150
6390 2.794972 2.794972 2.794972 0.329150 0.329150 0.329150
6400 2.794972 2.794972 2.794972 0.329150 0.329150 0.329150
6410 2.794972 2.794972 2.794972 0.329150 0.329150 0.329150
6420 2.794972 2.794972 2.794972 0.329150 0.329150 0.329150
6430 2.794972 2.794972 2.794972 0.329150 0.329150 0.329150
6440 2.794972 2.794972 2.794972 0.329150 0.329150 0.329150
6450 2.794972 2.794972 2.794972 0.329150 0.329150 0.329150
6460 2.794972 2.794972 2.794972 0.329150 0.329150 0.329150
6470 2.794972 2.794972 2.794972 0.329150 0.329150 0.329150
6480 2.794972 2.794972 2.794972 0.329150 0.329150 0.329150
6490 2.794972 2.794972 2.794972 0.329150 0.329150 0.329150
6500 2.794972 2.794972 2.794972 0.329150 0.329150 0.329150
6510 2.794972 2.794972 2.794972 0.329150 0.329150 0.329150
6520 2.794972 2.794972 2.794972 0.329150 0.329150 0.329150
6530 2.794972 2.794972 2.794972 0.329150 0.329150 0.329150
6540 2.794972 2.794972 2.794972 0.329150 0.329150 0.329150
6550 2.794972 2.794972 2.794972 0.329150 0.329150 0.329150
6560 2.794972 2.794972 2.794972 0.329150 0.329150 0.329150
6570 2.794972 2.794972 2.794972 0.329150 0.329150 0.329150
6580 2.794972 2.794972 2.794972 0.329150 0.329150 0.329150
6590 2.794972 2.794972 2.794972 0.329150 0.329150 0.329150
6600 2.794972 2.794972 2.794972 0.329150 0.329150 0.329150
6610 2.794972 2.794972 2.794972 0.329150 0.329150 0.329150
6620 2.794972 2.794972 2.794972 0.329150 0.329150 0.329150
6630 2.794972 2.794972 2.794972 0.329150 0.329150 0.329150
6640 2.794972 2.794972 2.794972 0.329150 0.329150 0.329150
6650 2.794972 2.794972 2.794972 0.329150 0.329150 0.329150
6660 2.794972 2.794972 2.794972 0.329150 0.329150 0.329150
6670 2.794972 2.794972 2.794972 0.329150 0.329150 0.329150
6680 2.794972 2.794972 2.794972 0.329150 0.329150 0.329150
6690 2.794972 2.794972 2.794972 0.329150 0.329150 0.329150
6700 2.794972 2.794972 2.794972 0.329150 0.329150 0.329150
6710 2.794972 2.794972 2.794972 0.329150 0.329150 0.329150
6720 2.794972 2.794972 2.794972 0.329150 0.329150 0.329150
6730 2.794972 2.794972 2.794972 0.329150 0.329150 0.329150
6740 2.794972 2.794972 2.794972 0.329150 0.329150 0.329150
6750 2.794972 2.794972 2.794972 0.329150 0.329150 0.329150
6760 2.794972 2.794972 2.794972 0.329150 0.329150 0.329150
6770 2.794972 2.794972 2.794972 0.329150 0.329150 0.329150
6780 2.794972 2.794972 2.794972 0.329150 0.329150 0.329150
6790 2.794972 2.794972 2.794972 0.329150 0.329150 0.329150
6800 2.794972 2.794972 2.794972 0.329150 0.329150 0.329150
6810 2.794972 2.794972 2.794972 0.329150 0.329150 0.329150
6820 2.794972 2.794972 2.794972 0.329150 0.329150 0.329150
6830 2.794972 2.794972 2.794972 0.329150 0.329150 0.329150
6840 2.794972 2.794972 2.794972 0.329150 0.329150 0.329150
6850 2.794972 2.794972 2.794972 0.329150 0.329150 0.329150
6860 2.794972 2.794972 2.794972 0.329150 0.329150 0.329150
6870 2.794972 2.794972 2.794972 0.329150 0.329150 0.329150
6880 2.794972 2.794972 2.794972 0.329150 0.329150 0.329150
6890 2.794972 2.794972 2.794972 0.329150 0.329150 0.329150
6900 2.794972 2.794972 2.794972 0.329150 0.329150 0.329150
6910 2.794972 2.794972 2.794972 0.329150 0.329150 0.329150
6920 2.794972 2.794972 2.794972 0.329150 0.329150 0.329150
6930 2.794972 2.794972 2.794972 0.329150 0.329150 0.329150
6940 2.794972 2.794972 2.794972 0.329150 0.329150 0.329150
6950 2.794972 2.794972 2.794972 0.329150 0.329150 0.329150
6960 2.794972 2.794972 2.794972 0.329150 0.329150 0.329150
6970 2.794972 2.794972 2.794972 0.329150 0.329150 0.329150
6980 2.794972 2.794972 2.794972 0.329150 0.329150 0.329150
6990 2.794972 2.794972 2.794972 0.329150 0.329150 0.329150
7000 2.794972 2.794972 2.794972 0.329150 0.329150 0.329150
7010 2.794972 2.794972 2.794972 0.329150 0.329150 0.329150
7020 2.794972 2.794972 2.794972 0.329150 0.329150 0.329150
7030 2.794972 2.794972 2.794972 0.329150 0.329150 0.329150
7040 2.794972 2.794972 2.794972 0.329150 0.329150 0.329150
7050 2.794972 2.794972 2.794972 0.329150 0.329150 0.329150
7060 2.794972 2.794972 2.794972 0.329150 0.329150 0.329150
7070 2.794972 2.794972 2.794972 0.329150 0.329150 0.329150
7080 2.794972 2.794972 2.794972 0.329150 0.329150 0.329150
7090 2.794972 2.794972 2.794972 0.329150 0.329150 0.329150
7100 2.794972 2.794972 2.794972 0.329150 0.329150 0.329150
7110 2.794972 2.794972 2.794972 0.329150 0.329150 0.329150
7120 2.794972 2.794972 2.794972 0.329150 0.329150 0.329150
7130 2.794972 2.794972 2.794972 0.329150 0.329150 0.329150
7140 2.794972 2.794972 2.794972 0.329150 0.329150 0.329150
7150 2.794972 2.794972 2.794972 0.329150 0.329150 0.329150
7160 2.794972 2.794972 2.794972 0.329150 0.329150 0.329150
7170 2.794972 2.794972 2.794972 0.329150 0.329150 0.329150
7180 2.794972 2.794972 2.794972 0.329150 0.329150 0.329150
7190 2.794972 2.794972 2.794972 0.329150 0.329150 0.329150
7200 2.794972 2.794972 2.794972 0.329150 0.329150 0.329150
7210 2.794972 2.794972 2.794972 0.329150 0.329150 0.329150
7220 2.794972 2.794972 2.794972 0.329150 0.329150 0.329150
7230 2.794972 2.794972 2.794972 0.329150 0.329150 0.329150
7240 2.794972 2.794972 2.794972 0.329150 0.329150 0.329150
7250 2.794972 2.794972 2.794972 0.329150 0.329150 0.329150
7260 2.794972 2.794972 2.794972 0.329150 0.329150 0.329150
7270 2.794972 2.794972 2.794972 0.329150 0.329150 0.329150
7280 2.794972 2.794972 2.794972 0.329150 0.329150 0.329150
7290 2.794972 2.794972 2.794972 0.329150 0.329150 0.329150
7300 2.794972 2.794972 2.794972 0.329150 0.329150 0.329150
7310 2.794972 2.794972 2.794972 0.329150 0.329150 0.329150
7320 2.794972 2.794972 2.794972 0.329150 0.329150 0.329150
7330 2.794972 2.794972 2.794972 0.329150 0.329150 0.329150
7340 2.794972 2.794972 2.794972 0.329150 0.329150 0.329150
7350 2.794972 2.794972 2.794972 0.329150 0.329150 0.329150
7360 2.794972 2.794972 2.794972 0.329150 0.329150 0.329150
7370 2.794972 2.794972 2.794972 0.329150 0.329150 0.329150
7380 2.794972 2.794972 2.794972 0.329150 0.329150 0.329150
7390 2.794972 2.794972 2.794972 0.329150 0.329150 0.329150
7400 2.794972 2.794972 2.794972 0.329150 0.329150 0.329150
7410 2.794972 2.794972 2.794972 0.329150 0.329150 0.329150
7420 2.794972 2.794972 2.794972 0.329150 0.329150 0.329150
7430 2.794972 2.794972 2.794972 0.329150 0.329150 0.329150
7440 2.794972 2.794972 2.794972 0.329150 0.329150 0.329150
7450 2.794972 2.794972 2.794972 0.329150 0.329150 0.329150
7460 2.794972 2.794972 2.794972 0.329150 0.329150 0.329150
7470 2.794972 2.794972 2.794972 0.329150 0.329150 0.329150
7480 2.794972 2.794972 2.794972 0.329150 0.329150 0.329150
7490 2.794972 2.794972 2.794972 0.329150 0.329150 0.329150
7500 2.794972 2.794972 2.794972 0.329150 0.329150 0.329150
7510 2.794972 2.794972 2.794972 0.329150 0.329150 0.329150
7520 2.794972 2.794972 2.794972 0.329150 0.329150 0.329150
7530 2.794972 2.794972 2.794972 0.329150 0.329150 0.329150
7540 2.794972 2.794972 2.794972 0.329150 0.329150 0.329150
7550 2.794972 2.794972 2.794972 0.329150 0.329150 0.329150
7560 2.794972 2.794972 2.794972 0.329150 0.329150 0.329150
7570 2.794972 2.794972 2.794972 0.329150 0.329150 0.329150
7580 2.794972 2.794972 2.794972 0.329150 0.329150 0.329150
7590 2.794972 2.794972 2.794972 0.329150 0.329150 0.329150
7600 2.794972 2.794972 2.794972 0.329150 0.329150 0.329150
7610 2.794972 2.794972 2.794972 0.329150 0.329150 0.329150
7620 2.794972 2.794972 2.794972 0.329150 0.329150 0.329150
7630 2.794972 2.794972 2.794972 0.329150 0.329150 0.329150
7640 2.794972 2.794972 2.794972 0.329150 0.329150 0.329150
7650 2.794972 2.794972 2.794972 0.329150 0.329150 0.329150
7660 2.794972 2.794972 2.794972 0.329150 0.329150 0.329150
7670 2.794972 2.794972 2.794972 0.329150 0.329150 0.329150
7680 2.794972 2.794972 2.794972 0.329150 0.329150 0.329150
7690 2.794972 2.794972 2.794972 0.329150 0.329150 0.329150
7700 2.794972 2.794972 2.794972 0.329150 0.329150 0.329150
7710 2.794972 2.794972 2.794972 0.329150 0.329150 0.329150
7720 2.794972 2.794972 2.794972 0.329150 0.329150 0.329150
7730 2.794972 2.794972 2.794972 0.329150 0.329150 0.329150
7740 2.794972 2.794972 2.794972 0.329150 0.329150 0.329150
7750 2.794972 2.794972 2.794972 0.329150 0.329150 0.329150
7760 2.794972 2.794972 2.794972 0.329150 0.329150 0.329150
7770 2.794972 2.794972 2.794972 0.329150 0.329150 0.329150
7780 2.794972 2.794972 2.794972 0.329150 0.329150 0.329150
7790 2.794972 2.794972 2.794972 0.329150 0.329150 0.329150
7800 2.794972 2.794972 2.794972 0.329150 0.329150 0.329150
7810 2.794972 2.794972 2.794972 0.329150 0.329150 0.329150
7820 2.794972 2.794972 2.794972 0.329150 0.329150 0.329150
7830 2.794972 2.794972 2.794972 0.329150 0.329150 0.329150
7840 2.794972 2.794972 2.794972 0.329150 0.329150 0.329150
7850 2.794972 2.794972 2.794972 0.329150 0.329150 0.329150
7860 2.794972 2.794972 2.794972 0.329150 0.329150 0.329150
7870 2.794972 2.794972 2.794972 0.329150 0.329150 0.329150
7880 2.794972 2.794972 2.794972 0.329150 0.329150 0.329150
7890 2.794972 2.794972 2.794972 0.329150 0.329150 0.329150
7900 2.794972 2.794972 2.794972 0.329150 0.329150 0.329150
7910 2.794972 2.794972 2.794972 0.329150 0.329150 0.329150
7920 2.794972 2.794972 2.794972 0.329150 0.329150 0.329150
7930 2.794972 2.794972 2.794972 0.329150 0.329150 0.329150
7940 2.794972 2.794972 2.794972 0.329150 0.329150 0.329150
7950 2.794972 2.794972 2.794972 0.329150 0.329150 0.329150
7960 2.794972 2.794972 2.794972 0.329150 0.329150 0.329150
7970 2.794972 2.794972 2.794972 0.329150 0.329150 0.329150
7980 2.794972 2.794972 2.794972 0.329150 0.329150 0.329150
7990 2.794972 2.794972 2.794972 0.329150 0.329150 0.329150
8000 2.794972 2.794972 2.794972 0.329150 0.329150 0.329150
8010 2.794972 2.794972 2.794972 0.329150 0.329150 0.329150
8020 2.794972 2.794972 2.794972 0.329150 0.329150 0.329150
8030 2.794972 2.794972 2.794972 0.329150 0.329150 0.329150
8040 2.794972 2.794972 2.794972 0.329150 0.329150 0.329150
8050 2.794972 2.794972 2.794972 0.329150 0.329150 0.329150
8060 2.794972 2.794972 2.794972 0.329150 0.329150 0.329150
8070 2.794972 2.794972 2.794972 0.329150 0.329150 0.329150
8080 2.794972 2.794972 2.794972 0.329150 0.329150 0.329150
8090 2.794972 2.794972 2.794972 0.329150 0.329150 0.329150
8100 2.794972 2.794972 2.794972 0.329150 0.329150 0.329150
8110 2.794972 2.794972 2.794972 0.329150 0.329150 0.329150
8120 2.794972 2.794972 2.794972 0.329150 0.329150 0.329150
8130 2.794972 2.794972 2.794972 0.329150 0.329150 0.329150
8140 2.794972 2.794972 2.794972 0.329150 0.329150 0.329150
8150 2.794972 2.794972 2.794972 0.329150 0.329150 0.329150
8160 2.794972 2.794972 2.794972 0.329150 0.329150 0.329150
8170 2.794972 2.794972 2.794972 0.329150 0.329150 0.329150
8180 2.794972 2.794972 2.794972 0.329150 0.329150 0.329150
8190 2.794972 2.794972 2.794972 0.329150 0.329150 0.329150
8200 2.794972 2.794972 2.794972 0.329150 0.329150 0.329150
8210 2.794972 2.794972 2.794972 0.329150 0.329150 0.329150
8220 2.794972 2.794972 2.794972 0.329150 0.329150 0.329150
8230 2.794972 2.794972 2.794972 0.329150 0.329150 0.329150
8240 2.794972 2.794972 2.794972 0.329150 0.329150 0.329150
8250 2.794972 2.794972 2.794972 0.329150 0.329150 0.329150
8260 2.794972 2.794972 2.794972 0.329150 0.329150 0.329150
8270 2.794972 2.794972 2.794972 0.329150 0.329150 0.329150
8280 2.794972 2.794972 2.794972 0.329150 0.329150 0.329150
8290 2.794972 2.794972 2.794972 0.329150 0.329150 0.329150
8300 2.794972 2.794972 2.794972 0.329150 0.329150 0.329150
8310 2.794972 2.794972 2.794972 0.329150 0.329150 0.329150
8320 2.794972 2.794972 2.794972 0.329150 0.329150 0.329150
8330 2.794972 2.794972 2.794972 0.329150 0.329150 0.329150
8340 2.794972 2.794972 2.794972 0.329150 0.329150 0.329150
8350 2.794972 2.794972 2.794972 0.329150 0.329150 0.329150
8360 2.794972 2.794972 2.794972 0.329150 0.329150 0.329150
8370 2.794972 2.794972 2.794972 0.329150 0.329150 0.329150
8380 2.794972 2.794972 2.794972 0.329150 0.329150 0.329150
8390 2.794972 2.794972 2.794972 0.329150 0.329150 0.329150
8400 2.794972 2.794972 2.794972 0.329150 0.329150 0.329150
8410 2.794972 2.794972 2.794972 0.329150 0.329150 0.329150
8420 2.794972 2.794972 2.794972 0.329150 0.329150 0.329150
8430 2.794972 2.794972 2.794972 0.329150 0.329150 0.329150
8440 2.794972 2.794972 2.794972 0.329150 0.329150 0.329150
8450 2.794972 2.794972 2.794972 0.329150 0.329150 0.329150
8460 2.794972 2.794972 2.794972 0.329150 0.329150 0.329150
8470 2.794972 2.794972 2.794972 0.329150 0.329150 0.329150
8480 2.794972 2.794972 2.794972 0.329150 0.329150 0.329150
8490 2.794972 2.794972 2.794972 0.329150 0.329150 0.329150
8500 2.794972 2.794972 2.794972 0.329150 0.329150 0.329150
8510 2.794972 2.794972 2.794972 0.329150 0.329150 0.329150
8520 2.794972 2.794972 2.794972 0.329150 0.329150 0.329150
8530 2.794972 2.794972 2.794972 0.329150 0.329150 0.329150
8540 2.794972 2.794972 2.794972 0.329150 0.329150 0.329150
8550 2.794972 2.794972 2.794972 0.329150 0.329150 0.329150
8560 2.794972 2.794972 2.794972 0.329150 0.329150 0.329150
8570 2.794972 2.794972 2.794972 0.329150 0.329150 0.329150
8580 2.794972 2.794972 2.794972 0.329150 0.329150 0.329150
8590 2.794972 2.794972 2.794972 0.329150 0.329150 0.329150
8600 2.794972 2.794972 2.794972 0.329150 0.329150 0.329150
8610 2.794972 2.794972 2.794972 0.329150 0.329150 0.329150
8620 2.794972 2.794972 2.794972 0.329150 0.329150 0.329150
8630 2.794972 2.794972 2.794972 0.329150 0.329150 0.329150
8640 2.794972 2.794972 2.794972 0.329150 0.329150 0.329150
8650 2.794972 2.794972 2.794972 0.329150 0.329150 0.329150
8660 2.794972 2.794972 2.794972 0.329150 0.329150 0.329150
8670 2.794972 2.794972 2.794972 0.329150 0.329150 0.329150
8680 2.794972 2.794972 2.794972 0.329150 0.329150 0.329150
8690 2.794972 2.794972 2.794972 0.329150 0.329150 0.329150
8700 2.794972 2.794972 2.794972 0.329150 0.329150 0.329150
8710 2.794972 2.794972 2.794972 0.329150 0.329150 0.329150
8720 2.794972 2.794972 2.794972 0.329150 0.329150 0.329150
8730 2.794972 2.794972 2.794972 0.329150 0.329150 0.329150
8740 2.794972 2.794972 2.794972 0.329150 0.329150 0.329150
8750 2.794972 2.794972 2.794972 0.329150 0.329150 0.329150
8760 2.794972 2.794972 2.794972 0.329150 0.329150 0.329150
8770 2.794972 2.794972 2.794972 0.329150 0.329150 0.329150
8780 2.794972 2.794972 2.794972 0.329150 0.329150 0.329150
8790 2.794972 2.794972 2.794972 0.329150 0.329150 0.329150
8800 2.794972 2.794972 2.794972 0.329150 0.329150 0.329150
8810 2.794972 2.794972 2.794972 0.329150 0.329150 0.329150
8820 2.794972 2.794972 2.794972 0.329150 0.329150 0.329150
8830 2.794972 2.794972 2.794972 0.329150 0.329150 0.329150
8840 2.794972 2.794972 2.794972 0.329150 0.329150 0.329150
8850 2.794972 2.794972 2.794972 0.329150 0.329150 0.329150
8860 2.794972 2.794972 2.794972 0.329150 0.329150 0.329150
8870 2.794972 2.794972 2.794972 0.329150 0.329150 0.329150
8880 2.794972 2.794972 2.794972 0.329150 0.329150 0.329150
8890 2.794972 2.794972 2.794972 0.329150 0.329150 0.329150
8900 2.794972 2.794972 2.794972 0.329150 0.329150 0.329150
8910 2.794972 2.794972 2.794972 0.329150 0.329150 0.329150
8920 2.794972 2.794972 2.794972 0.329150 0.329150 0.329150
8930 2.794972 2.794972 2.794972 0.329150 0.329150 0.329150
8940 2.794972 2.794972 2.794972 0.329150 0.329150 0.329150
8950 2.794972 2.794972 2.794972 0.329150 0.329150 0.329150
8960 2.794972 2.794972 2.794972 0.329150 0.329150 0.329150
8970 2.794972 2.794972 2.794972 0.329150 0.329150 0.329150
8980 2.794972 2.794972 2.794972 0.329150 0.329150 0.329150
8990 2.794972 2.794972 2.794972 0.329150 0.329150 0.329150
9000 2.794972 2.794972 2.794972 0.329150 0.329150 0.329150
9010 2.794972 2.794972 2.794972 0.329150 0.329150 0.329150
9020 2.794972 2.794972 2.794972 0.329150 0.329150 0.329150
9030 2.794972 2.794972 2.794972 0.329150 0.329150 0.329150
9040 2.794972 2.794972 2.794972 0.329150 0.329150 0.329150
9050 2.794972 2.794972 2.794972 0.329150 0.329150 0.329150
9060 2.794972 2.794972 2.794972 0.329150 0.329150 0.329150
9070 2.794972 2.794972 2.794972 0.329150 0.329150 0.329150
9080 2.794972 2.794972 2.794972 0.329150 0.329150 0.329150
9090 2.794972 2.794972 2.794972 0.329150 0.329150 0.329150
9100 2.794972 2.794972 2.794972 0.329150 0.329150 0.329150
9110 2.794972 2.794972 2.794972 0.329150 0.329150 0.329150
9120 2.794972 2.794972 2.794972 0.329150 0.329150 0.329150
9130 2.794972 2.794972 2.794972 0.329150 0.329150 0.329150
9140 2.794972 2.794972 2.794972 0.329150 0.329150 0.329150
9150 2.794972 2.794972 2.794972 0.329150 0.329150 0.329150
9160 2.794972 2.794972 2.794972 0.329150 0.329150 0.329150
9170 2.794972 2.794972 2.794972 0.329150 0.329150 0.329150
9180 2.794972 2.794972 2.794972 0.329150 0.329150 0.329150
9190 2.794972 2.794972 2.794972 0.329150 0.329150 0.329150
9200 2.794972 2.794972 2.794972 0.329150 0.329150 0.329150
9210 2.794972 2.794972 2.794972 0.329150 0.329150 0.329150
9220 2.794972 2.794972 2.794972 0.329150 0.329150 0.329150
9230 2.794972 2.794972 2.794972 0.329150 0.329150 0.329150
9240 2.794972 2.794972 2.794972 0.329150 0.329150 0.329150
9250 2.794972 2.794972 2.794972 0.329150 0.329150 0.329150
9260 2.794972 2.794972 2.794972 0.329150 0.329150 0.329150
9270 2.794972 2.794972 2.794972 0.329150 0.329150 0.329150
9280 2.794972 2.794972 2.794972 0.329150 0.329150 0.329150
9290 2.794972 2.794972 2.794972 0.329150 0.329150 0.329150
9300 2.794972 2.794972 2.794972 0.329150 0.329150 0.329150
9310 2.794972 2.794972 2.794972 0.329150 0.329150 0.329150
9320 2.794972 2.794972 2.794972 0.329150 0.329150 0.329150
9330 2.794972 2.794972 2.794972 0.329150 0.329150 0.329150
9340 2.794972 2.794972 2.794972 0.329150 0.329150 0.329150
9350 2.794972 2.794972 2.794972 0.329150 0.329150 0.329150
9360 2.794972 2.794972 2.794972 0.329150 0.329150 0.329150
9370 2.794972 2.794972 2.794972 0.329150 0.329150 0.329150
9380 2.794972 2.794972 2.794972 0.329150 0.329150 0.329150
9390 2.794972 2.794972 2.794972 0.329150 0.329150 0.329150
9400 2.794972 2.794972 2.794972 0.329150 0.329150 0.329150
9410 2.794972 2.794972 2.794972 0.329150 0.329150 0.329150
9420 2.794972 2.794972 2.794972 0.329150 0.329150 0.329150
9430 2.794972 2.794972 2.794972 0.329150 0.329150 0.329150
9440 2.794972 2.794972 2.794972 0.329150 0.329150 0.329150
9450 2.794972 2.794972 2.794972 0.329150 0.329150 0.329150
9460 2.794972 2.794972 2.794972 0.329150 0.329150 0.329150
9470 2.794972 2.794972 2.794972 0.329150 0.329150 0.329150
9480 2.794972 2.794972 2.794972 0.329150 0.329150 0.329150
9490 2.794972 2.794972 2.794972 0.329150 0.329150 0.329150
9500 2.794972 2.794972 2.794972 0.329150 0.329150 0.329150
9510 2.794972 2.794972 2.794972 0.329150 0.329150 0.329150
9520 2.794972 2.794972 2.794972 0.329150 0.329150 0.329150
9530 2.794972 2.794972 2.794972 0.329150 0.329150 0.329150
9540 2.794972 2.794972 2.794972 0.329150 0.329150 0.329150
9550 2.794972 2.794972 2.794972 0.329150 0.329150 0.329150
9560 2.794972 2.794972 2.794972 0.329150 0.329150 0.329150
9570 2.794972 2.794972 2.794972 0.329150 0.329150 0.329150
9580 2.794972 2.794972 2.794972 0.329150 0.329150 0.329150
9590 2.794972 2.794972 2.794972 0.329150 0.329150 0.329150
9600 2.794972 2.794972 2.794972 0.329150 0.329150 0.329150
9610 2.794972 2.794972 2.794972 0.329150 0.329150 0.329150
9620 2.794972 2.794972 2.794972 0.329150 0.329150 0.329150
9630 2.794972 2.794972 2.794972 0.329150 0.329150 0.329150
9640 2.794972 2.794972 2.794972 0.329150 0.329150 0.329150
9650 2.794972 2.794972 2.794972 0.329150 0.329150 0.329150
9660 2.794972 2.794972 2.794972 0.329150 0.329150 0.329150
9670 2.794972 2.794972 2.794972 0.329150 0.329150 0.329150
9680 2.794972 2.794972 2.794972 0.329150 0.329150 0.329150
9690 2.794972 2.794972 2.794972 0.329150 0.329150 0.329150
9700 2.794972 2.794972 2.794972 0.329150 0.329150 0.329150
9710 2.794972 2.794972 2.794972 0.329150 0.329150 0.329150
9720 2.794972 2.794972 2.794972 0.329150 0.329150 0.329150
9730 2.794972 2.794972 2.794972 0.329150 0.329150 0.329150
9740 2.794972 2.794972 2.794972 0.329150 0.329150 0.329150
9750 2.794972 2.794972 2.794972 0.329150 0.329150 0.329150
9760 2.794972 2.794972 2.794972 0.329150 0.329150 0.329150
9770 2.794972 2.794972 2.794972 0.329150 0.329150 0.329150
9780 2.794972 2.794972 2.794972 0.329150 0.329150 0.329150
9790 2.794972 2.794972 2.794972 0.329150 0.329150 0.329150
9800 2.794972 2.794972 2.794972 0.329150 0.329150 0.329150
9810 2.794972 2.794972 2.794972 0.329150 0.329150 0.329150
9820 2.794972 2.794972 2.794972 0.329150 0.329150 0.329150
9830 2.794972 2.794972 2.794972 0.329150 0.329150 0.329150
9840 2.794972 2.794972 2.794972 0.329150 0.329150 0.329150
9850 2.794972 2.794972 2.794972 0.329150 0.329150 0.329150
9860 2.794972 2.794972 2.794972 0.329150 0.329150 0.329150
9870 2.794972 2.794972 2.794972 0.329150 0.329150 0.329150
9880 2.794972 2.794972 2.794972 0.329150 0.329150 0.329150
9890 2.794972 2.794972 2.794972 0.329150 0.329150 0.329150
9900 2.794972 2.794972 2.794972 0.329150 0.329150 0.329150
9910 2.794972 2.794972 2.794972 0.329150 0.329150 0.329150
9920 2.794972 2.794972 2.794972 0.329150 0.329150 0.329150
9930 2.794972 2.794972 2.794972 0.329150 0.329150 0.329150
9940 2.794972 2.794972 2.794972 0.329150 0.329150 0.329150
9950 2.794972 2.794972 2.794972 0.329150 0.329150 0.329150
9960 2.794972 2.794972 2.794972 0.329150 0.329150 0.329150
9970 2.794972 2.794972 2.794972 0.329150 0.329150 0.329150
9980 2.794972 2.794972 2.794972 0.329150 0.329150 0.329150
9990 2.794972 2.794972 2.794972 0.329150 0.329150 0.329150
10000 2.794972 2.794972 2.794972 0.329150 0.329150 0.329150
