777 202063 11 0.184000 5632 2134 2670 1
336 92984 6 0.092500 5363 2461 3016 1
835 200098 11 0.016600 4790 3667 3007 0
682 171376 10 0.038000 4898 2096 3343 1
538 147935 12 0.109300 4843 2637 3844 0
239 60555 12 0.061200 5344 2034 3390 1
550 115645 7 0.097200 4820 3154 2561 1
902 263779 10 0.136400 5041 2726 2809 1
958 282239 12 0.060000 5936 3672 3820 1
199 60566 9 0.095900 4929 3353 2201 1
396 123693 7 0.100500 4140 2294 3863 1
544 121526 10 0.083500 5504 2824 2108 1
473 137838 11 0.016400 5544 3081 2572 1
154 36076 11 0.092400 4960 3310 2445 1
108 28000 9 0.094900 4363 2402 3654 1
652 145301 10 0.074800 5188 2956 2948 1
383 80395 7 0.099300 4863 3417 2553 1
637 181836 12 0.109700 4568 2214 3790 1
159 48306 9 0.032700 5826 3786 3506 1
668 180223 9 0.071700 5306 2454 3722 1
180 27274 10 0.027800 5638 2937 2965 1
805 233005 8 0.067100 4403 2549 2438 1
597 164230 11 0.017400 5033 2022 3505 1
118 26367 7 0.085800 5972 3827 2692 1
560 196621 11 0.181700 5520 2778 2530 1
786 182913 10 0.105200 4752 3612 2909 1
729 167719 9 0.110300 5506 2653 3095 1
250 43530 7 0.091000 4385 3849 2314 1
749 154126 12 0.104100 4420 2126 2072 1
395 101677 8 0.170700 5846 2365 2567 1
449 152415 7 0.137500 5260 3618 3694 1
248 78318 9 0.102600 4874 2126 2302 1
407 137703 11 0.061000 5043 3106 3722 0
766 254496 8 0.091600 4964 2380 3730 1
1000 182977 8 0.140000 4932 2663 3776 1
755 184970 14 0.032700 4134 2074 3399 1
979 210093 9 0.066700 5791 2199 2755 1
691 146593 8 0.088000 4893 3510 2905 1
815 221661 9 0.110700 4068 2538 2562 1
611 139165 12 0.055600 5579 3273 2131 1
281 84387 10 0.087700 4602 3796 2244 1
614 128208 10 0.042300 5080 3945 3634 1
631 117560 11 0.011700 4040 3925 3316 1
928 238328 8 0.059200 5148 2184 2086 1
848 204346 9 0.115700 5033 3337 3758 1
604 154878 6 0.112800 5582 3990 3636 1
448 129514 11 0.151600 4281 2126 2557 1
197 43054 11 0.110000 4381 3891 3626 1
572 173216 10 0.134900 5189 3283 2802 1
934 250192 11 0.126900 5788 3907 3380 1
247 40151 14 0.063300 5709 2962 2453 1
611 153726 12 0.083100 5449 2791 3152 1
981 237311 13 0.105600 4257 3205 2972 1
496 118352 9 0.115900 4933 3932 2305 1
107 23401 9 0.083000 5303 3048 2575 1
557 122237 11 0.074300 5363 2565 3966 1
892 291859 11 0.100300 5422 3931 2405 1
289 76085 9 0.141200 5281 2635 2895 1
896 238260 14 0.060100 4308 2081 3591 1
843 140057 12 0.088300 5143 3965 2943 1
436 79927 10 0.101000 5343 2151 3859 1
243 43711 10 0.106200 5307 3918 3016 1
955 231962 8 0.111100 4776 2357 2539 1
824 116985 11 0.142700 5018 2183 3672 1
426 123616 10 0.095300 5571 3939 2464 1
439 124201 10 0.143100 5444 3865 2262 1
511 95801 8 0.071500 5752 3653 2351 1
210 55347 13 0.029000 5128 3649 2785 0
707 177908 9 0.116000 5945 2161 3428 1
607 117541 11 0.130900 4755 3666 2890 1
110 28043 7 0.018400 5708 3799 2719 1
467 88808 6 0.091800 5430 2052 3221 1
643 126359 12 0.128700 4100 2264 2119 1
952 277705 13 0.142200 4990 2891 3548 1
127 41745 11 0.070200 4340 2461 3496 1
247 49693 10 0.073700 5426 3389 3370 1
261 72607 8 0.040000 5207 2321 2382 1
642 121771 11 0.073500 4365 2501 2299 1
583 149854 11 0.159000 5208 2686 2522 1
937 210926 7 0.083700 4703 2678 2085 1
436 98812 10 0.093100 5633 2518 3742 1
678 175860 10 0.106600 4913 2227 3725 1
369 101642 11 0.077600 5673 2983 3156 1
323 83624 9 0.181200 4829 3572 3215 1
724 157221 9 0.107500 4318 3400 3178 1
775 222676 11 0.146600 5433 3565 3488 1
737 102786 12 0.088000 4121 3088 3802 1
275 63671 8 0.098300 4539 3131 3488 1
783 248690 12 0.094500 5461 3381 3384 1
652 162253 9 0.049700 4489 2922 3851 0
305 92951 11 0.134900 4389 2751 2653 1
812 122113 9 0.067000 4656 3357 2198 1
349 101337 12 0.103200 4686 3587 3139 1
192 64408 11 0.105700 4780 3200 2122 1
809 230477 11 0.093900 4322 2754 3184 1
914 266236 11 0.078900 5099 2098 2485 1
203 70172 14 0.129100 4281 3514 2315 1
165 26090 8 0.122800 4260 2775 2517 1
558 185466 9 0.100500 5553 3963 3115 1
865 253135 8 0.107800 5176 3613 3762 1
