# generation power_min power_avg power_max util_min util_avg util_max
1 48.500414 49.087344 50.034352 0.896291 0.926423 0.949791
10 48.402057 48.992177 49.566525 0.906401 0.929316 0.949791
20 48.378408 48.908819 49.360593 0.913189 0.931991 0.949791
30 48.378408 48.839701 49.212194 0.913189 0.934127 0.949938
40 48.100846 48.770842 49.149802 0.917309 0.936410 0.958749
50 48.100846 48.709492 49.072901 0.917632 0.938475 0.958749
60 48.060049 48.651770 48.954518 0.917632 0.940270 0.962079
70 48.060049 48.593537 48.912645 0.926289 0.942046 0.962079
80 48.060049 48.544928 48.875664 0.926289 0.943067 0.962079
90 47.856111 48.490925 48.814278 0.929332 0.944613 0.967637
100 47.856111 48.442698 48.712694 0.929332 0.945779 0.967637
110 47.856111 48.401719 48.640604 0.930499 0.947036 0.967637
120 47.856111 48.352992 48.576136 0.934516 0.948515 0.968006
130 47.854524 48.296352 48.541722 0.934516 0.950365 0.970714
140 47.703545 48.247673 48.517710 0.935334 0.952166 0.975546
150 47.703545 48.197215 48.473129 0.936569 0.953877 0.975546
160 47.703545 48.144395 48.411258 0.939230 0.955639 0.975774
170 47.703545 48.096021 48.380554 0.939230 0.957513 0.975774
180 47.703545 48.046156 48.347321 0.939982 0.959266 0.975774
190 47.615653 47.997488 48.282504 0.946517 0.961145 0.975774
200 47.615653 47.952292 48.166646 0.950593 0.962809 0.976470
210 47.584050 47.913163 48.147519 0.950593 0.964321 0.976470
220 47.584050 47.877262 48.098632 0.952964 0.965400 0.976470
230 47.584050 47.843879 48.058441 0.953450 0.966683 0.977039
240 47.584050 47.813154 47.976994 0.959469 0.967971 0.977039
250 47.509980 47.788000 47.935426 0.959469 0.968684 0.977985
260 47.459294 47.760147 47.902841 0.962406 0.969611 0.977985
270 47.459294 47.734384 47.856111 0.963106 0.970337 0.977985
280 47.459294 47.711213 47.840850 0.964114 0.971099 0.977985
290 47.457823 47.684477 47.815441 0.965079 0.971840 0.982678
300 47.420981 47.661486 47.806211 0.967213 0.972795 0.982678
310 47.420981 47.632729 47.781904 0.967213 0.973673 0.982678
320 47.290673 47.598584 47.758644 0.967264 0.974723 0.987006
330 47.290673 47.569935 47.712702 0.968679 0.975705 0.987006
340 47.290673 47.539723 47.704396 0.969291 0.976835 0.987006
350 47.255434 47.508461 47.679091 0.970823 0.977796 0.987006
360 47.233636 47.478114 47.634822 0.973074 0.978749 0.988789
370 47.233636 47.445958 47.608603 0.973074 0.979660 0.988789
380 47.233636 47.416439 47.586916 0.973074 0.980638 0.988789
390 47.213337 47.388677 47.557040 0.973768 0.981434 0.988789
400 47.193944 47.361457 47.509980 0.976125 0.982367 0.988789
410 47.193944 47.335763 47.484781 0.976125 0.983074 0.988789
420 47.193944 47.316244 47.445312 0.977514 0.983706 0.988789
430 47.188922 47.296040 47.420981 0.977514 0.984432 0.988789
440 47.179962 47.278264 47.400681 0.977514 0.985009 0.989950
450 47.144531 47.262340 47.348869 0.979189 0.985570 0.989950
460 47.144531 47.249636 47.348869 0.979189 0.986148 0.989950
470 47.073732 47.235631 47.328569 0.979628 0.986550 0.990069
480 47.073732 47.225255 47.255434 0.983470 0.986846 0.990069
490 47.073732 47.218081 47.247618 0.983470 0.986943 0.990069
500 47.070266 47.210696 47.247618 0.983470 0.987067 0.990246
510 47.033749 47.198937 47.247618 0.983470 0.987261 0.990502
520 47.033749 47.187535 47.247618 0.983470 0.987422 0.990502
530 47.031299 47.174231 47.247618 0.983470 0.987659 0.990502
540 47.008696 47.160340 47.233636 0.984909 0.988197 0.992961
550 47.008696 47.142902 47.227318 0.984909 0.988448 0.992961
560 47.008696 47.128050 47.221152 0.985360 0.988820 0.992961
570 47.008696 47.111423 47.193944 0.985360 0.989212 0.992961
580 46.999823 47.096675 47.192438 0.985360 0.989459 0.992961
590 46.994715 47.082039 47.163387 0.985360 0.989783 0.995021
600 46.985842 47.068098 47.158157 0.985360 0.990130 0.995021
610 46.985842 47.055651 47.124231 0.987420 0.990526 0.995021
620 46.985842 47.043971 47.118123 0.987853 0.991034 0.995021
630 46.985842 47.032600 47.090566 0.987853 0.991317 0.995021
640 46.985842 47.023962 47.084248 0.987853 0.991703 0.995021
650 46.985842 47.016072 47.070266 0.989411 0.991915 0.995021
660 46.985842 47.008135 47.033749 0.989411 0.992044 0.995021
670 46.965521 47.003381 47.031299 0.989411 0.992381 0.995021
680 46.965521 46.999563 47.019768 0.989411 0.992562 0.995021
690 46.936366 46.995942 47.019768 0.989411 0.992587 0.995021
700 46.936366 46.992476 47.019768 0.989411 0.992573 0.995021
710 46.936366 46.989163 47.008696 0.989411 0.992553 0.995021
720 46.911313 46.986550 46.999823 0.989411 0.992735 0.996624
730 46.911313 46.983812 46.994715 0.991471 0.992745 0.996624
740 46.911313 46.982722 46.994715 0.991471 0.992422 0.996624
750 46.911313 46.980683 46.994715 0.991471 0.992180 0.996624
760 46.911313 46.979087 46.985842 0.991471 0.992117 0.996624
770 46.911313 46.976445 46.985842 0.991471 0.992334 0.996624
780 46.911313 46.975341 46.985842 0.991471 0.992454 0.996624
790 46.911313 46.972834 46.985842 0.991471 0.992713 0.996624
800 46.911313 46.971323 46.985842 0.991471 0.992896 0.996624
810 46.911313 46.967827 46.985842 0.991471 0.993209 0.996624
820 46.911313 46.961959 46.985842 0.991471 0.993634 0.996624
830 46.911313 46.957582 46.985842 0.991471 0.993957 0.996624
840 46.911313 46.951417 46.985842 0.991471 0.994400 0.996624
850 46.911313 46.945549 46.985842 0.991471 0.994825 0.996624
860 46.911313 46.938889 46.985842 0.991471 0.995296 0.996624
870 46.911313 46.933563 46.965521 0.993930 0.995512 0.996624
880 46.911313 46.928935 46.965521 0.993930 0.995671 0.996624
890 46.911313 46.923514 46.965521 0.993930 0.995874 0.996624
900 46.911313 46.918093 46.965521 0.993930 0.996078 0.996624
910 46.911313 46.914320 46.936366 0.994165 0.996329 0.996624
920 46.911313 46.911814 46.936366 0.994165 0.996575 0.996624
930 46.911313 46.911313 46.911313 0.996624 0.996624 0.996624
940 46.911313 46.911313 46.911313 0.996624 0.996624 0.996624
950 46.911313 46.911313 46.911313 0.996624 0.996624 0.996624
960 46.911313 46.911313 46.911313 0.996624 0.996624 0.996624
970 46.911313 46.911313 46.911313 0.996624 0.996624 0.996624
980 46.911313 46.911313 46.911313 0.996624 0.996624 0.996624
990 46.911313 46.911313 46.911313 0.996624 0.996624 0.996624
1000 46.911313 46.911313 46.911313 0.996624 0.996624 0.996624
1010 46.911313 46.911313 46.911313 0.996624 0.996624 0.996624
1020 46.911313 46.911313 46.911313 0.996624 0.996624 0.996624
1030 46.911313 46.911313 46.911313 0.996624 0.996624 0.996624
1040 46.911313 46.911313 46.911313 0.996624 0.996624 0.996624
1050 46.911313 46.911313 46.911313 0.996624 0.996624 0.996624
1060 46.911313 46.911313 46.911313 0.996624 0.996624 0.996624
1070 46.911313 46.911313 46.911313 0.996624 0.996624 0.996624
1080 46.911313 46.911313 46.911313 0.996624 0.996624 0.996624
1090 46.911313 46.911313 46.911313 0.996624 0.996624 0.996624
1100 46.911313 46.911313 46.911313 0.996624 0.996624 0.996624
1110 46.911313 46.911313 46.911313 0.996624 0.996624 0.996624
1120 46.911313 46.911313 46.911313 0.996624 0.996624 0.996624
1130 46.911313 46.911313 46.911313 0.996624 0.996624 0.996624
1140 46.911313 46.911313 46.911313 0.996624 0.996624 0.996624
1150 46.911313 46.911313 46.911313 0.996624 0.996624 0.996624
1160 46.911313 46.911313 46.911313 0.996624 0.996624 0.996624
1170 46.911313 46.911313 46.911313 0.996624 0.996624 0.996624
1180 46.911313 46.911313 46.911313 0.996624 0.996624 0.996624
1190 46.911313 46.911313 46.911313 0.996624 0.996624 0.996624
1200 46.911313 46.911313 46.911313 0.996624 0.996624 0.996624
1210 46.911313 46.911313 46.911313 0.996624 0.996624 0.996624
1220 46.911313 46.911313 46.911313 0.996624 0.996624 0.996624
1230 46.911313 46.911313 46.911313 0.996624 0.996624 0.996624
1240 46.911313 46.911313 46.911313 0.996624 0.996624 0.996624
1250 46.911313 46.911313 46.911313 0.996624 0.996624 0.996624
1260 46.911313 46.911313 46.911313 0.996624 0.996624 0.996624
1270 46.911313 46.911313 46.911313 0.996624 0.996624 0.996624
1280 46.911313 46.911313 46.911313 0.996624 0.996624 0.996624
1290 46.911313 46.911313 46.911313 0.996624 0.996624 0.996624
1300 46.911313 46.911313 46.911313 0.996624 0.996624 0.996624
1310 46.911313 46.911313 46.911313 0.996624 0.996624 0.996624
1320 46.911313 46.911313 46.911313 0.996624 0.996624 0.996624
1330 46.911313 46.911313 46.911313 0.996624 0.996624 0.996624
1340 46.911313 46.911313 46.911313 0.996624 0.996624 0.996624
1350 46.911313 46.911313 46.911313 0.996624 0.996624 0.996624
1360 46.911313 46.911313 46.911313 0.996624 0.996624 0.996624
1370 46.911313 46.911313 46.911313 0.996624 0.996624 0.996624
1380 46.911313 46.911313 46.911313 0.996624 0.996624 0.996624
1390 46.911313 46.911313 46.911313 0.996624 0.996624 0.996624
1400 46.911313 46.911313 46.911313 0.996624 0.996624 0.996624
1410 46.911313 46.911313 46.911313 0.996624 0.996624 0.996624
1420 46.911313 46.911313 46.911313 0.996624 0.996624 0.996624
1430 46.911313 46.911313 46.911313 0.996624 0.996624 0.996624
1440 46.911313 46.911313 46.911313 0.996624 0.996624 0.996624
1450 46.911313 46.911313 46.911313 0.996624 0.996624 0.996624
1460 46.911313 46.911313 46.911313 0.996624 0.996624 0.996624
1470 46.911313 46.911313 46.911313 0.996624 0.996624 0.996624
1480 46.911313 46.911313 46.911313 0.996624 0.996624 0.996624
1490 46.911313 46.911313 46.911313 0.996624 0.996624 0.996624
1500 46.911313 46.911313 46.911313 0.996624 0.996624 0.996624
1510 46.911313 46.911313 46.911313 0.996624 0.996624 0.996624
1520 46.911313 46.911313 46.911313 0.996624 0.996624 0.996624
1530 46.911313 46.911313 46.911313 0.996624 0.996624 0.996624
1540 46.911313 46.911313 46.911313 0.996624 0.996624 0.996624
1550 46.911313 46.911313 46.911313 0.996624 0.996624 0.996624
1560 46.911313 46.911313 46.911313 0.996624 0.996624 0.996624
1570 46.911313 46.911313 46.911313 0.996624 0.996624 0.996624
1580 46.911313 46.911313 46.911313 0.996624 0.996624 0.996624
1590 46.911313 46.911313 46.911313 0.996624 0.996624 0.996624
1600 46.911313 46.911313 46.911313 0.996624 0.996624 0.996624
1610 46.911313 46.911313 46.911313 0.996624 0.996624 0.996624
1620 46.911313 46.911313 46.911313 0.996624 0.996624 0.996624
1630 46.911313 46.911313 46.911313 0.996624 0.996624 0.996624
1640 46.911313 46.911313 46.911313 0.996624 0.996624 0.996624
1650 46.911313 46.911313 46.911313 0.996624 0.996624 0.996624
1660 46.911313 46.911313 46.911313 0.996624 0.996624 0.996624
1670 46.911313 46.911313 46.911313 0.996624 0.996624 0.996624
1680 46.911313 46.911313 46.911313 0.996624 0.996624 0.996624
1690 46.911313 46.911313 46.911313 0.996624 0.996624 0.996624
1700 46.911313 46.911313 46.911313 0.996624 0.996624 0.996624
1710 46.911313 46.911313 46.911313 0.996624 0.996624 0.996624
1720 46.911313 46.911313 46.911313 0.996624 0.996624 0.996624
1730 46.911313 46.911313 46.911313 0.996624 0.996624 0.996624
1740 46.911313 46.911313 46.911313 0.996624 0.996624 0.996624
1750 46.911313 46.911313 46.911313 0.996624 0.996624 0.996624
1760 46.911313 46.911313 46.911313 0.996624 0.996624 0.996624
1770 46.911313 46.911313 46.911313 0.996624 0.996624 0.996624
1780 46.911313 46.911313 46.911313 0.996624 0.996624 0.996624
1790 46.911313 46.911313 46.911313 0.996624 0.996624 0.996624
1800 46.911313 46.911313 46.911313 0.996624 0.996624 0.996624
1810 46.911313 46.911313 46.911313 0.996624 0.996624 0.996624
1820 46.911313 46.911313 46.911313 0.996624 0.996624 0.996624
1830 46.911313 46.911313 46.911313 0.996624 0.996624 0.996624
1840 46.911313 46.911313 46.911313 0.996624 0.996624 0.996624
1850 46.911313 46.911313 46.911313 0.996624 0.996624 0.996624
1860 46.911313 46.911313 46.911313 0.996624 0.996624 0.996624
1870 46.911313 46.911313 46.911313 0.996624 0.996624 0.996624
1880 46.911313 46.911313 46.911313 0.996624 0.996624 0.996624
1890 46.911313 46.911313 46.911313 0.996624 0.996624 0.996624
1900 46.911313 46.911313 46.911313 0.996624 0.996624 0.996624
1910 46.911313 46.911313 46.911313 0.996624 0.996624 0.996624
1920 46.911313 46.911313 46.911313 0.996624 0.996624 0.996624
1930 46.911313 46.911313 46.911313 0.996624 0.996624 0.996624
1940 46.911313 46.911313 46.911313 0.996624 0.996624 0.996624
1950 46.911313 46.911313 46.911313 0.996624 0.996624 0.996624
1960 46.911313 46.911313 46.911313 0.996624 0.996624 0.996624
1970 46.911313 46.911313 46.911313 0.996624 0.996624 0.996624
1980 46.911313 46.911313 46.911313 0.996624 0.996624 0.996624
1990 46.911313 46.911313 46.911313 0.996624 0.996624 0.996624
2000 46.911313 46.911313 46.911313 0.996624 0.996624 0.996624
2010 46.911313 46.911313 46.911313 0.996624 0.996624 0.996624
2020 46.911313 46.911313 46.911313 0.996624 0.996624 0.996624
2030 46.911313 46.911313 46.911313 0.996624 0.996624 0.996624
2040 46.911313 46.911313 46.911313 0.996624 0.996624 0.996624
2050 46.911313 46.911313 46.911313 0.996624 0.996624 0.996624
2060 46.911313 46.911313 46.911313 0.996624 0.996624 0.996624
2070 46.911313 46.911313 46.911313 0.996624 0.996624 0.996624
2080 46.911313 46.911313 46.911313 0.996624 0.996624 0.996624
2090 46.911313 46.911313 46.911313 0.996624 0.996624 0.996624
2100 46.911313 46.911313 46.911313 0.996624 0.996624 0.996624
2110 46.911313 46.911313 46.911313 0.996624 0.996624 0.996624
2120 46.911313 46.911313 46.911313 0.996624 0.996624 0.996624
2130 46.911313 46.911313 46.911313 0.996624 0.996624 0.996624
2140 46.911313 46.911313 46.911313 0.996624 0.996624 0.996624
2150 46.911313 46.911313 46.911313 0.996624 0.996624 0.996624
2160 46.911313 46.911313 46.911313 0.996624 0.996624 0.996624
2170 46.911313 46.911313 46.911313 0.996624 0.996624 0.996624
2180 46.911313 46.911313 46.911313 0.996624 0.996624 0.996624
2190 46.911313 46.911313 46.911313 0.996624 0.996624 0.996624
2200 46.911313 46.911313 46.911313 0.996624 0.996624 0.996624
2210 46.911313 46.911313 46.911313 0.996624 0.996624 0.996624
2220 46.911313 46.911313 46.911313 0.996624 0.996624 0.996624
2230 46.911313 46.911313 46.911313 0.996624 0.996624 0.996624
2240 46.911313 46.911313 46.911313 0.996624 0.996624 0.996624
2250 46.911313 46.911313 46.911313 0.996624 0.996624 0.996624
2260 46.911313 46.911313 46.911313 0.996624 0.996624 0.996624
2270 46.911313 46.911313 46.911313 0.996624 0.996624 0.996624
2280 46.911313 46.911313 46.911313 0.996624 0.996624 0.996624
2290 46.911313 46.911313 46.911313 0.996624 0.996624 0.996624
2300 46.911313 46.911313 46.911313 0.996624 0.996624 0.996624
2310 46.911313 46.911313 46.911313 0.996624 0.996624 0.996624
2320 46.911313 46.911313 46.911313 0.996624 0.996624 0.996624
2330 46.911313 46.911313 46.911313 0.996624 0.996624 0.996624
2340 46.911313 46.911313 46.911313 0.996624 0.996624 0.996624
2350 46.911313 46.911313 46.911313 0.996624 0.996624 0.996624
2360 46.911313 46.911313 46.911313 0.996624 0.996624 0.996624
2370 46.911313 46.911313 46.911313 0.996624 0.996624 0.996624
2380 46.911313 46.911313 46.911313 0.996624 0.996624 0.996624
2390 46.911313 46.911313 46.911313 0.996624 0.996624 0.996624
2400 46.911313 46.911313 46.911313 0.996624 0.996624 0.996624
2410 46.911313 46.911313 46.911313 0.996624 0.996624 0.996624
2420 46.911313 46.911313 46.911313 0.996624 0.996624 0.996624
2430 46.911313 46.911313 46.911313 0.996624 0.996624 0.996624
2440 46.911313 46.911313 46.911313 0.996624 0.996624 0.996624
2450 46.911313 46.911313 46.911313 0.996624 0.996624 0.996624
2460 46.911313 46.911313 46.911313 0.996624 0.996624 0.996624
2470 46.911313 46.911313 46.911313 0.996624 0.996624 0.996624
2480 46.911313 46.911313 46.911313 0.996624 0.996624 0.996624
2490 46.911313 46.911313 46.911313 0.996624 0.996624 0.996624
2500 46.911313 46.911313 46.911313 0.996624 0.996624 0.996624
2510 46.911313 46.911313 46.911313 0.996624 0.996624 0.996624
2520 46.911313 46.911313 46.911313 0.996624 0.996624 0.996624
2530 46.911313 46.911313 46.911313 0.996624 0.996624 0.996624
2540 46.911313 46.911313 46.911313 0.996624 0.996624 0.996624
2550 46.911313 46.911313 46.911313 0.996624 0.996624 0.996624
2560 46.911313 46.911313 46.911313 0.996624 0.996624 0.996624
2570 46.911313 46.911313 46.911313 0.996624 0.996624 0.996624
2580 46.911313 46.911313 46.911313 0.996624 0.996624 0.996624
2590 46.911313 46.911313 46.911313 0.996624 0.996624 0.996624
2600 46.911313 46.911313 46.911313 0.996624 0.996624 0.996624
2610 46.911313 46.911313 46.911313 0.996624 0.996624 0.996624
2620 46.911313 46.911313 46.911313 0.996624 0.996624 0.996624
2630 46.911313 46.911313 46.911313 0.996624 0.996624 0.996624
2640 46.911313 46.911313 46.911313 0.996624 0.996624 0.996624
2650 46.911313 46.911313 46.911313 0.996624 0.996624 0.996624
2660 46.911313 46.911313 46.911313 0.996624 0.996624 0.996624
2670 46.911313 46.911313 46.911313 0.996624 0.996624 0.996624
2680 46.911313 46.911313 46.911313 0.996624 0.996624 0.996624
2690 46.911313 46.911313 46.911313 0.996624 0.996624 0.996624
2700 46.911313 46.911313 46.911313 0.996624 0.996624 0.996624
2710 46.911313 46.911313 46.911313 0.996624 0.996624 0.996624
2720 46.911313 46.911313 46.911313 0.996624 0.996624 0.996624
2730 46.911313 46.911313 46.911313 0.996624 0.996624 0.996624
2740 46.911313 46.911313 46.911313 0.996624 0.996624 0.996624
2750 46.911313 46.911313 46.911313 0.996624 0.996624 0.996624
2760 46.911313 46.911313 46.911313 0.996624 0.996624 0.996624
2770 46.911313 46.911313 46.911313 0.996624 0.996624 0.996624
2780 46.911313 46.911313 46.911313 0.996624 0.996624 0.996624
2790 46.911313 46.911313 46.911313 0.996624 0.996624 0.996624
2800 46.911313 46.911313 46.911313 0.996624 0.996624 0.996624
2810 46.911313 46.911313 46.911313 0.996624 0.996624 0.996624
2820 46.911313 46.911313 46.911313 0.996624 0.996624 0.996624
2830 46.911313 46.911313 46.911313 0.996624 0.996624 0.996624
2840 46.911313 46.911313 46.911313 0.996624 0.996624 0.996624
2850 46.911313 46.911313 46.911313 0.996624 0.996624 0.996624
2860 46.911313 46.911313 46.911313 0.996624 0.996624 0.996624
2870 46.911313 46.911313 46.911313 0.996624 0.996624 0.996624
2880 46.911313 46.911313 46.911313 0.996624 0.996624 0.996624
2890 46.911313 46.911313 46.911313 0.996624 0.996624 0.996624
2900 46.911313 46.911313 46.911313 0.996624 0.996624 0.996624
2910 46.911313 46.911313 46.911313 0.996624 0.996624 0.996624
2920 46.911313 46.911313 46.911313 0.996624 0.996624 0.996624
2930 46.911313 46.911313 46.911313 0.996624 0.996624 0.996624
2940 46.911313 46.911313 46.911313 0.996624 0.996624 0.996624
2950 46.911313 46.911313 46.911313 0.996624 0.996624 0.996624
2960 46.911313 46.911313 46.911313 0.996624 0.996624 0.996624
2970 46.911313 46.911313 46.911313 0.996624 0.996624 0.996624
2980 46.911313 46.911313 46.911313 0.996624 0.996624 0.996624
2990 46.911313 46.911313 46.911313 0.996624 0.996624 0.996624
3000 46.911313 46.911313 46.911313 0.996624 0.996624 0.996624
3010 46.911313 46.911313 46.911313 0.996624 0.996624 0.996624
3020 46.911313 46.911313 46.911313 0.996624 0.996624 0.996624
3030 46.911313 46.911313 46.911313 0.996624 0.996624 0.996624
3040 46.911313 46.911313 46.911313 0.996624 0.996624 0.996624
3050 46.911313 46.911313 46.911313 0.996624 0.996624 0.996624
3060 46.911313 46.911313 46.911313 0.996624 0.996624 0.996624
3070 46.911313 46.911313 46.911313 0.996624 0.996624 0.996624
3080 46.911313 46.911313 46.911313 0.996624 0.996624 0.996624
3090 46.911313 46.911313 46.911313 0.996624 0.996624 0.996624
3100 46.911313 46.911313 46.911313 0.996624 0.996624 0.996624
3110 46.911313 46.911313 46.911313 0.996624 0.996624 0.996624
3120 46.911313 46.911313 46.911313 0.996624 0.996624 0.996624
3130 46.911313 46.911313 46.911313 0.996624 0.996624 0.996624
3140 46.911313 46.911313 46.911313 0.996624 0.996624 0.996624
3150 46.911313 46.911313 46.911313 0.996624 0.996624 0.996624
3160 46.911313 46.911313 46.911313 0.996624 0.996624 0.996624
3170 46.911313 46.911313 46.911313 0.996624 0.996624 0.996624
3180 46.911313 46.911313 46.911313 0.996624 0.996624 0.996624
3190 46.911313 46.911313 46.911313 0.996624 0.996624 0.996624
3200 46.911313 46.911313 46.911313 0.996624 0.996624 0.996624
3210 46.911313 46.911313 46.911313 0.996624 0.996624 0.996624
3220 46.911313 46.911313 46.911313 0.996624 0.996624 0.996624
3230 46.911313 46.911313 46.911313 0.996624 0.996624 0.996624
3240 46.911313 46.911313 46.911313 0.996624 0.996624 0.996624
3250 46.911313 46.911313 46.911313 0.996624 0.996624 0.996624
3260 46.911313 46.911313 46.911313 0.996624 0.996624 0.996624
3270 46.911313 46.911313 46.911313 0.996624 0.996624 0.996624
3280 46.911313 46.911313 46.911313 0.996624 0.996624 0.996624
3290 46.911313 46.911313 46.911313 0.996624 0.996624 0.996624
3300 46.911313 46.911313 46.911313 0.996624 0.996624 0.996624
3310 46.911313 46.911313 46.911313 0.996624 0.996624 0.996624
3320 46.911313 46.911313 46.911313 0.996624 0.996624 0.996624
3330 46.911313 46.911313 46.911313 0.996624 0.996624 0.996624
3340 46.911313 46.911313 46.911313 0.996624 0.996624 0.996624
3350 46.911313 46.911313 46.911313 0.996624 0.996624 0.996624
3360 46.911313 46.911313 46.911313 0.996624 0.996624 0.996624
3370 46.911313 46.911313 46.911313 0.996624 0.996624 0.996624
3380 46.911313 46.911313 46.911313 0.996624 0.996624 0.996624
3390 46.911313 46.911313 46.911313 0.996624 0.996624 0.996624
3400 46.911313 46.911313 46.911313 0.996624 0.996624 0.996624
3410 46.911313 46.911313 46.911313 0.996624 0.996624 0.996624
3420 46.911313 46.911313 46.911313 0.996624 0.996624 0.996624
3430 46.911313 46.911313 46.911313 0.996624 0.996624 0.996624
3440 46.911313 46.911313 46.911313 0.996624 0.996624 0.996624
3450 46.911313 46.911313 46.911313 0.996624 0.996624 0.996624
3460 46.911313 46.911313 46.911313 0.996624 0.996624 0.996624
3470 46.911313 46.911313 46.911313 0.996624 0.996624 0.996624
3480 46.911313 46.911313 46.911313 0.996624 0.996624 0.996624
3490 46.911313 46.911313 46.911313 0.996624 0.996624 0.996624
3500 46.911313 46.911313 46.911313 0.996624 0.996624 0.996624
3510 46.911313 46.911313 46.911313 0.996624 0.996624 0.996624
3520 46.911313 46.911313 46.911313 0.996624 0.996624 0.996624
3530 46.911313 46.911313 46.911313 0.996624 0.996624 0.996624
3540 46.911313 46.911313 46.911313 0.996624 0.996624 0.996624
3550 46.911313 46.911313 46.911313 0.996624 0.996624 0.996624
3560 46.911313 46.911313 46.911313 0.996624 0.996624 0.996624
3570 46.911313 46.911313 46.911313 0.996624 0.996624 0.996624
3580 46.911313 46.911313 46.911313 0.996624 0.996624 0.996624
3590 46.911313 46.911313 46.911313 0.996624 0.996624 0.996624
3600 46.911313 46.911313 46.911313 0.996624 0.996624 0.996624
3610 46.911313 46.911313 46.911313 0.996624 0.996624 0.996624
3620 46.911313 46.911313 46.911313 0.996624 0.996624 0.996624
3630 46.911313 46.911313 46.911313 0.996624 0.996624 0.996624
3640 46.911313 46.911313 46.911313 0.996624 0.996624 0.996624
3650 46.911313 46.911313 46.911313 0.996624 0.996624 0.996624
3660 46.911313 46.911313 46.911313 0.996624 0.996624 0.996624
3670 46.911313 46.911313 46.911313 0.996624 0.996624 0.996624
3680 46.911313 46.911313 46.911313 0.996624 0.996624 0.996624
3690 46.911313 46.911313 46.911313 0.996624 0.996624 0.996624
3700 46.911313 46.911313 46.911313 0.996624 0.996624 0.996624
3710 46.911313 46.911313 46.911313 0.996624 0.996624 0.996624
3720 46.911313 46.911313 46.911313 0.996624 0.996624 0.996624
3730 46.911313 46.911313 46.911313 0.996624 0.996624 0.996624
3740 46.911313 46.911313 46.911313 0.996624 0.996624 0.996624
3750 46.911313 46.911313 46.911313 0.996624 0.996624 0.996624
3760 46.911313 46.911313 46.911313 0.996624 0.996624 0.996624
3770 46.911313 46.911313 46.911313 0.996624 0.996624 0.996624
3780 46.911313 46.911313 46.911313 0.996624 0.996624 0.996624
3790 46.911313 46.911313 46.911313 0.996624 0.996624 0.996624
3800 46.911313 46.911313 46.911313 0.996624 0.996624 0.996624
3810 46.911313 46.911313 46.911313 0.996624 0.996624 0.996624
3820 46.911313 46.911313 46.911313 0.996624 0.996624 0.996624
3830 46.911313 46.911313 46.911313 0.996624 0.996624 0.996624
3840 46.911313 46.911313 46.911313 0.996624 0.996624 0.996624
3850 46.911313 46.911313 46.911313 0.996624 0.996624 0.996624
3860 46.911313 46.911313 46.911313 0.996624 0.996624 0.996624
3870 46.911313 46.911313 46.911313 0.996624 0.996624 0.996624
3880 46.911313 46.911313 46.911313 0.996624 0.996624 0.996624
3890 46.911313 46.911313 46.911313 0.996624 0.996624 0.996624
3900 46.911313 46.911313 46.911313 0.996624 0.996624 0.996624
3910 46.911313 46.911313 46.911313 0.996624 0.996624 0.996624
3920 46.911313 46.911313 46.911313 0.996624 0.996624 0.996624
3930 46.911313 46.911313 46.911313 0.996624 0.996624 0.996624
3940 46.911313 46.911313 46.911313 0.996624 0.996624 0.996624
3950 46.911313 46.911313 46.911313 0.996624 0.996624 0.996624
3960 46.911313 46.911313 46.911313 0.996624 0.996624 0.996624
3970 46.911313 46.911313 46.911313 0.996624 0.996624 0.996624
3980 46.911313 46.911313 46.911313 0.996624 0.996624 0.996624
3990 46.911313 46.911313 46.911313 0.996624 0.996624 0.996624
4000 46.911313 46.911313 46.911313 0.996624 0.996624 0.996624
4010 46.911313 46.911313 46.911313 0.996624 0.996624 0.996624
4020 46.911313 46.911313 46.911313 0.996624 0.996624 0.996624
4030 46.911313 46.911313 46.911313 0.996624 0.996624 0.996624
4040 46.911313 46.911313 46.911313 0.996624 0.996624 0.996624
4050 46.911313 46.911313 46.911313 0.996624 0.996624 0.996624
4060 46.911313 46.911313 46.911313 0.996624 0.996624 0.996624
4070 46.911313 46.911313 46.911313 0.996624 0.996624 0.996624
4080 46.911313 46.911313 46.911313 0.996624 0.996624 0.996624
4090 46.911313 46.911313 46.911313 0.996624 0.996624 0.996624
4100 46.911313 46.911313 46.911313 0.996624 0.996624 0.996624
4110 46.911313 46.911313 46.911313 0.996624 0.996624 0.996624
4120 46.911313 46.911313 46.911313 0.996624 0.996624 0.996624
4130 46.911313 46.911313 46.911313 0.996624 0.996624 0.996624
4140 46.911313 46.911313 46.911313 0.996624 0.996624 0.996624
4150 46.911313 46.911313 46.911313 0.996624 0.996624 0.996624
4160 46.911313 46.911313 46.911313 0.996624 0.996624 0.996624
4170 46.911313 46.911313 46.911313 0.996624 0.996624 0.996624
4180 46.911313 46.911313 46.911313 0.996624 0.996624 0.996624
4190 46.911313 46.911313 46.911313 0.996624 0.996624 0.996624
4200 46.911313 46.911313 46.911313 0.996624 0.996624 0.996624
4210 46.911313 46.911313 46.911313 0.996624 0.996624 0.996624
4220 46.911313 46.911313 46.911313 0.996624 0.996624 0.996624
4230 46.911313 46.911313 46.911313 0.996624 0.996624 0.996624
4240 46.911313 46.911313 46.911313 0.996624 0.996624 0.996624
4250 46.911313 46.911313 46.911313 0.996624 0.996624 0.996624
4260 46.911313 46.911313 46.911313 0.996624 0.996624 0.996624
4270 46.911313 46.911313 46.911313 0.996624 0.996624 0.996624
4280 46.911313 46.911313 46.911313 0.996624 0.996624 0.996624
4290 46.911313 46.911313 46.911313 0.996624 0.996624 0.996624
4300 46.911313 46.911313 46.911313 0.996624 0.996624 0.996624
4310 46.911313 46.911313 46.911313 0.996624 0.996624 0.996624
4320 46.911313 46.911313 46.911313 0.996624 0.996624 0.996624
4330 46.911313 46.911313 46.911313 0.996624 0.996624 0.996624
4340 46.911313 46.911313 46.911313 0.996624 0.996624 0.996624
4350 46.911313 46.911313 46.911313 0.996624 0.996624 0.996624
4360 46.911313 46.911313 46.911313 0.996624 0.996624 0.996624
4370 46.911313 46.911313 46.911313 0.996624 0.996624 0.996624
4380 46.911313 46.911313 46.911313 0.996624 0.996624 0.996624
4390 46.911313 46.911313 46.911313 0.996624 0.996624 0.996624
4400 46.911313 46.911313 46.911313 0.996624 0.996624 0.996624
4410 46.911313 46.911313 46.911313 0.996624 0.996624 0.996624
4420 46.911313 46.911313 46.911313 0.996624 0.996624 0.996624
4430 46.911313 46.911313 46.911313 0.996624 0.996624 0.996624
4440 46.911313 46.911313 46.911313 0.996624 0.996624 0.996624
4450 46.911313 46.911313 46.911313 0.996624 0.996624 0.996624
4460 46.911313 46.911313 46.911313 0.996624 0.996624 0.996624
4470 46.911313 46.911313 46.911313 0.996624 0.996624 0.996624
4480 46.911313 46.911313 46.911313 0.996624 0.996624 0.996624
4490 46.911313 46.911313 46.911313 0.996624 0.996624 0.996624
4500 46.911313 46.911313 46.911313 0.996624 0.996624 0.996624
4510 46.911313 46.911313 46.911313 0.996624 0.996624 0.996624
4520 46.911313 46.911313 46.911313 0.996624 0.996624 0.996624
4530 46.911313 46.911313 46.911313 0.996624 0.996624 0.996624
4540 46.911313 46.911313 46.911313 0.996624 0.996624 0.996624
4550 46.911313 46.911313 46.911313 0.996624 0.996624 0.996624
4560 46.911313 46.911313 46.911313 0.996624 0.996624 0.996624
4570 46.911313 46.911313 46.911313 0.996624 0.996624 0.996624
4580 46.911313 46.911313 46.911313 0.996624 0.996624 0.996624
4590 46.911313 46.911313 46.911313 0.996624 0.996624 0.996624
4600 46.911313 46.911313 46.911313 0.996624 0.996624 0.996624
4610 46.911313 46.911313 46.911313 0.996624 0.996624 0.996624
4620 46.911313 46.911313 46.911313 0.996624 0.996624 0.996624
4630 46.911313 46.911313 46.911313 0.996624 0.996624 0.996624
4640 46.911313 46.911313 46.911313 0.996624 0.996624 0.996624
4650 46.911313 46.911313 46.911313 0.996624 0.996624 0.996624
4660 46.911313 46.911313 46.911313 0.996624 0.996624 0.996624
4670 46.911313 46.911313 46.911313 0.996624 0.996624 0.996624
4680 46.911313 46.911313 46.911313 0.996624 0.996624 0.996624
4690 46.911313 46.911313 46.911313 0.996624 0.996624 0.996624
4700 46.911313 46.911313 46.911313 0.996624 0.996624 0.996624
4710 46.911313 46.911313 46.911313 0.996624 0.996624 0.996624
4720 46.911313 46.911313 46.911313 0.996624 0.996624 0.996624
4730 46.911313 46.911313 46.911313 0.996624 0.996624 0.996624
4740 46.911313 46.911313 46.911313 0.996624 0.996624 0.996624
4750 46.911313 46.911313 46.911313 0.996624 0.996624 0.996624
4760 46.911313 46.911313 46.911313 0.996624 0.996624 0.996624
4770 46.911313 46.911313 46.911313 0.996624 0.996624 0.996624
4780 46.911313 46.911313 46.911313 0.996624 0.996624 0.996624
4790 46.911313 46.911313 46.911313 0.996624 0.996624 0.996624
4800 46.911313 46.911313 46.911313 0.996624 0.996624 0.996624
4810 46.911313 46.911313 46.911313 0.996624 0.996624 0.996624
4820 46.911313 46.911313 46.911313 0.996624 0.996624 0.996624
4830 46.911313 46.911313 46.911313 0.996624 0.996624 0.996624
4840 46.911313 46.911313 46.911313 0.996624 0.996624 0.996624
4850 46.911313 46.911313 46.911313 0.996624 0.996624 0.996624
4860 46.911313 46.911313 46.911313 0.996624 0.996624 0.996624
4870 46.911313 46.911313 46.911313 0.996624 0.996624 0.996624
4880 46.911313 46.911313 46.911313 0.996624 0.996624 0.996624
4890 46.911313 46.911313 46.911313 0.996624 0.996624 0.996624
4900 46.911313 46.911313 46.911313 0.996624 0.996624 0.996624
4910 46.911313 46.911313 46.911313 0.996624 0.996624 0.996624
4920 46.911313 46.911313 46.911313 0.996624 0.996624 0.996624
4930 46.911313 46.911313 46.911313 0.996624 0.996624 0.996624
4940 46.911313 46.911313 46.911313 0.996624 0.996624 0.996624
4950 46.911313 46.911313 46.911313 0.996624 0.996624 0.996624
4960 46.911313 46.911313 46.911313 0.996624 0.996624 0.996624
4970 46.911313 46.911313 46.911313 0.996624 0.996624 0.996624
4980 46.911313 46.911313 46.911313 0.996624 0.996624 0.996624
4990 46.911313 46.911313 46.911313 0.996624 0.996624 0.996624
5000 46.911313 46.911313 46.911313 0.996624 0.996624 0.996624
5010 46.911313 46.911313 46.911313 0.996624 0.996624 0.996624
5020 46.911313 46.911313 46.911313 0.996624 0.996624 0.996624
5030 46.911313 46.911313 46.911313 0.996624 0.996624 0.996624
5040 46.911313 46.911313 46.911313 0.996624 0.996624 0.996624
5050 46.911313 46.911313 46.911313 0.996624 0.996624 0.996624
5060 46.911313 46.911313 46.911313 0.996624 0.996624 0.996624
5070 46.911313 46.911313 46.911313 0.996624 0.996624 0.996624
5080 46.911313 46.911313 46.911313 0.996624 0.996624 0.996624
5090 46.911313 46.911313 46.911313 0.996624 0.996624 0.996624
5100 46.911313 46.911313 46.911313 0.996624 0.996624 0.996624
5110 46.911313 46.911313 46.911313 0.996624 0.996624 0.996624
5120 46.911313 46.911313 46.911313 0.996624 0.996624 0.996624
5130 46.911313 46.911313 46.911313 0.996624 0.996624 0.996624
5140 46.911313 46.911313 46.911313 0.996624 0.996624 0.996624
5150 46.911313 46.911313 46.911313 0.996624 0.996624 0.996624
5160 46.911313 46.911313 46.911313 0.996624 0.996624 0.996624
5170 46.911313 46.911313 46.911313 0.996624 0.996624 0.996624
5180 46.911313 46.911313 46.911313 0.996624 0.996624 0.996624
5190 46.911313 46.911313 46.911313 0.996624 0.996624 0.996624
5200 46.911313 46.911313 46.911313 0.996624 0.996624 0.996624
5210 46.911313 46.911313 46.911313 0.996624 0.996624 0.996624
5220 46.911313 46.911313 46.911313 0.996624 0.996624 0.996624
5230 46.911313 46.911313 46.911313 0.996624 0.996624 0.996624
5240 46.911313 46.911313 46.911313 0.996624 0.996624 0.996624
5250 46.911313 46.911313 46.911313 0.996624 0.996624 0.996624
5260 46.911313 46.911313 46.911313 0.996624 0.996624 0.996624
5270 46.911313 46.911313 46.911313 0.996624 0.996624 0.996624
5280 46.911313 46.911313 46.911313 0.996624 0.996624 0.996624
5290 46.911313 46.911313 46.911313 0.996624 0.996624 0.996624
5300 46.911313 46.911313 46.911313 0.996624 0.996624 0.996624
5310 46.911313 46.911313 46.911313 0.996624 0.996624 0.996624
5320 46.911313 46.911313 46.911313 0.996624 0.996624 0.996624
5330 46.911313 46.911313 46.911313 0.996624 0.996624 0.996624
5340 46.911313 46.911313 46.911313 0.996624 0.996624 0.996624
5350 46.911313 46.911313 46.911313 0.996624 0.996624 0.996624
5360 46.911313 46.911313 46.911313 0.996624 0.996624 0.996624
5370 46.911313 46.911313 46.911313 0.996624 0.996624 0.996624
5380 46.911313 46.911313 46.911313 0.996624 0.996624 0.996624
5390 46.911313 46.911313 46.911313 0.996624 0.996624 0.996624
5400 46.911313 46.911313 46.911313 0.996624 0.996624 0.996624
5410 46.911313 46.911313 46.911313 0.996624 0.996624 0.996624
5420 46.911313 46.911313 46.911313 0.996624 0.996624 0.996624
5430 46.911313 46.911313 46.911313 0.996624 0.996624 0.996624
5440 46.911313 46.911313 46.911313 0.996624 0.996624 0.996624
5450 46.911313 46.911313 46.911313 0.996624 0.996624 0.996624
5460 46.911313 46.911313 46.911313 0.996624 0.996624 0.996624
5470 46.911313 46.911313 46.911313 0.996624 0.996624 0.996624
5480 46.911313 46.911313 46.911313 0.996624 0.996624 0.996624
5490 46.911313 46.911313 46.911313 0.996624 0.996624 0.996624
5500 46.911313 46.911313 46.911313 0.996624 0.996624 0.996624
5510 46.911313 46.911313 46.911313 0.996624 0.996624 0.996624
5520 46.911313 46.911313 46.911313 0.996624 0.996624 0.996624
5530 46.911313 46.911313 46.911313 0.996624 0.996624 0.996624
5540 46.911313 46.911313 46.911313 0.996624 0.996624 0.996624
5550 46.911313 46.911313 46.911313 0.996624 0.996624 0.996624
5560 46.911313 46.911313 46.911313 0.996624 0.996624 0.996624
5570 46.911313 46.911313 46.911313 0.996624 0.996624 0.996624
5580 46.911313 46.911313 46.911313 0.996624 0.996624 0.996624
5590 46.911313 46.911313 46.911313 0.996624 0.996624 0.996624
5600 46.911313 46.911313 46.911313 0.996624 0.996624 0.996624
5610 46.911313 46.911313 46.911313 0.996624 0.996624 0.996624
5620 46.911313 46.911313 46.911313 0.996624 0.996624 0.996624
5630 46.911313 46.911313 46.911313 0.996624 0.996624 0.996624
5640 46.911313 46.911313 46.911313 0.996624 0.996624 0.996624
5650 46.911313 46.911313 46.911313 0.996624 0.996624 0.996624
5660 46.911313 46.911313 46.911313 0.996624 0.996624 0.996624
5670 46.911313 46.911313 46.911313 0.996624 0.996624 0.996624
5680 46.911313 46.911313 46.911313 0.996624 0.996624 0.996624
5690 46.911313 46.911313 46.911313 0.996624 0.996624 0.996624
5700 46.911313 46.911313 46.911313 0.996624 0.996624 0.996624
5710 46.911313 46.911313 46.911313 0.996624 0.996624 0.996624
5720 46.911313 46.911313 46.911313 0.996624 0.996624 0.996624
5730 46.911313 46.911313 46.911313 0.996624 0.996624 0.996624
5740 46.911313 46.911313 46.911313 0.996624 0.996624 0.996624
5750 46.911313 46.911313 46.911313 0.996624 0.996624 0.996624
5760 46.911313 46.911313 46.911313 0.996624 0.996624 0.996624
5770 46.911313 46.911313 46.911313 0.996624 0.996624 0.996624
5780 46.911313 46.911313 46.911313 0.996624 0.996624 0.996624
5790 46.911313 46.911313 46.911313 0.996624 0.996624 0.996624
5800 46.911313 46.911313 46.911313 0.996624 0.996624 0.996624
5810 46.911313 46.911313 46.911313 0.996624 0.996624 0.996624
5820 46.911313 46.911313 46.911313 0.996624 0.996624 0.996624
5830 46.911313 46.911313 46.911313 0.996624 0.996624 0.996624
5840 46.911313 46.911313 46.911313 0.996624 0.996624 0.996624
5850 46.911313 46.911313 46.911313 0.996624 0.996624 0.996624
5860 46.911313 46.911313 46.911313 0.996624 0.996624 0.996624
5870 46.911313 46.911313 46.911313 0.996624 0.996624 0.996624
5880 46.911313 46.911313 46.911313 0.996624 0.996624 0.996624
5890 46.911313 46.911313 46.911313 0.996624 0.996624 0.996624
5900 46.911313 46.911313 46.911313 0.996624 0.996624 0.996624
5910 46.911313 46.911313 46.911313 0.996624 0.996624 0.996624
5920 46.911313 46.911313 46.911313 0.996624 0.996624 0.996624
5930 46.911313 46.911313 46.911313 0.996624 0.996624 0.996624
5940 46.911313 46.911313 46.911313 0.996624 0.996624 0.996624
5950 46.911313 46.911313 46.911313 0.996624 0.996624 0.996624
5960 46.911313 46.911313 46.911313 0.996624 0.996624 0.996624
5970 46.911313 46.911313 46.911313 0.996624 0.996624 0.996624
5980 46.911313 46.911313 46.911313 0.996624 0.996624 0.996624
5990 46.911313 46.911313 46.911313 0.996624 0.996624 0.996624
6000 46.911313 46.911313 46.911313 0.996624 0.996624 0.996624
6010 46.911313 46.911313 46.911313 0.996624 0.996624 0.996624
6020 46.911313 46.911313 46.911313 0.996624 0.996624 0.996624
6030 46.911313 46.911313 46.911313 0.996624 0.996624 0.996624
6040 46.911313 46.911313 46.911313 0.996624 0.996624 0.996624
6050 46.911313 46.911313 46.911313 0.996624 0.996624 0.996624
6060 46.911313 46.911313 46.911313 0.996624 0.996624 0.996624
6070 46.911313 46.911313 46.911313 0.996624 0.996624 0.996624
6080 46.911313 46.911313 46.911313 0.996624 0.996624 0.996624
6090 46.911313 46.911313 46.911313 0.996624 0.996624 0.996624
6100 46.911313 46.911313 46.911313 0.996624 0.996624 0.996624
6110 46.911313 46.911313 46.911313 0.996624 0.996624 0.996624
6120 46.911313 46.911313 46.911313 0.996624 0.996624 0.996624
6130 46.911313 46.911313 46.911313 0.996624 0.996624 0.996624
6140 46.911313 46.911313 46.911313 0.996624 0.996624 0.996624
6150 46.911313 46.911313 46.911313 0.996624 0.996624 0.996624
6160 46.911313 46.911313 46.911313 0.996624 0.996624 0.996624
6170 46.911313 46.911313 46.911313 0.996624 0.996624 0.996624
6180 46.911313 46.911313 46.911313 0.996624 0.996624 0.996624
6190 46.911313 46.911313 46.911313 0.996624 0.996624 0.996624
6200 46.911313 46.911313 46.911313 0.996624 0.996624 0.996624
6210 46.911313 46.911313 46.911313 0.996624 0.996624 0.996624
6220 46.911313 46.911313 46.911313 0.996624 0.996624 0.996624
6230 46.911313 46.911313 46.911313 0.996624 0.996624 0.996624
6240 46.911313 46.911313 46.911313 0.996624 0.996624 0.996624
6250 46.911313 46.911313 46.911313 0.996624 0.996624 0.996624
6260 46.911313 46.911313 46.911313 0.996624 0.996624 0.996624
6270 46.911313 46.911313 46.911313 0.996624 0.996624 0.996624
6280 46.911313 46.911313 46.911313 0.996624 0.996624 0.996624
6290 46.911313 46.911313 46.911313 0.996624 0.996624 0.996624
6300 46.911313 46.911313 46.911313 0.996624 0.996624 0.996624
6310 46.911313 46.911313 46.911313 0.996624 0.996624 0.996624
6320 46.911313 46.911313 46.911313 0.996624 0.996624 0.996624
6330 46.911313 46.911313 46.911313 0.996624 0.996624 0.996624
6340 46.911313 46.911313 46.911313 0.996624 0.996624 0.996624
6350 46.911313 46.911313 46.911313 0.996624 0.996624 0.996624
6360 46.911313 46.911313 46.911313 0.996624 0.996624 0.996624
6370 46.911313 46.911313 46.911313 0.996624 0.996624 0.996624
6380 46.911313 46.911313 46.911313 0.996624 0.996624 0.996624
6390 46.911313 46.911313 46.911313 0.996624 0.996624 0.996624
6400 46.911313 46.911313 46.911313 0.996624 0.996624 0.996624
6410 46.911313 46.911313 46.911313 0.996624 0.996624 0.996624
6420 46.911313 46.911313 46.911313 0.996624 0.996624 0.996624
6430 46.911313 46.911313 46.911313 0.996624 0.996624 0.996624
6440 46.911313 46.911313 46.911313 0.996624 0.996624 0.996624
6450 46.911313 46.911313 46.911313 0.996624 0.996624 0.996624
6460 46.911313 46.911313 46.911313 0.996624 0.996624 0.996624
6470 46.911313 46.911313 46.911313 0.996624 0.996624 0.996624
6480 46.911313 46.911313 46.911313 0.996624 0.996624 0.996624
6490 46.911313 46.911313 46.911313 0.996624 0.996624 0.996624
6500 46.911313 46.911313 46.911313 0.996624 0.996624 0.996624
6510 46.911313 46.911313 46.911313 0.996624 0.996624 0.996624
6520 46.911313 46.911313 46.911313 0.996624 0.996624 0.996624
6530 46.911313 46.911313 46.911313 0.996624 0.996624 0.996624
6540 46.911313 46.911313 46.911313 0.996624 0.996624 0.996624
6550 46.911313 46.911313 46.911313 0.996624 0.996624 0.996624
6560 46.911313 46.911313 46.911313 0.996624 0.996624 0.996624
6570 46.911313 46.911313 46.911313 0.996624 0.996624 0.996624
6580 46.911313 46.911313 46.911313 0.996624 0.996624 0.996624
6590 46.911313 46.911313 46.911313 0.996624 0.996624 0.996624
6600 46.911313 46.911313 46.911313 0.996624 0.996624 0.996624
6610 46.911313 46.911313 46.911313 0.996624 0.996624 0.996624
6620 46.911313 46.911313 46.911313 0.996624 0.996624 0.996624
6630 46.911313 46.911313 46.911313 0.996624 0.996624 0.996624
6640 46.911313 46.911313 46.911313 0.996624 0.996624 0.996624
6650 46.911313 46.911313 46.911313 0.996624 0.996624 0.996624
6660 46.911313 46.911313 46.911313 0.996624 0.996624 0.996624
6670 46.911313 46.911313 46.911313 0.996624 0.996624 0.996624
6680 46.911313 46.911313 46.911313 0.996624 0.996624 0.996624
6690 46.911313 46.911313 46.911313 0.996624 0.996624 0.996624
6700 46.911313 46.911313 46.911313 0.996624 0.996624 0.996624
6710 46.911313 46.911313 46.911313 0.996624 0.996624 0.996624
6720 46.911313 46.911313 46.911313 0.996624 0.996624 0.996624
6730 46.911313 46.911313 46.911313 0.996624 0.996624 0.996624
6740 46.911313 46.911313 46.911313 0.996624 0.996624 0.996624
6750 46.911313 46.911313 46.911313 0.996624 0.996624 0.996624
6760 46.911313 46.911313 46.911313 0.996624 0.996624 0.996624
6770 46.911313 46.911313 46.911313 0.996624 0.996624 0.996624
6780 46.911313 46.911313 46.911313 0.996624 0.996624 0.996624
6790 46.911313 46.911313 46.911313 0.996624 0.996624 0.996624
6800 46.911313 46.911313 46.911313 0.996624 0.996624 0.996624
6810 46.911313 46.911313 46.911313 0.996624 0.996624 0.996624
6820 46.911313 46.911313 46.911313 0.996624 0.996624 0.996624
6830 46.911313 46.911313 46.911313 0.996624 0.996624 0.996624
6840 46.911313 46.911313 46.911313 0.996624 0.996624 0.996624
6850 46.911313 46.911313 46.911313 0.996624 0.996624 0.996624
6860 46.911313 46.911313 46.911313 0.996624 0.996624 0.996624
6870 46.911313 46.911313 46.911313 0.996624 0.996624 0.996624
6880 46.911313 46.911313 46.911313 0.996624 0.996624 0.996624
6890 46.911313 46.911313 46.911313 0.996624 0.996624 0.996624
6900 46.911313 46.911313 46.911313 0.996624 0.996624 0.996624
6910 46.911313 46.911313 46.911313 0.996624 0.996624 0.996624
6920 46.911313 46.911313 46.911313 0.996624 0.996624 0.996624
6930 46.911313 46.911313 46.911313 0.996624 0.996624 0.996624
6940 46.911313 46.911313 46.911313 0.996624 0.996624 0.996624
6950 46.911313 46.911313 46.911313 0.996624 0.996624 0.996624
6960 46.911313 46.911313 46.911313 0.996624 0.996624 0.996624
6970 46.911313 46.911313 46.911313 0.996624 0.996624 0.996624
6980 46.911313 46.911313 46.911313 0.996624 0.996624 0.996624
6990 46.911313 46.911313 46.911313 0.996624 0.996624 0.996624
7000 46.911313 46.911313 46.911313 0.996624 0.996624 0.996624
7010 46.911313 46.911313 46.911313 0.996624 0.996624 0.996624
7020 46.911313 46.911313 46.911313 0.996624 0.996624 0.996624
7030 46.911313 46.911313 46.911313 0.996624 0.996624 0.996624
7040 46.911313 46.911313 46.911313 0.996624 0.996624 0.996624
7050 46.911313 46.911313 46.911313 0.996624 0.996624 0.996624
7060 46.911313 46.911313 46.911313 0.996624 0.996624 0.996624
7070 46.911313 46.911313 46.911313 0.996624 0.996624 0.996624
7080 46.911313 46.911313 46.911313 0.996624 0.996624 0.996624
7090 46.911313 46.911313 46.911313 0.996624 0.996624 0.996624
7100 46.911313 46.911313 46.911313 0.996624 0.996624 0.996624
7110 46.911313 46.911313 46.911313 0.996624 0.996624 0.996624
7120 46.911313 46.911313 46.911313 0.996624 0.996624 0.996624
7130 46.911313 46.911313 46.911313 0.996624 0.996624 0.996624
7140 46.911313 46.911313 46.911313 0.996624 0.996624 0.996624
7150 46.911313 46.911313 46.911313 0.996624 0.996624 0.996624
7160 46.911313 46.911313 46.911313 0.996624 0.996624 0.996624
7170 46.911313 46.911313 46.911313 0.996624 0.996624 0.996624
7180 46.911313 46.911313 46.911313 0.996624 0.996624 0.996624
7190 46.911313 46.911313 46.911313 0.996624 0.996624 0.996624
7200 46.911313 46.911313 46.911313 0.996624 0.996624 0.996624
7210 46.911313 46.911313 46.911313 0.996624 0.996624 0.996624
7220 46.911313 46.911313 46.911313 0.996624 0.996624 0.996624
7230 46.911313 46.911313 46.911313 0.996624 0.996624 0.996624
7240 46.911313 46.911313 46.911313 0.996624 0.996624 0.996624
7250 46.911313 46.911313 46.911313 0.996624 0.996624 0.996624
7260 46.911313 46.911313 46.911313 0.996624 0.996624 0.996624
7270 46.911313 46.911313 46.911313 0.996624 0.996624 0.996624
7280 46.911313 46.911313 46.911313 0.996624 0.996624 0.996624
7290 46.911313 46.911313 46.911313 0.996624 0.996624 0.996624
7300 46.911313 46.911313 46.911313 0.996624 0.996624 0.996624
7310 46.911313 46.911313 46.911313 0.996624 0.996624 0.996624
7320 46.911313 46.911313 46.911313 0.996624 0.996624 0.996624
7330 46.911313 46.911313 46.911313 0.996624 0.996624 0.996624
7340 46.911313 46.911313 46.911313 0.996624 0.996624 0.996624
7350 46.911313 46.911313 46.911313 0.996624 0.996624 0.996624
7360 46.911313 46.911313 46.911313 0.996624 0.996624 0.996624
7370 46.911313 46.911313 46.911313 0.996624 0.996624 0.996624
7380 46.911313 46.911313 46.911313 0.996624 0.996624 0.996624
7390 46.911313 46.911313 46.911313 0.996624 0.996624 0.996624
7400 46.911313 46.911313 46.911313 0.996624 0.996624 0.996624
7410 46.911313 46.911313 46.911313 0.996624 0.996624 0.996624
7420 46.911313 46.911313 46.911313 0.996624 0.996624 0.996624
7430 46.911313 46.911313 46.911313 0.996624 0.996624 0.996624
7440 46.911313 46.911313 46.911313 0.996624 0.996624 0.996624
7450 46.911313 46.911313 46.911313 0.996624 0.996624 0.996624
7460 46.911313 46.911313 46.911313 0.996624 0.996624 0.996624
7470 46.911313 46.911313 46.911313 0.996624 0.996624 0.996624
7480 46.911313 46.911313 46.911313 0.996624 0.996624 0.996624
7490 46.911313 46.911313 46.911313 0.996624 0.996624 0.996624
7500 46.911313 46.911313 46.911313 0.996624 0.996624 0.996624
7510 46.911313 46.911313 46.911313 0.996624 0.996624 0.996624
7520 46.911313 46.911313 46.911313 0.996624 0.996624 0.996624
7530 46.911313 46.911313 46.911313 0.996624 0.996624 0.996624
7540 46.911313 46.911313 46.911313 0.996624 0.996624 0.996624
7550 46.911313 46.911313 46.911313 0.996624 0.996624 0.996624
7560 46.911313 46.911313 46.911313 0.996624 0.996624 0.996624
7570 46.911313 46.911313 46.911313 0.996624 0.996624 0.996624
7580 46.911313 46.911313 46.911313 0.996624 0.996624 0.996624
7590 46.911313 46.911313 46.911313 0.996624 0.996624 0.996624
7600 46.911313 46.911313 46.911313 0.996624 0.996624 0.996624
7610 46.911313 46.911313 46.911313 0.996624 0.996624 0.996624
7620 46.911313 46.911313 46.911313 0.996624 0.996624 0.996624
7630 46.911313 46.911313 46.911313 0.996624 0.996624 0.996624
7640 46.911313 46.911313 46.911313 0.996624 0.996624 0.996624
7650 46.911313 46.911313 46.911313 0.996624 0.996624 0.996624
7660 46.911313 46.911313 46.911313 0.996624 0.996624 0.996624
7670 46.911313 46.911313 46.911313 0.996624 0.996624 0.996624
7680 46.911313 46.911313 46.911313 0.996624 0.996624 0.996624
7690 46.911313 46.911313 46.911313 0.996624 0.996624 0.996624
7700 46.911313 46.911313 46.911313 0.996624 0.996624 0.996624
7710 46.911313 46.911313 46.911313 0.996624 0.996624 0.996624
7720 46.911313 46.911313 46.911313 0.996624 0.996624 0.996624
7730 46.911313 46.911313 46.911313 0.996624 0.996624 0.996624
7740 46.911313 46.911313 46.911313 0.996624 0.996624 0.996624
7750 46.911313 46.911313 46.911313 0.996624 0.996624 0.996624
7760 46.911313 46.911313 46.911313 0.996624 0.996624 0.996624
7770 46.911313 46.911313 46.911313 0.996624 0.996624 0.996624
7780 46.911313 46.911313 46.911313 0.996624 0.996624 0.996624
7790 46.911313 46.911313 46.911313 0.996624 0.996624 0.996624
7800 46.911313 46.911313 46.911313 0.996624 0.996624 0.996624
7810 46.911313 46.911313 46.911313 0.996624 0.996624 0.996624
7820 46.911313 46.911313 46.911313 0.996624 0.996624 0.996624
7830 46.911313 46.911313 46.911313 0.996624 0.996624 0.996624
7840 46.911313 46.911313 46.911313 0.996624 0.996624 0.996624
7850 46.911313 46.911313 46.911313 0.996624 0.996624 0.996624
7860 46.911313 46.911313 46.911313 0.996624 0.996624 0.996624
7870 46.911313 46.911313 46.911313 0.996624 0.996624 0.996624
7880 46.911313 46.911313 46.911313 0.996624 0.996624 0.996624
7890 46.911313 46.911313 46.911313 0.996624 0.996624 0.996624
7900 46.911313 46.911313 46.911313 0.996624 0.996624 0.996624
7910 46.911313 46.911313 46.911313 0.996624 0.996624 0.996624
7920 46.911313 46.911313 46.911313 0.996624 0.996624 0.996624
7930 46.911313 46.911313 46.911313 0.996624 0.996624 0.996624
7940 46.911313 46.911313 46.911313 0.996624 0.996624 0.996624
7950 46.911313 46.911313 46.911313 0.996624 0.996624 0.996624
7960 46.911313 46.911313 46.911313 0.996624 0.996624 0.996624
7970 46.911313 46.911313 46.911313 0.996624 0.996624 0.996624
7980 46.911313 46.911313 46.911313 0.996624 0.996624 0.996624
7990 46.911313 46.911313 46.911313 0.996624 0.996624 0.996624
8000 46.911313 46.911313 46.911313 0.996624 0.996624 0.996624
8010 46.911313 46.911313 46.911313 0.996624 0.996624 0.996624
8020 46.911313 46.911313 46.911313 0.996624 0.996624 0.996624
8030 46.911313 46.911313 46.911313 0.996624 0.996624 0.996624
8040 46.911313 46.911313 46.911313 0.996624 0.996624 0.996624
8050 46.911313 46.911313 46.911313 0.996624 0.996624 0.996624
8060 46.911313 46.911313 46.911313 0.996624 0.996624 0.996624
8070 46.911313 46.911313 46.911313 0.996624 0.996624 0.996624
8080 46.911313 46.911313 46.911313 0.996624 0.996624 0.996624
8090 46.911313 46.911313 46.911313 0.996624 0.996624 0.996624
8100 46.911313 46.911313 46.911313 0.996624 0.996624 0.996624
8110 46.911313 46.911313 46.911313 0.996624 0.996624 0.996624
8120 46.911313 46.911313 46.911313 0.996624 0.996624 0.996624
8130 46.911313 46.911313 46.911313 0.996624 0.996624 0.996624
8140 46.911313 46.911313 46.911313 0.996624 0.996624 0.996624
8150 46.911313 46.911313 46.911313 0.996624 0.996624 0.996624
8160 46.911313 46.911313 46.911313 0.996624 0.996624 0.996624
8170 46.911313 46.911313 46.911313 0.996624 0.996624 0.996624
8180 46.911313 46.911313 46.911313 0.996624 0.996624 0.996624
8190 46.911313 46.911313 46.911313 0.996624 0.996624 0.996624
8200 46.911313 46.911313 46.911313 0.996624 0.996624 0.996624
8210 46.911313 46.911313 46.911313 0.996624 0.996624 0.996624
8220 46.911313 46.911313 46.911313 0.996624 0.996624 0.996624
8230 46.911313 46.911313 46.911313 0.996624 0.996624 0.996624
8240 46.911313 46.911313 46.911313 0.996624 0.996624 0.996624
8250 46.911313 46.911313 46.911313 0.996624 0.996624 0.996624
8260 46.911313 46.911313 46.911313 0.996624 0.996624 0.996624
8270 46.911313 46.911313 46.911313 0.996624 0.996624 0.996624
8280 46.911313 46.911313 46.911313 0.996624 0.996624 0.996624
8290 46.911313 46.911313 46.911313 0.996624 0.996624 0.996624
8300 46.911313 46.911313 46.911313 0.996624 0.996624 0.996624
8310 46.911313 46.911313 46.911313 0.996624 0.996624 0.996624
8320 46.911313 46.911313 46.911313 0.996624 0.996624 0.996624
8330 46.911313 46.911313 46.911313 0.996624 0.996624 0.996624
8340 46.911313 46.911313 46.911313 0.996624 0.996624 0.996624
8350 46.911313 46.911313 46.911313 0.996624 0.996624 0.996624
8360 46.911313 46.911313 46.911313 0.996624 0.996624 0.996624
8370 46.911313 46.911313 46.911313 0.996624 0.996624 0.996624
8380 46.911313 46.911313 46.911313 0.996624 0.996624 0.996624
8390 46.911313 46.911313 46.911313 0.996624 0.996624 0.996624
8400 46.911313 46.911313 46.911313 0.996624 0.996624 0.996624
8410 46.911313 46.911313 46.911313 0.996624 0.996624 0.996624
8420 46.911313 46.911313 46.911313 0.996624 0.996624 0.996624
8430 46.911313 46.911313 46.911313 0.996624 0.996624 0.996624
8440 46.911313 46.911313 46.911313 0.996624 0.996624 0.996624
8450 46.911313 46.911313 46.911313 0.996624 0.996624 0.996624
8460 46.911313 46.911313 46.911313 0.996624 0.996624 0.996624
8470 46.911313 46.911313 46.911313 0.996624 0.996624 0.996624
8480 46.911313 46.911313 46.911313 0.996624 0.996624 0.996624
8490 46.911313 46.911313 46.911313 0.996624 0.996624 0.996624
8500 46.911313 46.911313 46.911313 0.996624 0.996624 0.996624
8510 46.911313 46.911313 46.911313 0.996624 0.996624 0.996624
8520 46.911313 46.911313 46.911313 0.996624 0.996624 0.996624
8530 46.911313 46.911313 46.911313 0.996624 0.996624 0.996624
8540 46.911313 46.911313 46.911313 0.996624 0.996624 0.996624
8550 46.911313 46.911313 46.911313 0.996624 0.996624 0.996624
8560 46.911313 46.911313 46.911313 0.996624 0.996624 0.996624
8570 46.911313 46.911313 46.911313 0.996624 0.996624 0.996624
8580 46.911313 46.911313 46.911313 0.996624 0.996624 0.996624
8590 46.911313 46.911313 46.911313 0.996624 0.996624 0.996624
8600 46.911313 46.911313 46.911313 0.996624 0.996624 0.996624
8610 46.911313 46.911313 46.911313 0.996624 0.996624 0.996624
8620 46.911313 46.911313 46.911313 0.996624 0.996624 0.996624
8630 46.911313 46.911313 46.911313 0.996624 0.996624 0.996624
8640 46.911313 46.911313 46.911313 0.996624 0.996624 0.996624
8650 46.911313 46.911313 46.911313 0.996624 0.996624 0.996624
8660 46.911313 46.911313 46.911313 0.996624 0.996624 0.996624
8670 46.911313 46.911313 46.911313 0.996624 0.996624 0.996624
8680 46.911313 46.911313 46.911313 0.996624 0.996624 0.996624
8690 46.911313 46.911313 46.911313 0.996624 0.996624 0.996624
8700 46.911313 46.911313 46.911313 0.996624 0.996624 0.996624
8710 46.911313 46.911313 46.911313 0.996624 0.996624 0.996624
8720 46.911313 46.911313 46.911313 0.996624 0.996624 0.996624
8730 46.911313 46.911313 46.911313 0.996624 0.996624 0.996624
8740 46.911313 46.911313 46.911313 0.996624 0.996624 0.996624
8750 46.911313 46.911313 46.911313 0.996624 0.996624 0.996624
8760 46.911313 46.911313 46.911313 0.996624 0.996624 0.996624
8770 46.911313 46.911313 46.911313 0.996624 0.996624 0.996624
8780 46.911313 46.911313 46.911313 0.996624 0.996624 0.996624
8790 46.911313 46.911313 46.911313 0.996624 0.996624 0.996624
8800 46.911313 46.911313 46.911313 0.996624 0.996624 0.996624
8810 46.911313 46.911313 46.911313 0.996624 0.996624 0.996624
8820 46.911313 46.911313 46.911313 0.996624 0.996624 0.996624
8830 46.911313 46.911313 46.911313 0.996624 0.996624 0.996624
8840 46.911313 46.911313 46.911313 0.996624 0.996624 0.996624
8850 46.911313 46.911313 46.911313 0.996624 0.996624 0.996624
8860 46.911313 46.911313 46.911313 0.996624 0.996624 0.996624
8870 46.911313 46.911313 46.911313 0.996624 0.996624 0.996624
8880 46.911313 46.911313 46.911313 0.996624 0.996624 0.996624
8890 46.911313 46.911313 46.911313 0.996624 0.996624 0.996624
8900 46.911313 46.911313 46.911313 0.996624 0.996624 0.996624
8910 46.911313 46.911313 46.911313 0.996624 0.996624 0.996624
8920 46.911313 46.911313 46.911313 0.996624 0.996624 0.996624
8930 46.911313 46.911313 46.911313 0.996624 0.996624 0.996624
8940 46.911313 46.911313 46.911313 0.996624 0.996624 0.996624
8950 46.911313 46.911313 46.911313 0.996624 0.996624 0.996624
8960 46.911313 46.911313 46.911313 0.996624 0.996624 0.996624
8970 46.911313 46.911313 46.911313 0.996624 0.996624 0.996624
8980 46.911313 46.911313 46.911313 0.996624 0.996624 0.996624
8990 46.911313 46.911313 46.911313 0.996624 0.996624 0.996624
9000 46.911313 46.911313 46.911313 0.996624 0.996624 0.996624
9010 46.911313 46.911313 46.911313 0.996624 0.996624 0.996624
9020 46.911313 46.911313 46.911313 0.996624 0.996624 0.996624
9030 46.911313 46.911313 46.911313 0.996624 0.996624 0.996624
9040 46.911313 46.911313 46.911313 0.996624 0.996624 0.996624
9050 46.911313 46.911313 46.911313 0.996624 0.996624 0.996624
9060 46.911313 46.911313 46.911313 0.996624 0.996624 0.996624
9070 46.911313 46.911313 46.911313 0.996624 0.996624 0.996624
9080 46.911313 46.911313 46.911313 0.996624 0.996624 0.996624
9090 46.911313 46.911313 46.911313 0.996624 0.996624 0.996624
9100 46.911313 46.911313 46.911313 0.996624 0.996624 0.996624
9110 46.911313 46.911313 46.911313 0.996624 0.996624 0.996624
9120 46.911313 46.911313 46.911313 0.996624 0.996624 0.996624
9130 46.911313 46.911313 46.911313 0.996624 0.996624 0.996624
9140 46.911313 46.911313 46.911313 0.996624 0.996624 0.996624
9150 46.911313 46.911313 46.911313 0.996624 0.996624 0.996624
9160 46.911313 46.911313 46.911313 0.996624 0.996624 0.996624
9170 46.911313 46.911313 46.911313 0.996624 0.996624 0.996624
9180 46.911313 46.911313 46.911313 0.996624 0.996624 0.996624
9190 46.911313 46.911313 46.911313 0.996624 0.996624 0.996624
9200 46.911313 46.911313 46.911313 0.996624 0.996624 0.996624
9210 46.911313 46.911313 46.911313 0.996624 0.996624 0.996624
9220 46.911313 46.911313 46.911313 0.996624 0.996624 0.996624
9230 46.911313 46.911313 46.911313 0.996624 0.996624 0.996624
9240 46.911313 46.911313 46.911313 0.996624 0.996624 0.996624
9250 46.911313 46.911313 46.911313 0.996624 0.996624 0.996624
9260 46.911313 46.911313 46.911313 0.996624 0.996624 0.996624
9270 46.911313 46.911313 46.911313 0.996624 0.996624 0.996624
9280 46.911313 46.911313 46.911313 0.996624 0.996624 0.996624
9290 46.911313 46.911313 46.911313 0.996624 0.996624 0.996624
9300 46.911313 46.911313 46.911313 0.996624 0.996624 0.996624
9310 46.911313 46.911313 46.911313 0.996624 0.996624 0.996624
9320 46.911313 46.911313 46.911313 0.996624 0.996624 0.996624
9330 46.911313 46.911313 46.911313 0.996624 0.996624 0.996624
9340 46.911313 46.911313 46.911313 0.996624 0.996624 0.996624
9350 46.911313 46.911313 46.911313 0.996624 0.996624 0.996624
9360 46.911313 46.911313 46.911313 0.996624 0.996624 0.996624
9370 46.911313 46.911313 46.911313 0.996624 0.996624 0.996624
9380 46.911313 46.911313 46.911313 0.996624 0.996624 0.996624
9390 46.911313 46.911313 46.911313 0.996624 0.996624 0.996624
9400 46.911313 46.911313 46.911313 0.996624 0.996624 0.996624
9410 46.911313 46.911313 46.911313 0.996624 0.996624 0.996624
9420 46.911313 46.911313 46.911313 0.996624 0.996624 0.996624
9430 46.911313 46.911313 46.911313 0.996624 0.996624 0.996624
9440 46.911313 46.911313 46.911313 0.996624 0.996624 0.996624
9450 46.911313 46.911313 46.911313 0.996624 0.996624 0.996624
9460 46.911313 46.911313 46.911313 0.996624 0.996624 0.996624
9470 46.911313 46.911313 46.911313 0.996624 0.996624 0.996624
9480 46.911313 46.911313 46.911313 0.996624 0.996624 0.996624
9490 46.911313 46.911313 46.911313 0.996624 0.996624 0.996624
9500 46.911313 46.911313 46.911313 0.996624 0.996624 0.996624
9510 46.911313 46.911313 46.911313 0.996624 0.996624 0.996624
9520 46.911313 46.911313 46.911313 0.996624 0.996624 0.996624
9530 46.911313 46.911313 46.911313 0.996624 0.996624 0.996624
9540 46.911313 46.911313 46.911313 0.996624 0.996624 0.996624
9550 46.911313 46.911313 46.911313 0.996624 0.996624 0.996624
9560 46.911313 46.911313 46.911313 0.996624 0.996624 0.996624
9570 46.911313 46.911313 46.911313 0.996624 0.996624 0.996624
9580 46.911313 46.911313 46.911313 0.996624 0.996624 0.996624
9590 46.911313 46.911313 46.911313 0.996624 0.996624 0.996624
9600 46.911313 46.911313 46.911313 0.996624 0.996624 0.996624
9610 46.911313 46.911313 46.911313 0.996624 0.996624 0.996624
9620 46.911313 46.911313 46.911313 0.996624 0.996624 0.996624
9630 46.911313 46.911313 46.911313 0.996624 0.996624 0.996624
9640 46.911313 46.911313 46.911313 0.996624 0.996624 0.996624
9650 46.911313 46.911313 46.911313 0.996624 0.996624 0.996624
9660 46.911313 46.911313 46.911313 0.996624 0.996624 0.996624
9670 46.911313 46.911313 46.911313 0.996624 0.996624 0.996624
9680 46.911313 46.911313 46.911313 0.996624 0.996624 0.996624
9690 46.911313 46.911313 46.911313 0.996624 0.996624 0.996624
9700 46.911313 46.911313 46.911313 0.996624 0.996624 0.996624
9710 46.911313 46.911313 46.911313 0.996624 0.996624 0.996624
9720 46.911313 46.911313 46.911313 0.996624 0.996624 0.996624
9730 46.911313 46.911313 46.911313 0.996624 0.996624 0.996624
9740 46.911313 46.911313 46.911313 0.996624 0.996624 0.996624
9750 46.911313 46.911313 46.911313 0.996624 0.996624 0.996624
9760 46.911313 46.911313 46.911313 0.996624 0.996624 0.996624
9770 46.911313 46.911313 46.911313 0.996624 0.996624 0.996624
9780 46.911313 46.911313 46.911313 0.996624 0.996624 0.996624
9790 46.911313 46.911313 46.911313 0.996624 0.996624 0.996624
9800 46.911313 46.911313 46.911313 0.996624 0.996624 0.996624
9810 46.911313 46.911313 46.911313 0.996624 0.996624 0.996624
9820 46.911313 46.911313 46.911313 0.996624 0.996624 0.996624
9830 46.911313 46.911313 46.911313 0.996624 0.996624 0.996624
9840 46.911313 46.911313 46.911313 0.996624 0.996624 0.996624
9850 46.911313 46.911313 46.911313 0.996624 0.996624 0.996624
9860 46.911313 46.911313 46.911313 0.996624 0.996624 0.996624
9870 46.911313 46.911313 46.911313 0.996624 0.996624 0.996624
9880 46.911313 46.911313 46.911313 0.996624 0.996624 0.996624
9890 46.911313 46.911313 46.911313 0.996624 0.996624 0.996624
9900 46.911313 46.911313 46.911313 0.996624 0.996624 0.996624
9910 46.911313 46.911313 46.911313 0.996624 0.996624 0.996624
9920 46.911313 46.911313 46.911313 0.996624 0.996624 0.996624
9930 46.911313 46.911313 46.911313 0.996624 0.996624 0.996624
9940 46.911313 46.911313 46.911313 0.996624 0.996624 0.996624
9950 46.911313 46.911313 46.911313 0.996624 0.996624 0.996624
9960 46.911313 46.911313 46.911313 0.996624 0.996624 0.996624
9970 46.911313 46.911313 46.911313 0.996624 0.996624 0.996624
9980 46.911313 46.911313 46.911313 0.996624 0.996624 0.996624
9990 46.911313 46.911313 46.911313 0.996624 0.996624 0.996624
10000 46.911313 46.911313 46.911313 0.996624 0.996624 0.996624
