# generation power_min power_avg power_max util_min util_avg util_max
1 44.550796 44.550796 44.550796 1.437848 1.488251 1.499736
10 44.986576 44.986576 44.986576 1.251015 1.477393 1.499637
20 44.986576 44.986576 44.986576 1.251015 1.467271 1.499637
30 45.887593 45.887593 45.887593 1.151336 1.452775 1.499637
40 45.887593 45.887593 45.887593 1.151336 1.438200 1.499637
50 46.353893 46.353893 46.353893 1.112167 1.419478 1.499637
60 46.353893 46.353893 46.353893 1.112167 1.399273 1.499637
70 47.038549 47.038549 47.038549 1.112167 1.378107 1.497235
80 47.038549 47.038549 47.038549 1.112167 1.358774 1.497235
90 47.038549 47.038549 47.038549 1.075969 1.332270 1.497235
100 47.339206 47.339206 47.339206 1.019621 1.301420 1.490717
110 47.339206 47.339206 47.339206 1.019621 1.271107 1.456039
120 47.481320 47.481320 47.481320 1.019621 1.242374 1.453431
130 48.105895 47.498680 48.105895 0.992622 1.210517 1.381031
140 48.105895 47.708126 48.105895 0.978966 1.182113 1.348736
150 48.105895 47.622380 48.105895 0.978966 1.159064 1.314275
160 48.105895 47.678965 48.105895 0.978966 1.137610 1.251715
170 48.105895 47.689342 48.105895 0.978966 1.118625 1.242556
180 48.105895 47.632884 48.105895 0.978966 1.098278 1.223450
190 48.105895 47.636151 48.105895 0.978966 1.079446 1.189666
200 48.227455 47.673193 48.227455 0.966804 1.061238 1.167072
210 48.227455 47.655088 48.227455 0.966804 1.046491 1.151287
220 48.267616 47.670716 48.267616 0.966486 1.032515 1.120770
230 48.267616 47.657608 48.267616 0.959240 1.020558 1.108212
240 48.267616 47.628361 48.267616 0.959240 1.011211 1.077947
250 48.267616 47.612749 48.267616 0.959240 1.004262 1.052303
260 48.267616 47.584027 48.267616 0.959240 0.999481 1.037157
270 48.267616 47.551006 48.267616 0.959240 0.996824 1.012445
280 47.893700 47.502806 47.893700 0.978966 0.997069 1.012289
290 47.772005 47.472808 47.772005 0.978966 0.996749 1.007169
300 47.658962 47.438014 47.658962 0.982182 0.997063 1.007169
310 47.639387 47.407155 47.639387 0.982182 0.996636 1.004421
320 47.613748 47.365893 47.613748 0.982182 0.996383 1.004421
330 47.538726 47.325443 47.538726 0.982182 0.996583 1.004421
340 47.493880 47.289175 47.493880 0.982182 0.996772 1.004421
350 47.460110 47.249790 47.460110 0.988104 0.997371 1.004421
360 47.419528 47.216035 47.419528 0.988104 0.997712 1.004421
370 47.365144 47.189530 47.365144 0.991096 0.998202 1.004421
380 47.326904 47.178816 47.326904 0.991096 0.998049 1.004421
390 47.300666 47.151754 47.300666 0.991096 0.998554 1.004421
400 47.228455 47.127279 47.228455 0.991096 0.998781 1.001499
410 47.216403 47.103475 47.216403 0.991096 0.999120 1.001499
420 47.200618 47.076722 47.200618 0.991096 0.999332 1.001499
430 47.146418 47.049399 47.146418 0.993944 0.999723 1.001499
440 47.099582 47.017897 47.099582 0.993944 0.999993 1.001499
450 47.065460 46.988884 47.065460 0.993944 1.000109 1.001499
460 46.900097 46.972717 47.025176 0.993944 1.000078 1.001499
470 46.900097 46.972588 47.025176 0.993944 0.999939 1.001499
480 46.881342 46.968890 47.025176 0.993944 0.999746 1.001499
490 46.881342 46.968889 47.025176 0.993944 0.999532 1.001499
500 46.881342 46.968259 47.025176 0.993944 0.999279 1.001499
510 46.881342 46.968168 47.025176 0.993944 0.999108 1.001499
520 46.881342 46.967752 47.025176 0.993944 0.998763 1.001499
530 46.881342 46.967861 47.025176 0.993944 0.998436 1.001499
540 46.881342 46.965898 47.025176 0.993944 0.998160 1.001499
550 46.881342 46.963509 46.982162 0.994262 0.997966 1.000837
560 46.881342 46.961112 46.980298 0.994262 0.998031 1.000837
570 46.881342 46.956463 46.967454 0.994262 0.997876 1.000837
580 46.881342 46.952226 46.967454 0.994262 0.997819 1.000837
590 46.881342 46.951478 46.967454 0.994262 0.997761 1.000837
600 46.881342 46.946162 46.967454 0.994262 0.997795 1.000837
610 46.881342 46.940714 46.967454 0.994262 0.997842 1.000837
620 46.845479 46.933555 46.966769 0.994262 0.998017 1.000837
630 46.845479 46.924466 46.966769 0.994262 0.998189 1.000837
640 46.845479 46.914868 46.966769 0.994262 0.998341 1.000837
650 46.845479 46.904537 46.966769 0.994262 0.998495 1.000837
660 46.845479 46.894688 46.966769 0.994262 0.998656 1.000837
670 46.845479 46.885909 46.948739 0.997008 0.998766 1.000837
680 46.845479 46.884979 46.948739 0.997008 0.998521 0.999654
690 46.845479 46.879936 46.909851 0.997653 0.998509 0.999654
700 46.845479 46.878263 46.881342 0.997653 0.998477 0.999479
710 46.845479 46.877497 46.881342 0.997653 0.998461 0.999479
720 46.845479 46.876417 46.881342 0.997653 0.998474 0.999479
730 46.845479 46.875070 46.881342 0.997653 0.998478 0.999479
740 46.845479 46.872867 46.881342 0.997653 0.998495 0.999479
750 46.834013 46.871090 46.881342 0.997653 0.998492 0.999479
760 46.816180 46.867763 46.881342 0.997653 0.998503 0.999479
770 46.816180 46.864418 46.881342 0.997653 0.998521 0.999479
780 46.816180 46.860800 46.881342 0.997653 0.998534 0.999479
790 46.881342 46.857001 46.881342 0.997653 0.998538 1.000417
800 46.881342 46.851847 46.881342 0.997653 0.998556 1.000417
810 46.881342 46.847165 46.881342 0.997653 0.998617 1.000481
820 46.863312 46.844144 46.863312 0.997653 0.998663 1.000481
830 46.863312 46.841859 46.863312 0.997653 0.998814 1.000481
840 46.770007 46.836968 46.852043 0.997653 0.998890 1.000481
850 46.770007 46.834219 46.852043 0.997653 0.999088 1.000481
860 46.770007 46.830384 46.847823 0.997724 0.999270 1.000481
870 46.770007 46.827401 46.845479 0.997724 0.999324 1.000481
880 46.770007 46.824225 46.845479 0.997724 0.999383 1.000481
890 46.770007 46.820289 46.845479 0.997724 0.999477 1.000481
900 46.770007 46.815619 46.834013 0.997724 0.999623 1.000481
910 46.770007 46.813750 46.816180 0.998674 0.999775 1.000417
920 46.770007 46.812882 46.816180 0.998674 0.999949 1.000417
930 46.770007 46.811050 46.816180 0.998674 1.000123 1.000417
940 46.770007 46.804637 46.816180 0.998674 1.000298 1.000417
950 46.770007 46.770007 46.777101 0.999676 1.000402 1.000417
960 46.770007 46.770007 46.777101 0.999676 1.000402 1.000417
970 46.770007 46.770007 46.777101 0.999676 1.000402 1.000417
980 46.770007 46.770007 46.777101 0.999676 1.000402 1.000417
990 46.770007 46.770007 46.777101 0.999676 1.000402 1.000417
1000 46.770007 46.770007 46.777101 0.999676 1.000402 1.000417
1010 46.770007 46.770007 46.777101 0.999676 1.000402 1.000417
1020 46.770007 46.770007 46.777101 0.999676 1.000402 1.000417
1030 46.770007 46.770007 46.777101 0.999676 1.000395 1.000417
1040 46.770007 46.770007 46.777101 0.999676 1.000388 1.000417
1050 46.770007 46.770007 46.777101 0.999676 1.000388 1.000417
1060 46.770007 46.770007 46.777101 0.999676 1.000388 1.000417
1070 46.770007 46.770007 46.777101 0.999676 1.000380 1.000417
1080 46.770007 46.770007 46.777101 0.999676 1.000365 1.000417
1090 46.770007 46.770007 46.777101 0.999676 1.000365 1.000417
1100 46.770007 46.770007 46.777101 0.999676 1.000343 1.000417
1110 46.770007 46.770007 46.777101 0.999676 1.000336 1.000417
1120 46.770007 46.770007 46.777101 0.999676 1.000313 1.000417
1130 46.770007 46.770007 46.777101 0.999676 1.000284 1.000417
1140 46.770007 46.770007 46.777101 0.999676 1.000261 1.000417
1150 46.770007 46.770007 46.777101 0.999676 1.000210 1.000417
1160 46.770007 46.770007 46.777101 0.999676 1.000158 1.000417
1170 46.770007 46.770007 46.777101 0.999676 1.000091 1.000417
1180 46.770007 46.770007 46.777101 0.999676 1.000017 1.000417
1190 46.770007 46.770007 46.777101 0.999676 0.999943 1.000417
1200 46.770007 46.770007 46.777101 0.999676 0.999869 1.000417
1210 46.770007 46.770007 46.777101 0.999676 0.999794 1.000417
1220 46.770007 46.770007 46.777101 0.999676 0.999720 1.000417
1230 46.770007 46.770007 46.770007 0.999676 0.999676 0.999676
1240 46.770007 46.770007 46.770007 0.999676 0.999676 0.999676
1250 46.770007 46.770007 46.770007 0.999676 0.999676 0.999676
1260 46.770007 46.770007 46.770007 0.999676 0.999676 0.999676
1270 46.770007 46.770007 46.770007 0.999676 0.999676 0.999676
1280 46.770007 46.770007 46.770007 0.999676 0.999676 0.999676
1290 46.770007 46.770007 46.770007 0.999676 0.999676 0.999676
1300 46.770007 46.770007 46.770007 0.999676 0.999676 0.999676
1310 46.770007 46.770007 46.770007 0.999676 0.999676 0.999676
1320 46.770007 46.770007 46.770007 0.999676 0.999676 0.999676
1330 46.770007 46.770007 46.770007 0.999676 0.999676 0.999676
1340 46.770007 46.770007 46.770007 0.999676 0.999676 0.999676
1350 46.770007 46.770007 46.770007 0.999676 0.999676 0.999676
1360 46.770007 46.770007 46.770007 0.999676 0.999676 0.999676
1370 46.770007 46.770007 46.770007 0.999676 0.999676 0.999676
1380 46.770007 46.770007 46.770007 0.999676 0.999676 0.999676
1390 46.770007 46.770007 46.770007 0.999676 0.999676 0.999676
1400 46.770007 46.770007 46.770007 0.999676 0.999676 0.999676
1410 46.770007 46.770007 46.770007 0.999676 0.999676 0.999676
1420 46.770007 46.770007 46.770007 0.999676 0.999676 0.999676
1430 46.770007 46.770007 46.770007 0.999676 0.999676 0.999676
1440 46.770007 46.770007 46.770007 0.999676 0.999676 0.999676
1450 46.770007 46.770007 46.770007 0.999676 0.999676 0.999676
1460 46.770007 46.770007 46.770007 0.999676 0.999676 0.999676
1470 46.770007 46.770007 46.770007 0.999676 0.999676 0.999676
1480 46.770007 46.770007 46.770007 0.999676 0.999676 0.999676
1490 46.770007 46.770007 46.770007 0.999676 0.999676 0.999676
1500 46.770007 46.770007 46.770007 0.999676 0.999676 0.999676
1510 46.770007 46.770007 46.770007 0.999676 0.999676 0.999676
1520 46.770007 46.770007 46.770007 0.999676 0.999676 0.999676
1530 46.770007 46.770007 46.770007 0.999676 0.999676 0.999676
1540 46.770007 46.770007 46.770007 0.999676 0.999676 0.999676
1550 46.770007 46.770007 46.770007 0.999676 0.999676 0.999676
1560 46.770007 46.770007 46.770007 0.999676 0.999676 0.999676
1570 46.770007 46.770007 46.770007 0.999676 0.999676 0.999676
1580 46.770007 46.770007 46.770007 0.999676 0.999676 0.999676
1590 46.770007 46.770007 46.770007 0.999676 0.999676 0.999676
1600 46.770007 46.770007 46.770007 0.999676 0.999676 0.999676
1610 46.770007 46.770007 46.770007 0.999676 0.999676 0.999676
1620 46.770007 46.770007 46.770007 0.999676 0.999676 0.999676
1630 46.770007 46.770007 46.770007 0.999676 0.999676 0.999676
1640 46.770007 46.770007 46.770007 0.999676 0.999676 0.999676
1650 46.770007 46.770007 46.770007 0.999676 0.999676 0.999676
1660 46.770007 46.770007 46.770007 0.999676 0.999676 0.999676
1670 46.770007 46.770007 46.770007 0.999676 0.999676 0.999676
1680 46.770007 46.770007 46.770007 0.999676 0.999676 0.999676
1690 46.770007 46.770007 46.770007 0.999676 0.999676 0.999676
1700 46.770007 46.770007 46.770007 0.999676 0.999676 0.999676
1710 46.770007 46.770007 46.770007 0.999676 0.999676 0.999676
1720 46.770007 46.770007 46.770007 0.999676 0.999676 0.999676
1730 46.770007 46.770007 46.770007 0.999676 0.999676 0.999676
1740 46.770007 46.770007 46.770007 0.999676 0.999676 0.999676
1750 46.770007 46.770007 46.770007 0.999676 0.999676 0.999676
1760 46.770007 46.770007 46.770007 0.999676 0.999676 0.999676
1770 46.770007 46.770007 46.770007 0.999676 0.999676 0.999676
1780 46.770007 46.770007 46.770007 0.999676 0.999676 0.999676
1790 46.770007 46.770007 46.770007 0.999676 0.999676 0.999676
1800 46.770007 46.770007 46.770007 0.999676 0.999676 0.999676
1810 46.770007 46.770007 46.770007 0.999676 0.999676 0.999676
1820 46.770007 46.770007 46.770007 0.999676 0.999676 0.999676
1830 46.770007 46.770007 46.770007 0.999676 0.999676 0.999676
1840 46.770007 46.770007 46.770007 0.999676 0.999676 0.999676
1850 46.770007 46.770007 46.770007 0.999676 0.999676 0.999676
1860 46.770007 46.770007 46.770007 0.999676 0.999676 0.999676
1870 46.770007 46.770007 46.770007 0.999676 0.999676 0.999676
1880 46.770007 46.770007 46.770007 0.999676 0.999676 0.999676
1890 46.770007 46.770007 46.770007 0.999676 0.999676 0.999676
1900 46.770007 46.770007 46.770007 0.999676 0.999676 0.999676
1910 46.770007 46.770007 46.770007 0.999676 0.999676 0.999676
1920 46.770007 46.770007 46.770007 0.999676 0.999676 0.999676
1930 46.770007 46.770007 46.770007 0.999676 0.999676 0.999676
1940 46.770007 46.770007 46.770007 0.999676 0.999676 0.999676
1950 46.770007 46.770007 46.770007 0.999676 0.999676 0.999676
1960 46.770007 46.770007 46.770007 0.999676 0.999676 0.999676
1970 46.770007 46.770007 46.770007 0.999676 0.999676 0.999676
1980 46.770007 46.770007 46.770007 0.999676 0.999676 0.999676
1990 46.770007 46.770007 46.770007 0.999676 0.999676 0.999676
2000 46.770007 46.770007 46.770007 0.999676 0.999676 0.999676
2010 46.770007 46.770007 46.770007 0.999676 0.999676 0.999676
2020 46.770007 46.770007 46.770007 0.999676 0.999676 0.999676
2030 46.770007 46.770007 46.770007 0.999676 0.999676 0.999676
2040 46.770007 46.770007 46.770007 0.999676 0.999676 0.999676
2050 46.770007 46.770007 46.770007 0.999676 0.999676 0.999676
2060 46.770007 46.770007 46.770007 0.999676 0.999676 0.999676
2070 46.770007 46.770007 46.770007 0.999676 0.999676 0.999676
2080 46.770007 46.770007 46.770007 0.999676 0.999676 0.999676
2090 46.770007 46.770007 46.770007 0.999676 0.999676 0.999676
2100 46.770007 46.770007 46.770007 0.999676 0.999676 0.999676
2110 46.770007 46.770007 46.770007 0.999676 0.999676 0.999676
2120 46.770007 46.770007 46.770007 0.999676 0.999676 0.999676
2130 46.770007 46.770007 46.770007 0.999676 0.999676 0.999676
2140 46.770007 46.770007 46.770007 0.999676 0.999676 0.999676
2150 46.770007 46.770007 46.770007 0.999676 0.999676 0.999676
2160 46.770007 46.770007 46.770007 0.999676 0.999676 0.999676
2170 46.770007 46.770007 46.770007 0.999676 0.999676 0.999676
2180 46.770007 46.770007 46.770007 0.999676 0.999676 0.999676
2190 46.770007 46.770007 46.770007 0.999676 0.999676 0.999676
2200 46.770007 46.770007 46.770007 0.999676 0.999676 0.999676
2210 46.770007 46.770007 46.770007 0.999676 0.999676 0.999676
2220 46.770007 46.770007 46.770007 0.999676 0.999676 0.999676
2230 46.770007 46.770007 46.770007 0.999676 0.999676 0.999676
2240 46.770007 46.770007 46.770007 0.999676 0.999676 0.999676
2250 46.770007 46.770007 46.770007 0.999676 0.999676 0.999676
2260 46.770007 46.770007 46.770007 0.999676 0.999676 0.999676
2270 46.770007 46.770007 46.770007 0.999676 0.999676 0.999676
2280 46.770007 46.770007 46.770007 0.999676 0.999676 0.999676
2290 46.770007 46.770007 46.770007 0.999676 0.999676 0.999676
2300 46.770007 46.770007 46.770007 0.999676 0.999676 0.999676
2310 46.770007 46.770007 46.770007 0.999676 0.999676 0.999676
2320 46.770007 46.770007 46.770007 0.999676 0.999676 0.999676
2330 46.770007 46.770007 46.770007 0.999676 0.999676 0.999676
2340 46.770007 46.770007 46.770007 0.999676 0.999676 0.999676
2350 46.770007 46.770007 46.770007 0.999676 0.999676 0.999676
2360 46.770007 46.770007 46.770007 0.999676 0.999676 0.999676
2370 46.770007 46.770007 46.770007 0.999676 0.999676 0.999676
2380 46.770007 46.770007 46.770007 0.999676 0.999676 0.999676
2390 46.770007 46.770007 46.770007 0.999676 0.999676 0.999676
2400 46.770007 46.770007 46.770007 0.999676 0.999676 0.999676
2410 46.770007 46.770007 46.770007 0.999676 0.999676 0.999676
2420 46.770007 46.770007 46.770007 0.999676 0.999676 0.999676
2430 46.770007 46.770007 46.770007 0.999676 0.999676 0.999676
2440 46.770007 46.770007 46.770007 0.999676 0.999676 0.999676
2450 46.770007 46.770007 46.770007 0.999676 0.999676 0.999676
2460 46.770007 46.770007 46.770007 0.999676 0.999676 0.999676
2470 46.770007 46.770007 46.770007 0.999676 0.999676 0.999676
2480 46.770007 46.770007 46.770007 0.999676 0.999676 0.999676
2490 46.770007 46.770007 46.770007 0.999676 0.999676 0.999676
2500 46.770007 46.770007 46.770007 0.999676 0.999676 0.999676
2510 46.770007 46.770007 46.770007 0.999676 0.999676 0.999676
2520 46.770007 46.770007 46.770007 0.999676 0.999676 0.999676
2530 46.770007 46.770007 46.770007 0.999676 0.999676 0.999676
2540 46.770007 46.770007 46.770007 0.999676 0.999676 0.999676
2550 46.770007 46.770007 46.770007 0.999676 0.999676 0.999676
2560 46.770007 46.770007 46.770007 0.999676 0.999676 0.999676
2570 46.770007 46.770007 46.770007 0.999676 0.999676 0.999676
2580 46.770007 46.770007 46.770007 0.999676 0.999676 0.999676
2590 46.770007 46.770007 46.770007 0.999676 0.999676 0.999676
2600 46.770007 46.770007 46.770007 0.999676 0.999676 0.999676
2610 46.770007 46.770007 46.770007 0.999676 0.999676 0.999676
2620 46.770007 46.770007 46.770007 0.999676 0.999676 0.999676
2630 46.770007 46.770007 46.770007 0.999676 0.999676 0.999676
2640 46.770007 46.770007 46.770007 0.999676 0.999676 0.999676
2650 46.770007 46.770007 46.770007 0.999676 0.999676 0.999676
2660 46.770007 46.770007 46.770007 0.999676 0.999676 0.999676
2670 46.770007 46.770007 46.770007 0.999676 0.999676 0.999676
2680 46.770007 46.770007 46.770007 0.999676 0.999676 0.999676
2690 46.770007 46.770007 46.770007 0.999676 0.999676 0.999676
2700 46.770007 46.770007 46.770007 0.999676 0.999676 0.999676
2710 46.770007 46.770007 46.770007 0.999676 0.999676 0.999676
2720 46.770007 46.770007 46.770007 0.999676 0.999676 0.999676
2730 46.770007 46.770007 46.770007 0.999676 0.999676 0.999676
2740 46.770007 46.770007 46.770007 0.999676 0.999676 0.999676
2750 46.770007 46.770007 46.770007 0.999676 0.999676 0.999676
2760 46.770007 46.770007 46.770007 0.999676 0.999676 0.999676
2770 46.770007 46.770007 46.770007 0.999676 0.999676 0.999676
2780 46.770007 46.770007 46.770007 0.999676 0.999676 0.999676
2790 46.770007 46.770007 46.770007 0.999676 0.999676 0.999676
2800 46.770007 46.770007 46.770007 0.999676 0.999676 0.999676
2810 46.770007 46.770007 46.770007 0.999676 0.999676 0.999676
2820 46.770007 46.770007 46.770007 0.999676 0.999676 0.999676
2830 46.770007 46.770007 46.770007 0.999676 0.999676 0.999676
2840 46.770007 46.770007 46.770007 0.999676 0.999676 0.999676
2850 46.770007 46.770007 46.770007 0.999676 0.999676 0.999676
2860 46.770007 46.770007 46.770007 0.999676 0.999676 0.999676
2870 46.770007 46.770007 46.770007 0.999676 0.999676 0.999676
2880 46.770007 46.770007 46.770007 0.999676 0.999676 0.999676
2890 46.770007 46.770007 46.770007 0.999676 0.999676 0.999676
2900 46.770007 46.770007 46.770007 0.999676 0.999676 0.999676
2910 46.770007 46.770007 46.770007 0.999676 0.999676 0.999676
2920 46.770007 46.770007 46.770007 0.999676 0.999676 0.999676
2930 46.770007 46.770007 46.770007 0.999676 0.999676 0.999676
2940 46.770007 46.770007 46.770007 0.999676 0.999676 0.999676
2950 46.770007 46.770007 46.770007 0.999676 0.999676 0.999676
2960 46.770007 46.770007 46.770007 0.999676 0.999676 0.999676
2970 46.770007 46.770007 46.770007 0.999676 0.999676 0.999676
2980 46.770007 46.770007 46.770007 0.999676 0.999676 0.999676
2990 46.770007 46.770007 46.770007 0.999676 0.999676 0.999676
3000 46.770007 46.770007 46.770007 0.999676 0.999676 0.999676
3010 46.770007 46.770007 46.770007 0.999676 0.999676 0.999676
3020 46.770007 46.770007 46.770007 0.999676 0.999676 0.999676
3030 46.770007 46.770007 46.770007 0.999676 0.999676 0.999676
3040 46.770007 46.770007 46.770007 0.999676 0.999676 0.999676
3050 46.770007 46.770007 46.770007 0.999676 0.999676 0.999676
3060 46.770007 46.770007 46.770007 0.999676 0.999676 0.999676
3070 46.770007 46.770007 46.770007 0.999676 0.999676 0.999676
3080 46.770007 46.770007 46.770007 0.999676 0.999676 0.999676
3090 46.770007 46.770007 46.770007 0.999676 0.999676 0.999676
3100 46.770007 46.770007 46.770007 0.999676 0.999676 0.999676
3110 46.770007 46.770007 46.770007 0.999676 0.999676 0.999676
3120 46.770007 46.770007 46.770007 0.999676 0.999676 0.999676
3130 46.770007 46.770007 46.770007 0.999676 0.999676 0.999676
3140 46.770007 46.770007 46.770007 0.999676 0.999676 0.999676
3150 46.770007 46.770007 46.770007 0.999676 0.999676 0.999676
3160 46.770007 46.770007 46.770007 0.999676 0.999676 0.999676
3170 46.770007 46.770007 46.770007 0.999676 0.999676 0.999676
3180 46.770007 46.770007 46.770007 0.999676 0.999676 0.999676
3190 46.770007 46.770007 46.770007 0.999676 0.999676 0.999676
3200 46.770007 46.770007 46.770007 0.999676 0.999676 0.999676
3210 46.770007 46.770007 46.770007 0.999676 0.999676 0.999676
3220 46.770007 46.770007 46.770007 0.999676 0.999676 0.999676
3230 46.770007 46.770007 46.770007 0.999676 0.999676 0.999676
3240 46.770007 46.770007 46.770007 0.999676 0.999676 0.999676
3250 46.770007 46.770007 46.770007 0.999676 0.999676 0.999676
3260 46.770007 46.770007 46.770007 0.999676 0.999676 0.999676
3270 46.770007 46.770007 46.770007 0.999676 0.999676 0.999676
3280 46.770007 46.770007 46.770007 0.999676 0.999676 0.999676
3290 46.770007 46.770007 46.770007 0.999676 0.999676 0.999676
3300 46.770007 46.770007 46.770007 0.999676 0.999676 0.999676
3310 46.770007 46.770007 46.770007 0.999676 0.999676 0.999676
3320 46.770007 46.770007 46.770007 0.999676 0.999676 0.999676
3330 46.770007 46.770007 46.770007 0.999676 0.999676 0.999676
3340 46.770007 46.770007 46.770007 0.999676 0.999676 0.999676
3350 46.770007 46.770007 46.770007 0.999676 0.999676 0.999676
3360 46.770007 46.770007 46.770007 0.999676 0.999676 0.999676
3370 46.770007 46.770007 46.770007 0.999676 0.999676 0.999676
3380 46.770007 46.770007 46.770007 0.999676 0.999676 0.999676
3390 46.770007 46.770007 46.770007 0.999676 0.999676 0.999676
3400 46.770007 46.770007 46.770007 0.999676 0.999676 0.999676
3410 46.770007 46.770007 46.770007 0.999676 0.999676 0.999676
3420 46.770007 46.770007 46.770007 0.999676 0.999676 0.999676
3430 46.770007 46.770007 46.770007 0.999676 0.999676 0.999676
3440 46.770007 46.770007 46.770007 0.999676 0.999676 0.999676
3450 46.770007 46.770007 46.770007 0.999676 0.999676 0.999676
3460 46.770007 46.770007 46.770007 0.999676 0.999676 0.999676
3470 46.770007 46.770007 46.770007 0.999676 0.999676 0.999676
3480 46.770007 46.770007 46.770007 0.999676 0.999676 0.999676
3490 46.770007 46.770007 46.770007 0.999676 0.999676 0.999676
3500 46.770007 46.770007 46.770007 0.999676 0.999676 0.999676
3510 46.770007 46.770007 46.770007 0.999676 0.999676 0.999676
3520 46.770007 46.770007 46.770007 0.999676 0.999676 0.999676
3530 46.770007 46.770007 46.770007 0.999676 0.999676 0.999676
3540 46.770007 46.770007 46.770007 0.999676 0.999676 0.999676
3550 46.770007 46.770007 46.770007 0.999676 0.999676 0.999676
3560 46.770007 46.770007 46.770007 0.999676 0.999676 0.999676
3570 46.770007 46.770007 46.770007 0.999676 0.999676 0.999676
3580 46.770007 46.770007 46.770007 0.999676 0.999676 0.999676
3590 46.770007 46.770007 46.770007 0.999676 0.999676 0.999676
3600 46.770007 46.770007 46.770007 0.999676 0.999676 0.999676
3610 46.770007 46.770007 46.770007 0.999676 0.999676 0.999676
3620 46.770007 46.770007 46.770007 0.999676 0.999676 0.999676
3630 46.770007 46.770007 46.770007 0.999676 0.999676 0.999676
3640 46.770007 46.770007 46.770007 0.999676 0.999676 0.999676
3650 46.770007 46.770007 46.770007 0.999676 0.999676 0.999676
3660 46.770007 46.770007 46.770007 0.999676 0.999676 0.999676
3670 46.770007 46.770007 46.770007 0.999676 0.999676 0.999676
3680 46.770007 46.770007 46.770007 0.999676 0.999676 0.999676
3690 46.770007 46.770007 46.770007 0.999676 0.999676 0.999676
3700 46.770007 46.770007 46.770007 0.999676 0.999676 0.999676
3710 46.770007 46.770007 46.770007 0.999676 0.999676 0.999676
3720 46.770007 46.770007 46.770007 0.999676 0.999676 0.999676
3730 46.770007 46.770007 46.770007 0.999676 0.999676 0.999676
3740 46.770007 46.770007 46.770007 0.999676 0.999676 0.999676
3750 46.770007 46.770007 46.770007 0.999676 0.999676 0.999676
3760 46.770007 46.770007 46.770007 0.999676 0.999676 0.999676
3770 46.770007 46.770007 46.770007 0.999676 0.999676 0.999676
3780 46.770007 46.770007 46.770007 0.999676 0.999676 0.999676
3790 46.770007 46.770007 46.770007 0.999676 0.999676 0.999676
3800 46.770007 46.770007 46.770007 0.999676 0.999676 0.999676
3810 46.770007 46.770007 46.770007 0.999676 0.999676 0.999676
3820 46.770007 46.770007 46.770007 0.999676 0.999676 0.999676
3830 46.770007 46.770007 46.770007 0.999676 0.999676 0.999676
3840 46.770007 46.770007 46.770007 0.999676 0.999676 0.999676
3850 46.770007 46.770007 46.770007 0.999676 0.999676 0.999676
3860 46.770007 46.770007 46.770007 0.999676 0.999676 0.999676
3870 46.770007 46.770007 46.770007 0.999676 0.999676 0.999676
3880 46.770007 46.770007 46.770007 0.999676 0.999676 0.999676
3890 46.770007 46.770007 46.770007 0.999676 0.999676 0.999676
3900 46.770007 46.770007 46.770007 0.999676 0.999676 0.999676
3910 46.770007 46.770007 46.770007 0.999676 0.999676 0.999676
3920 46.770007 46.770007 46.770007 0.999676 0.999676 0.999676
3930 46.770007 46.770007 46.770007 0.999676 0.999676 0.999676
3940 46.770007 46.770007 46.770007 0.999676 0.999676 0.999676
3950 46.770007 46.770007 46.770007 0.999676 0.999676 0.999676
3960 46.770007 46.770007 46.770007 0.999676 0.999676 0.999676
3970 46.770007 46.770007 46.770007 0.999676 0.999676 0.999676
3980 46.770007 46.770007 46.770007 0.999676 0.999676 0.999676
3990 46.770007 46.770007 46.770007 0.999676 0.999676 0.999676
4000 46.770007 46.770007 46.770007 0.999676 0.999676 0.999676
4010 46.770007 46.770007 46.770007 0.999676 0.999676 0.999676
4020 46.770007 46.770007 46.770007 0.999676 0.999676 0.999676
4030 46.770007 46.770007 46.770007 0.999676 0.999676 0.999676
4040 46.770007 46.770007 46.770007 0.999676 0.999676 0.999676
4050 46.770007 46.770007 46.770007 0.999676 0.999676 0.999676
4060 46.770007 46.770007 46.770007 0.999676 0.999676 0.999676
4070 46.770007 46.770007 46.770007 0.999676 0.999676 0.999676
4080 46.770007 46.770007 46.770007 0.999676 0.999676 0.999676
4090 46.770007 46.770007 46.770007 0.999676 0.999676 0.999676
4100 46.770007 46.770007 46.770007 0.999676 0.999676 0.999676
4110 46.770007 46.770007 46.770007 0.999676 0.999676 0.999676
4120 46.770007 46.770007 46.770007 0.999676 0.999676 0.999676
4130 46.770007 46.770007 46.770007 0.999676 0.999676 0.999676
4140 46.770007 46.770007 46.770007 0.999676 0.999676 0.999676
4150 46.770007 46.770007 46.770007 0.999676 0.999676 0.999676
4160 46.770007 46.770007 46.770007 0.999676 0.999676 0.999676
4170 46.770007 46.770007 46.770007 0.999676 0.999676 0.999676
4180 46.770007 46.770007 46.770007 0.999676 0.999676 0.999676
4190 46.770007 46.770007 46.770007 0.999676 0.999676 0.999676
4200 46.770007 46.770007 46.770007 0.999676 0.999676 0.999676
4210 46.770007 46.770007 46.770007 0.999676 0.999676 0.999676
4220 46.770007 46.770007 46.770007 0.999676 0.999676 0.999676
4230 46.770007 46.770007 46.770007 0.999676 0.999676 0.999676
4240 46.770007 46.770007 46.770007 0.999676 0.999676 0.999676
4250 46.770007 46.770007 46.770007 0.999676 0.999676 0.999676
4260 46.770007 46.770007 46.770007 0.999676 0.999676 0.999676
4270 46.770007 46.770007 46.770007 0.999676 0.999676 0.999676
4280 46.770007 46.770007 46.770007 0.999676 0.999676 0.999676
4290 46.770007 46.770007 46.770007 0.999676 0.999676 0.999676
4300 46.770007 46.770007 46.770007 0.999676 0.999676 0.999676
4310 46.770007 46.770007 46.770007 0.999676 0.999676 0.999676
4320 46.770007 46.770007 46.770007 0.999676 0.999676 0.999676
4330 46.770007 46.770007 46.770007 0.999676 0.999676 0.999676
4340 46.770007 46.770007 46.770007 0.999676 0.999676 0.999676
4350 46.770007 46.770007 46.770007 0.999676 0.999676 0.999676
4360 46.770007 46.770007 46.770007 0.999676 0.999676 0.999676
4370 46.770007 46.770007 46.770007 0.999676 0.999676 0.999676
4380 46.770007 46.770007 46.770007 0.999676 0.999676 0.999676
4390 46.770007 46.770007 46.770007 0.999676 0.999676 0.999676
4400 46.770007 46.770007 46.770007 0.999676 0.999676 0.999676
4410 46.770007 46.770007 46.770007 0.999676 0.999676 0.999676
4420 46.770007 46.770007 46.770007 0.999676 0.999676 0.999676
4430 46.770007 46.770007 46.770007 0.999676 0.999676 0.999676
4440 46.770007 46.770007 46.770007 0.999676 0.999676 0.999676
4450 46.770007 46.770007 46.770007 0.999676 0.999676 0.999676
4460 46.770007 46.770007 46.770007 0.999676 0.999676 0.999676
4470 46.770007 46.770007 46.770007 0.999676 0.999676 0.999676
4480 46.770007 46.770007 46.770007 0.999676 0.999676 0.999676
4490 46.770007 46.770007 46.770007 0.999676 0.999676 0.999676
4500 46.770007 46.770007 46.770007 0.999676 0.999676 0.999676
4510 46.770007 46.770007 46.770007 0.999676 0.999676 0.999676
4520 46.770007 46.770007 46.770007 0.999676 0.999676 0.999676
4530 46.770007 46.770007 46.770007 0.999676 0.999676 0.999676
4540 46.770007 46.770007 46.770007 0.999676 0.999676 0.999676
4550 46.770007 46.770007 46.770007 0.999676 0.999676 0.999676
4560 46.770007 46.770007 46.770007 0.999676 0.999676 0.999676
4570 46.770007 46.770007 46.770007 0.999676 0.999676 0.999676
4580 46.770007 46.770007 46.770007 0.999676 0.999676 0.999676
4590 46.770007 46.770007 46.770007 0.999676 0.999676 0.999676
4600 46.770007 46.770007 46.770007 0.999676 0.999676 0.999676
4610 46.770007 46.770007 46.770007 0.999676 0.999676 0.999676
4620 46.770007 46.770007 46.770007 0.999676 0.999676 0.999676
4630 46.770007 46.770007 46.770007 0.999676 0.999676 0.999676
4640 46.770007 46.770007 46.770007 0.999676 0.999676 0.999676
4650 46.770007 46.770007 46.770007 0.999676 0.999676 0.999676
4660 46.770007 46.770007 46.770007 0.999676 0.999676 0.999676
4670 46.770007 46.770007 46.770007 0.999676 0.999676 0.999676
4680 46.770007 46.770007 46.770007 0.999676 0.999676 0.999676
4690 46.770007 46.770007 46.770007 0.999676 0.999676 0.999676
4700 46.770007 46.770007 46.770007 0.999676 0.999676 0.999676
4710 46.770007 46.770007 46.770007 0.999676 0.999676 0.999676
4720 46.770007 46.770007 46.770007 0.999676 0.999676 0.999676
4730 46.770007 46.770007 46.770007 0.999676 0.999676 0.999676
4740 46.770007 46.770007 46.770007 0.999676 0.999676 0.999676
4750 46.770007 46.770007 46.770007 0.999676 0.999676 0.999676
4760 46.770007 46.770007 46.770007 0.999676 0.999676 0.999676
4770 46.770007 46.770007 46.770007 0.999676 0.999676 0.999676
4780 46.770007 46.770007 46.770007 0.999676 0.999676 0.999676
4790 46.770007 46.770007 46.770007 0.999676 0.999676 0.999676
4800 46.770007 46.770007 46.770007 0.999676 0.999676 0.999676
4810 46.770007 46.770007 46.770007 0.999676 0.999676 0.999676
4820 46.770007 46.770007 46.770007 0.999676 0.999676 0.999676
4830 46.770007 46.770007 46.770007 0.999676 0.999676 0.999676
4840 46.770007 46.770007 46.770007 0.999676 0.999676 0.999676
4850 46.770007 46.770007 46.770007 0.999676 0.999676 0.999676
4860 46.770007 46.770007 46.770007 0.999676 0.999676 0.999676
4870 46.770007 46.770007 46.770007 0.999676 0.999676 0.999676
4880 46.770007 46.770007 46.770007 0.999676 0.999676 0.999676
4890 46.770007 46.770007 46.770007 0.999676 0.999676 0.999676
4900 46.770007 46.770007 46.770007 0.999676 0.999676 0.999676
4910 46.770007 46.770007 46.770007 0.999676 0.999676 0.999676
4920 46.770007 46.770007 46.770007 0.999676 0.999676 0.999676
4930 46.770007 46.770007 46.770007 0.999676 0.999676 0.999676
4940 46.770007 46.770007 46.770007 0.999676 0.999676 0.999676
4950 46.770007 46.770007 46.770007 0.999676 0.999676 0.999676
4960 46.770007 46.770007 46.770007 0.999676 0.999676 0.999676
4970 46.770007 46.770007 46.770007 0.999676 0.999676 0.999676
4980 46.770007 46.770007 46.770007 0.999676 0.999676 0.999676
4990 46.770007 46.770007 46.770007 0.999676 0.999676 0.999676
5000 46.770007 46.770007 46.770007 0.999676 0.999676 0.999676
5010 46.770007 46.770007 46.770007 0.999676 0.999676 0.999676
5020 46.770007 46.770007 46.770007 0.999676 0.999676 0.999676
5030 46.770007 46.770007 46.770007 0.999676 0.999676 0.999676
5040 46.770007 46.770007 46.770007 0.999676 0.999676 0.999676
5050 46.770007 46.770007 46.770007 0.999676 0.999676 0.999676
5060 46.770007 46.770007 46.770007 0.999676 0.999676 0.999676
5070 46.770007 46.770007 46.770007 0.999676 0.999676 0.999676
5080 46.770007 46.770007 46.770007 0.999676 0.999676 0.999676
5090 46.770007 46.770007 46.770007 0.999676 0.999676 0.999676
5100 46.770007 46.770007 46.770007 0.999676 0.999676 0.999676
5110 46.770007 46.770007 46.770007 0.999676 0.999676 0.999676
5120 46.770007 46.770007 46.770007 0.999676 0.999676 0.999676
5130 46.770007 46.770007 46.770007 0.999676 0.999676 0.999676
5140 46.770007 46.770007 46.770007 0.999676 0.999676 0.999676
5150 46.770007 46.770007 46.770007 0.999676 0.999676 0.999676
5160 46.770007 46.770007 46.770007 0.999676 0.999676 0.999676
5170 46.770007 46.770007 46.770007 0.999676 0.999676 0.999676
5180 46.770007 46.770007 46.770007 0.999676 0.999676 0.999676
5190 46.770007 46.770007 46.770007 0.999676 0.999676 0.999676
5200 46.770007 46.770007 46.770007 0.999676 0.999676 0.999676
5210 46.770007 46.770007 46.770007 0.999676 0.999676 0.999676
5220 46.770007 46.770007 46.770007 0.999676 0.999676 0.999676
5230 46.770007 46.770007 46.770007 0.999676 0.999676 0.999676
5240 46.770007 46.770007 46.770007 0.999676 0.999676 0.999676
5250 46.770007 46.770007 46.770007 0.999676 0.999676 0.999676
5260 46.770007 46.770007 46.770007 0.999676 0.999676 0.999676
5270 46.770007 46.770007 46.770007 0.999676 0.999676 0.999676
5280 46.770007 46.770007 46.770007 0.999676 0.999676 0.999676
5290 46.770007 46.770007 46.770007 0.999676 0.999676 0.999676
5300 46.770007 46.770007 46.770007 0.999676 0.999676 0.999676
5310 46.770007 46.770007 46.770007 0.999676 0.999676 0.999676
5320 46.770007 46.770007 46.770007 0.999676 0.999676 0.999676
5330 46.770007 46.770007 46.770007 0.999676 0.999676 0.999676
5340 46.770007 46.770007 46.770007 0.999676 0.999676 0.999676
5350 46.770007 46.770007 46.770007 0.999676 0.999676 0.999676
5360 46.770007 46.770007 46.770007 0.999676 0.999676 0.999676
5370 46.770007 46.770007 46.770007 0.999676 0.999676 0.999676
5380 46.770007 46.770007 46.770007 0.999676 0.999676 0.999676
5390 46.770007 46.770007 46.770007 0.999676 0.999676 0.999676
5400 46.770007 46.770007 46.770007 0.999676 0.999676 0.999676
5410 46.770007 46.770007 46.770007 0.999676 0.999676 0.999676
5420 46.770007 46.770007 46.770007 0.999676 0.999676 0.999676
5430 46.770007 46.770007 46.770007 0.999676 0.999676 0.999676
5440 46.770007 46.770007 46.770007 0.999676 0.999676 0.999676
5450 46.770007 46.770007 46.770007 0.999676 0.999676 0.999676
5460 46.770007 46.770007 46.770007 0.999676 0.999676 0.999676
5470 46.770007 46.770007 46.770007 0.999676 0.999676 0.999676
5480 46.770007 46.770007 46.770007 0.999676 0.999676 0.999676
5490 46.770007 46.770007 46.770007 0.999676 0.999676 0.999676
5500 46.770007 46.770007 46.770007 0.999676 0.999676 0.999676
5510 46.770007 46.770007 46.770007 0.999676 0.999676 0.999676
5520 46.770007 46.770007 46.770007 0.999676 0.999676 0.999676
5530 46.770007 46.770007 46.770007 0.999676 0.999676 0.999676
5540 46.770007 46.770007 46.770007 0.999676 0.999676 0.999676
5550 46.770007 46.770007 46.770007 0.999676 0.999676 0.999676
5560 46.770007 46.770007 46.770007 0.999676 0.999676 0.999676
5570 46.770007 46.770007 46.770007 0.999676 0.999676 0.999676
5580 46.770007 46.770007 46.770007 0.999676 0.999676 0.999676
5590 46.770007 46.770007 46.770007 0.999676 0.999676 0.999676
5600 46.770007 46.770007 46.770007 0.999676 0.999676 0.999676
5610 46.770007 46.770007 46.770007 0.999676 0.999676 0.999676
5620 46.770007 46.770007 46.770007 0.999676 0.999676 0.999676
5630 46.770007 46.770007 46.770007 0.999676 0.999676 0.999676
5640 46.770007 46.770007 46.770007 0.999676 0.999676 0.999676
5650 46.770007 46.770007 46.770007 0.999676 0.999676 0.999676
5660 46.770007 46.770007 46.770007 0.999676 0.999676 0.999676
5670 46.770007 46.770007 46.770007 0.999676 0.999676 0.999676
5680 46.770007 46.770007 46.770007 0.999676 0.999676 0.999676
5690 46.770007 46.770007 46.770007 0.999676 0.999676 0.999676
5700 46.770007 46.770007 46.770007 0.999676 0.999676 0.999676
5710 46.770007 46.770007 46.770007 0.999676 0.999676 0.999676
5720 46.770007 46.770007 46.770007 0.999676 0.999676 0.999676
5730 46.770007 46.770007 46.770007 0.999676 0.999676 0.999676
5740 46.770007 46.770007 46.770007 0.999676 0.999676 0.999676
5750 46.770007 46.770007 46.770007 0.999676 0.999676 0.999676
5760 46.770007 46.770007 46.770007 0.999676 0.999676 0.999676
5770 46.770007 46.770007 46.770007 0.999676 0.999676 0.999676
5780 46.770007 46.770007 46.770007 0.999676 0.999676 0.999676
5790 46.770007 46.770007 46.770007 0.999676 0.999676 0.999676
5800 46.770007 46.770007 46.770007 0.999676 0.999676 0.999676
5810 46.770007 46.770007 46.770007 0.999676 0.999676 0.999676
5820 46.770007 46.770007 46.770007 0.999676 0.999676 0.999676
5830 46.770007 46.770007 46.770007 0.999676 0.999676 0.999676
5840 46.770007 46.770007 46.770007 0.999676 0.999676 0.999676
5850 46.770007 46.770007 46.770007 0.999676 0.999676 0.999676
5860 46.770007 46.770007 46.770007 0.999676 0.999676 0.999676
5870 46.770007 46.770007 46.770007 0.999676 0.999676 0.999676
5880 46.770007 46.770007 46.770007 0.999676 0.999676 0.999676
5890 46.770007 46.770007 46.770007 0.999676 0.999676 0.999676
5900 46.770007 46.770007 46.770007 0.999676 0.999676 0.999676
5910 46.770007 46.770007 46.770007 0.999676 0.999676 0.999676
5920 46.770007 46.770007 46.770007 0.999676 0.999676 0.999676
5930 46.770007 46.770007 46.770007 0.999676 0.999676 0.999676
5940 46.770007 46.770007 46.770007 0.999676 0.999676 0.999676
5950 46.770007 46.770007 46.770007 0.999676 0.999676 0.999676
5960 46.770007 46.770007 46.770007 0.999676 0.999676 0.999676
5970 46.770007 46.770007 46.770007 0.999676 0.999676 0.999676
5980 46.770007 46.770007 46.770007 0.999676 0.999676 0.999676
5990 46.770007 46.770007 46.770007 0.999676 0.999676 0.999676
6000 46.770007 46.770007 46.770007 0.999676 0.999676 0.999676
6010 46.770007 46.770007 46.770007 0.999676 0.999676 0.999676
6020 46.770007 46.770007 46.770007 0.999676 0.999676 0.999676
6030 46.770007 46.770007 46.770007 0.999676 0.999676 0.999676
6040 46.770007 46.770007 46.770007 0.999676 0.999676 0.999676
6050 46.770007 46.770007 46.770007 0.999676 0.999676 0.999676
6060 46.770007 46.770007 46.770007 0.999676 0.999676 0.999676
6070 46.770007 46.770007 46.770007 0.999676 0.999676 0.999676
6080 46.770007 46.770007 46.770007 0.999676 0.999676 0.999676
6090 46.770007 46.770007 46.770007 0.999676 0.999676 0.999676
6100 46.770007 46.770007 46.770007 0.999676 0.999676 0.999676
6110 46.770007 46.770007 46.770007 0.999676 0.999676 0.999676
6120 46.770007 46.770007 46.770007 0.999676 0.999676 0.999676
6130 46.770007 46.770007 46.770007 0.999676 0.999676 0.999676
6140 46.770007 46.770007 46.770007 0.999676 0.999676 0.999676
6150 46.770007 46.770007 46.770007 0.999676 0.999676 0.999676
6160 46.770007 46.770007 46.770007 0.999676 0.999676 0.999676
6170 46.770007 46.770007 46.770007 0.999676 0.999676 0.999676
6180 46.770007 46.770007 46.770007 0.999676 0.999676 0.999676
6190 46.770007 46.770007 46.770007 0.999676 0.999676 0.999676
6200 46.770007 46.770007 46.770007 0.999676 0.999676 0.999676
6210 46.770007 46.770007 46.770007 0.999676 0.999676 0.999676
6220 46.770007 46.770007 46.770007 0.999676 0.999676 0.999676
6230 46.770007 46.770007 46.770007 0.999676 0.999676 0.999676
6240 46.770007 46.770007 46.770007 0.999676 0.999676 0.999676
6250 46.770007 46.770007 46.770007 0.999676 0.999676 0.999676
6260 46.770007 46.770007 46.770007 0.999676 0.999676 0.999676
6270 46.770007 46.770007 46.770007 0.999676 0.999676 0.999676
6280 46.770007 46.770007 46.770007 0.999676 0.999676 0.999676
6290 46.770007 46.770007 46.770007 0.999676 0.999676 0.999676
6300 46.770007 46.770007 46.770007 0.999676 0.999676 0.999676
6310 46.770007 46.770007 46.770007 0.999676 0.999676 0.999676
6320 46.770007 46.770007 46.770007 0.999676 0.999676 0.999676
6330 46.770007 46.770007 46.770007 0.999676 0.999676 0.999676
6340 46.770007 46.770007 46.770007 0.999676 0.999676 0.999676
6350 46.770007 46.770007 46.770007 0.999676 0.999676 0.999676
6360 46.770007 46.770007 46.770007 0.999676 0.999676 0.999676
6370 46.770007 46.770007 46.770007 0.999676 0.999676 0.999676
6380 46.770007 46.770007 46.770007 0.999676 0.999676 0.999676
6390 46.770007 46.770007 46.770007 0.999676 0.999676 0.999676
6400 46.770007 46.770007 46.770007 0.999676 0.999676 0.999676
6410 46.770007 46.770007 46.770007 0.999676 0.999676 0.999676
6420 46.770007 46.770007 46.770007 0.999676 0.999676 0.999676
6430 46.770007 46.770007 46.770007 0.999676 0.999676 0.999676
6440 46.770007 46.770007 46.770007 0.999676 0.999676 0.999676
6450 46.770007 46.770007 46.770007 0.999676 0.999676 0.999676
6460 46.770007 46.770007 46.770007 0.999676 0.999676 0.999676
6470 46.770007 46.770007 46.770007 0.999676 0.999676 0.999676
6480 46.770007 46.770007 46.770007 0.999676 0.999676 0.999676
6490 46.770007 46.770007 46.770007 0.999676 0.999676 0.999676
6500 46.770007 46.770007 46.770007 0.999676 0.999676 0.999676
6510 46.770007 46.770007 46.770007 0.999676 0.999676 0.999676
6520 46.770007 46.770007 46.770007 0.999676 0.999676 0.999676
6530 46.770007 46.770007 46.770007 0.999676 0.999676 0.999676
6540 46.770007 46.770007 46.770007 0.999676 0.999676 0.999676
6550 46.770007 46.770007 46.770007 0.999676 0.999676 0.999676
6560 46.770007 46.770007 46.770007 0.999676 0.999676 0.999676
6570 46.770007 46.770007 46.770007 0.999676 0.999676 0.999676
6580 46.770007 46.770007 46.770007 0.999676 0.999676 0.999676
6590 46.770007 46.770007 46.770007 0.999676 0.999676 0.999676
6600 46.770007 46.770007 46.770007 0.999676 0.999676 0.999676
6610 46.770007 46.770007 46.770007 0.999676 0.999676 0.999676
6620 46.770007 46.770007 46.770007 0.999676 0.999676 0.999676
6630 46.770007 46.770007 46.770007 0.999676 0.999676 0.999676
6640 46.770007 46.770007 46.770007 0.999676 0.999676 0.999676
6650 46.770007 46.770007 46.770007 0.999676 0.999676 0.999676
6660 46.770007 46.770007 46.770007 0.999676 0.999676 0.999676
6670 46.770007 46.770007 46.770007 0.999676 0.999676 0.999676
6680 46.770007 46.770007 46.770007 0.999676 0.999676 0.999676
6690 46.770007 46.770007 46.770007 0.999676 0.999676 0.999676
6700 46.770007 46.770007 46.770007 0.999676 0.999676 0.999676
6710 46.770007 46.770007 46.770007 0.999676 0.999676 0.999676
6720 46.770007 46.770007 46.770007 0.999676 0.999676 0.999676
6730 46.770007 46.770007 46.770007 0.999676 0.999676 0.999676
6740 46.770007 46.770007 46.770007 0.999676 0.999676 0.999676
6750 46.770007 46.770007 46.770007 0.999676 0.999676 0.999676
6760 46.770007 46.770007 46.770007 0.999676 0.999676 0.999676
6770 46.770007 46.770007 46.770007 0.999676 0.999676 0.999676
6780 46.770007 46.770007 46.770007 0.999676 0.999676 0.999676
6790 46.770007 46.770007 46.770007 0.999676 0.999676 0.999676
6800 46.770007 46.770007 46.770007 0.999676 0.999676 0.999676
6810 46.770007 46.770007 46.770007 0.999676 0.999676 0.999676
6820 46.770007 46.770007 46.770007 0.999676 0.999676 0.999676
6830 46.770007 46.770007 46.770007 0.999676 0.999676 0.999676
6840 46.770007 46.770007 46.770007 0.999676 0.999676 0.999676
6850 46.770007 46.770007 46.770007 0.999676 0.999676 0.999676
6860 46.770007 46.770007 46.770007 0.999676 0.999676 0.999676
6870 46.770007 46.770007 46.770007 0.999676 0.999676 0.999676
6880 46.770007 46.770007 46.770007 0.999676 0.999676 0.999676
6890 46.770007 46.770007 46.770007 0.999676 0.999676 0.999676
6900 46.770007 46.770007 46.770007 0.999676 0.999676 0.999676
6910 46.770007 46.770007 46.770007 0.999676 0.999676 0.999676
6920 46.770007 46.770007 46.770007 0.999676 0.999676 0.999676
6930 46.770007 46.770007 46.770007 0.999676 0.999676 0.999676
6940 46.770007 46.770007 46.770007 0.999676 0.999676 0.999676
6950 46.770007 46.770007 46.770007 0.999676 0.999676 0.999676
6960 46.770007 46.770007 46.770007 0.999676 0.999676 0.999676
6970 46.770007 46.770007 46.770007 0.999676 0.999676 0.999676
6980 46.770007 46.770007 46.770007 0.999676 0.999676 0.999676
6990 46.770007 46.770007 46.770007 0.999676 0.999676 0.999676
7000 46.770007 46.770007 46.770007 0.999676 0.999676 0.999676
7010 46.770007 46.770007 46.770007 0.999676 0.999676 0.999676
7020 46.770007 46.770007 46.770007 0.999676 0.999676 0.999676
7030 46.770007 46.770007 46.770007 0.999676 0.999676 0.999676
7040 46.770007 46.770007 46.770007 0.999676 0.999676 0.999676
7050 46.770007 46.770007 46.770007 0.999676 0.999676 0.999676
7060 46.770007 46.770007 46.770007 0.999676 0.999676 0.999676
7070 46.770007 46.770007 46.770007 0.999676 0.999676 0.999676
7080 46.770007 46.770007 46.770007 0.999676 0.999676 0.999676
7090 46.770007 46.770007 46.770007 0.999676 0.999676 0.999676
7100 46.770007 46.770007 46.770007 0.999676 0.999676 0.999676
7110 46.770007 46.770007 46.770007 0.999676 0.999676 0.999676
7120 46.770007 46.770007 46.770007 0.999676 0.999676 0.999676
7130 46.770007 46.770007 46.770007 0.999676 0.999676 0.999676
7140 46.770007 46.770007 46.770007 0.999676 0.999676 0.999676
7150 46.770007 46.770007 46.770007 0.999676 0.999676 0.999676
7160 46.770007 46.770007 46.770007 0.999676 0.999676 0.999676
7170 46.770007 46.770007 46.770007 0.999676 0.999676 0.999676
7180 46.770007 46.770007 46.770007 0.999676 0.999676 0.999676
7190 46.770007 46.770007 46.770007 0.999676 0.999676 0.999676
7200 46.770007 46.770007 46.770007 0.999676 0.999676 0.999676
7210 46.770007 46.770007 46.770007 0.999676 0.999676 0.999676
7220 46.770007 46.770007 46.770007 0.999676 0.999676 0.999676
7230 46.770007 46.770007 46.770007 0.999676 0.999676 0.999676
7240 46.770007 46.770007 46.770007 0.999676 0.999676 0.999676
7250 46.770007 46.770007 46.770007 0.999676 0.999676 0.999676
7260 46.770007 46.770007 46.770007 0.999676 0.999676 0.999676
7270 46.770007 46.770007 46.770007 0.999676 0.999676 0.999676
7280 46.770007 46.770007 46.770007 0.999676 0.999676 0.999676
7290 46.770007 46.770007 46.770007 0.999676 0.999676 0.999676
7300 46.770007 46.770007 46.770007 0.999676 0.999676 0.999676
7310 46.770007 46.770007 46.770007 0.999676 0.999676 0.999676
7320 46.770007 46.770007 46.770007 0.999676 0.999676 0.999676
7330 46.770007 46.770007 46.770007 0.999676 0.999676 0.999676
7340 46.770007 46.770007 46.770007 0.999676 0.999676 0.999676
7350 46.770007 46.770007 46.770007 0.999676 0.999676 0.999676
7360 46.770007 46.770007 46.770007 0.999676 0.999676 0.999676
7370 46.770007 46.770007 46.770007 0.999676 0.999676 0.999676
7380 46.770007 46.770007 46.770007 0.999676 0.999676 0.999676
7390 46.770007 46.770007 46.770007 0.999676 0.999676 0.999676
7400 46.770007 46.770007 46.770007 0.999676 0.999676 0.999676
7410 46.770007 46.770007 46.770007 0.999676 0.999676 0.999676
7420 46.770007 46.770007 46.770007 0.999676 0.999676 0.999676
7430 46.770007 46.770007 46.770007 0.999676 0.999676 0.999676
7440 46.770007 46.770007 46.770007 0.999676 0.999676 0.999676
7450 46.770007 46.770007 46.770007 0.999676 0.999676 0.999676
7460 46.770007 46.770007 46.770007 0.999676 0.999676 0.999676
7470 46.770007 46.770007 46.770007 0.999676 0.999676 0.999676
7480 46.770007 46.770007 46.770007 0.999676 0.999676 0.999676
7490 46.770007 46.770007 46.770007 0.999676 0.999676 0.999676
7500 46.770007 46.770007 46.770007 0.999676 0.999676 0.999676
7510 46.770007 46.770007 46.770007 0.999676 0.999676 0.999676
7520 46.770007 46.770007 46.770007 0.999676 0.999676 0.999676
7530 46.770007 46.770007 46.770007 0.999676 0.999676 0.999676
7540 46.770007 46.770007 46.770007 0.999676 0.999676 0.999676
7550 46.770007 46.770007 46.770007 0.999676 0.999676 0.999676
7560 46.770007 46.770007 46.770007 0.999676 0.999676 0.999676
7570 46.770007 46.770007 46.770007 0.999676 0.999676 0.999676
7580 46.770007 46.770007 46.770007 0.999676 0.999676 0.999676
7590 46.770007 46.770007 46.770007 0.999676 0.999676 0.999676
7600 46.770007 46.770007 46.770007 0.999676 0.999676 0.999676
7610 46.770007 46.770007 46.770007 0.999676 0.999676 0.999676
7620 46.770007 46.770007 46.770007 0.999676 0.999676 0.999676
7630 46.770007 46.770007 46.770007 0.999676 0.999676 0.999676
7640 46.770007 46.770007 46.770007 0.999676 0.999676 0.999676
7650 46.770007 46.770007 46.770007 0.999676 0.999676 0.999676
7660 46.770007 46.770007 46.770007 0.999676 0.999676 0.999676
7670 46.770007 46.770007 46.770007 0.999676 0.999676 0.999676
7680 46.770007 46.770007 46.770007 0.999676 0.999676 0.999676
7690 46.770007 46.770007 46.770007 0.999676 0.999676 0.999676
7700 46.770007 46.770007 46.770007 0.999676 0.999676 0.999676
7710 46.770007 46.770007 46.770007 0.999676 0.999676 0.999676
7720 46.770007 46.770007 46.770007 0.999676 0.999676 0.999676
7730 46.770007 46.770007 46.770007 0.999676 0.999676 0.999676
7740 46.770007 46.770007 46.770007 0.999676 0.999676 0.999676
7750 46.770007 46.770007 46.770007 0.999676 0.999676 0.999676
7760 46.770007 46.770007 46.770007 0.999676 0.999676 0.999676
7770 46.770007 46.770007 46.770007 0.999676 0.999676 0.999676
7780 46.770007 46.770007 46.770007 0.999676 0.999676 0.999676
7790 46.770007 46.770007 46.770007 0.999676 0.999676 0.999676
7800 46.770007 46.770007 46.770007 0.999676 0.999676 0.999676
7810 46.770007 46.770007 46.770007 0.999676 0.999676 0.999676
7820 46.770007 46.770007 46.770007 0.999676 0.999676 0.999676
7830 46.770007 46.770007 46.770007 0.999676 0.999676 0.999676
7840 46.770007 46.770007 46.770007 0.999676 0.999676 0.999676
7850 46.770007 46.770007 46.770007 0.999676 0.999676 0.999676
7860 46.770007 46.770007 46.770007 0.999676 0.999676 0.999676
7870 46.770007 46.770007 46.770007 0.999676 0.999676 0.999676
7880 46.770007 46.770007 46.770007 0.999676 0.999676 0.999676
7890 46.770007 46.770007 46.770007 0.999676 0.999676 0.999676
7900 46.770007 46.770007 46.770007 0.999676 0.999676 0.999676
7910 46.770007 46.770007 46.770007 0.999676 0.999676 0.999676
7920 46.770007 46.770007 46.770007 0.999676 0.999676 0.999676
7930 46.770007 46.770007 46.770007 0.999676 0.999676 0.999676
7940 46.770007 46.770007 46.770007 0.999676 0.999676 0.999676
7950 46.770007 46.770007 46.770007 0.999676 0.999676 0.999676
7960 46.770007 46.770007 46.770007 0.999676 0.999676 0.999676
7970 46.770007 46.770007 46.770007 0.999676 0.999676 0.999676
7980 46.770007 46.770007 46.770007 0.999676 0.999676 0.999676
7990 46.770007 46.770007 46.770007 0.999676 0.999676 0.999676
8000 46.770007 46.770007 46.770007 0.999676 0.999676 0.999676
8010 46.770007 46.770007 46.770007 0.999676 0.999676 0.999676
8020 46.770007 46.770007 46.770007 0.999676 0.999676 0.999676
8030 46.770007 46.770007 46.770007 0.999676 0.999676 0.999676
8040 46.770007 46.770007 46.770007 0.999676 0.999676 0.999676
8050 46.770007 46.770007 46.770007 0.999676 0.999676 0.999676
8060 46.770007 46.770007 46.770007 0.999676 0.999676 0.999676
8070 46.770007 46.770007 46.770007 0.999676 0.999676 0.999676
8080 46.770007 46.770007 46.770007 0.999676 0.999676 0.999676
8090 46.770007 46.770007 46.770007 0.999676 0.999676 0.999676
8100 46.770007 46.770007 46.770007 0.999676 0.999676 0.999676
8110 46.770007 46.770007 46.770007 0.999676 0.999676 0.999676
8120 46.770007 46.770007 46.770007 0.999676 0.999676 0.999676
8130 46.770007 46.770007 46.770007 0.999676 0.999676 0.999676
8140 46.770007 46.770007 46.770007 0.999676 0.999676 0.999676
8150 46.770007 46.770007 46.770007 0.999676 0.999676 0.999676
8160 46.770007 46.770007 46.770007 0.999676 0.999676 0.999676
8170 46.770007 46.770007 46.770007 0.999676 0.999676 0.999676
8180 46.770007 46.770007 46.770007 0.999676 0.999676 0.999676
8190 46.770007 46.770007 46.770007 0.999676 0.999676 0.999676
8200 46.770007 46.770007 46.770007 0.999676 0.999676 0.999676
8210 46.770007 46.770007 46.770007 0.999676 0.999676 0.999676
8220 46.770007 46.770007 46.770007 0.999676 0.999676 0.999676
8230 46.770007 46.770007 46.770007 0.999676 0.999676 0.999676
8240 46.770007 46.770007 46.770007 0.999676 0.999676 0.999676
8250 46.770007 46.770007 46.770007 0.999676 0.999676 0.999676
8260 46.770007 46.770007 46.770007 0.999676 0.999676 0.999676
8270 46.770007 46.770007 46.770007 0.999676 0.999676 0.999676
8280 46.770007 46.770007 46.770007 0.999676 0.999676 0.999676
8290 46.770007 46.770007 46.770007 0.999676 0.999676 0.999676
8300 46.770007 46.770007 46.770007 0.999676 0.999676 0.999676
8310 46.770007 46.770007 46.770007 0.999676 0.999676 0.999676
8320 46.770007 46.770007 46.770007 0.999676 0.999676 0.999676
8330 46.770007 46.770007 46.770007 0.999676 0.999676 0.999676
8340 46.770007 46.770007 46.770007 0.999676 0.999676 0.999676
8350 46.770007 46.770007 46.770007 0.999676 0.999676 0.999676
8360 46.770007 46.770007 46.770007 0.999676 0.999676 0.999676
8370 46.770007 46.770007 46.770007 0.999676 0.999676 0.999676
8380 46.770007 46.770007 46.770007 0.999676 0.999676 0.999676
8390 46.770007 46.770007 46.770007 0.999676 0.999676 0.999676
8400 46.770007 46.770007 46.770007 0.999676 0.999676 0.999676
8410 46.770007 46.770007 46.770007 0.999676 0.999676 0.999676
8420 46.770007 46.770007 46.770007 0.999676 0.999676 0.999676
8430 46.770007 46.770007 46.770007 0.999676 0.999676 0.999676
8440 46.770007 46.770007 46.770007 0.999676 0.999676 0.999676
8450 46.770007 46.770007 46.770007 0.999676 0.999676 0.999676
8460 46.770007 46.770007 46.770007 0.999676 0.999676 0.999676
8470 46.770007 46.770007 46.770007 0.999676 0.999676 0.999676
8480 46.770007 46.770007 46.770007 0.999676 0.999676 0.999676
8490 46.770007 46.770007 46.770007 0.999676 0.999676 0.999676
8500 46.770007 46.770007 46.770007 0.999676 0.999676 0.999676
8510 46.770007 46.770007 46.770007 0.999676 0.999676 0.999676
8520 46.770007 46.770007 46.770007 0.999676 0.999676 0.999676
8530 46.770007 46.770007 46.770007 0.999676 0.999676 0.999676
8540 46.770007 46.770007 46.770007 0.999676 0.999676 0.999676
8550 46.770007 46.770007 46.770007 0.999676 0.999676 0.999676
8560 46.770007 46.770007 46.770007 0.999676 0.999676 0.999676
8570 46.770007 46.770007 46.770007 0.999676 0.999676 0.999676
8580 46.770007 46.770007 46.770007 0.999676 0.999676 0.999676
8590 46.770007 46.770007 46.770007 0.999676 0.999676 0.999676
8600 46.770007 46.770007 46.770007 0.999676 0.999676 0.999676
8610 46.770007 46.770007 46.770007 0.999676 0.999676 0.999676
8620 46.770007 46.770007 46.770007 0.999676 0.999676 0.999676
8630 46.770007 46.770007 46.770007 0.999676 0.999676 0.999676
8640 46.770007 46.770007 46.770007 0.999676 0.999676 0.999676
8650 46.770007 46.770007 46.770007 0.999676 0.999676 0.999676
8660 46.770007 46.770007 46.770007 0.999676 0.999676 0.999676
8670 46.770007 46.770007 46.770007 0.999676 0.999676 0.999676
8680 46.770007 46.770007 46.770007 0.999676 0.999676 0.999676
8690 46.770007 46.770007 46.770007 0.999676 0.999676 0.999676
8700 46.770007 46.770007 46.770007 0.999676 0.999676 0.999676
8710 46.770007 46.770007 46.770007 0.999676 0.999676 0.999676
8720 46.770007 46.770007 46.770007 0.999676 0.999676 0.999676
8730 46.770007 46.770007 46.770007 0.999676 0.999676 0.999676
8740 46.770007 46.770007 46.770007 0.999676 0.999676 0.999676
8750 46.770007 46.770007 46.770007 0.999676 0.999676 0.999676
8760 46.770007 46.770007 46.770007 0.999676 0.999676 0.999676
8770 46.770007 46.770007 46.770007 0.999676 0.999676 0.999676
8780 46.770007 46.770007 46.770007 0.999676 0.999676 0.999676
8790 46.770007 46.770007 46.770007 0.999676 0.999676 0.999676
8800 46.770007 46.770007 46.770007 0.999676 0.999676 0.999676
8810 46.770007 46.770007 46.770007 0.999676 0.999676 0.999676
8820 46.770007 46.770007 46.770007 0.999676 0.999676 0.999676
8830 46.770007 46.770007 46.770007 0.999676 0.999676 0.999676
8840 46.770007 46.770007 46.770007 0.999676 0.999676 0.999676
8850 46.770007 46.770007 46.770007 0.999676 0.999676 0.999676
8860 46.770007 46.770007 46.770007 0.999676 0.999676 0.999676
8870 46.770007 46.770007 46.770007 0.999676 0.999676 0.999676
8880 46.770007 46.770007 46.770007 0.999676 0.999676 0.999676
8890 46.770007 46.770007 46.770007 0.999676 0.999676 0.999676
8900 46.770007 46.770007 46.770007 0.999676 0.999676 0.999676
8910 46.770007 46.770007 46.770007 0.999676 0.999676 0.999676
8920 46.770007 46.770007 46.770007 0.999676 0.999676 0.999676
8930 46.770007 46.770007 46.770007 0.999676 0.999676 0.999676
8940 46.770007 46.770007 46.770007 0.999676 0.999676 0.999676
8950 46.770007 46.770007 46.770007 0.999676 0.999676 0.999676
8960 46.770007 46.770007 46.770007 0.999676 0.999676 0.999676
8970 46.770007 46.770007 46.770007 0.999676 0.999676 0.999676
8980 46.770007 46.770007 46.770007 0.999676 0.999676 0.999676
8990 46.770007 46.770007 46.770007 0.999676 0.999676 0.999676
9000 46.770007 46.770007 46.770007 0.999676 0.999676 0.999676
9010 46.770007 46.770007 46.770007 0.999676 0.999676 0.999676
9020 46.770007 46.770007 46.770007 0.999676 0.999676 0.999676
9030 46.770007 46.770007 46.770007 0.999676 0.999676 0.999676
9040 46.770007 46.770007 46.770007 0.999676 0.999676 0.999676
9050 46.770007 46.770007 46.770007 0.999676 0.999676 0.999676
9060 46.770007 46.770007 46.770007 0.999676 0.999676 0.999676
9070 46.770007 46.770007 46.770007 0.999676 0.999676 0.999676
9080 46.770007 46.770007 46.770007 0.999676 0.999676 0.999676
9090 46.770007 46.770007 46.770007 0.999676 0.999676 0.999676
9100 46.770007 46.770007 46.770007 0.999676 0.999676 0.999676
9110 46.770007 46.770007 46.770007 0.999676 0.999676 0.999676
9120 46.770007 46.770007 46.770007 0.999676 0.999676 0.999676
9130 46.770007 46.770007 46.770007 0.999676 0.999676 0.999676
9140 46.770007 46.770007 46.770007 0.999676 0.999676 0.999676
9150 46.770007 46.770007 46.770007 0.999676 0.999676 0.999676
9160 46.770007 46.770007 46.770007 0.999676 0.999676 0.999676
9170 46.770007 46.770007 46.770007 0.999676 0.999676 0.999676
9180 46.770007 46.770007 46.770007 0.999676 0.999676 0.999676
9190 46.770007 46.770007 46.770007 0.999676 0.999676 0.999676
9200 46.770007 46.770007 46.770007 0.999676 0.999676 0.999676
9210 46.770007 46.770007 46.770007 0.999676 0.999676 0.999676
9220 46.770007 46.770007 46.770007 0.999676 0.999676 0.999676
9230 46.770007 46.770007 46.770007 0.999676 0.999676 0.999676
9240 46.770007 46.770007 46.770007 0.999676 0.999676 0.999676
9250 46.770007 46.770007 46.770007 0.999676 0.999676 0.999676
9260 46.770007 46.770007 46.770007 0.999676 0.999676 0.999676
9270 46.770007 46.770007 46.770007 0.999676 0.999676 0.999676
9280 46.770007 46.770007 46.770007 0.999676 0.999676 0.999676
9290 46.770007 46.770007 46.770007 0.999676 0.999676 0.999676
9300 46.770007 46.770007 46.770007 0.999676 0.999676 0.999676
9310 46.770007 46.770007 46.770007 0.999676 0.999676 0.999676
9320 46.770007 46.770007 46.770007 0.999676 0.999676 0.999676
9330 46.770007 46.770007 46.770007 0.999676 0.999676 0.999676
9340 46.770007 46.770007 46.770007 0.999676 0.999676 0.999676
9350 46.770007 46.770007 46.770007 0.999676 0.999676 0.999676
9360 46.770007 46.770007 46.770007 0.999676 0.999676 0.999676
9370 46.770007 46.770007 46.770007 0.999676 0.999676 0.999676
9380 46.770007 46.770007 46.770007 0.999676 0.999676 0.999676
9390 46.770007 46.770007 46.770007 0.999676 0.999676 0.999676
9400 46.770007 46.770007 46.770007 0.999676 0.999676 0.999676
9410 46.770007 46.770007 46.770007 0.999676 0.999676 0.999676
9420 46.770007 46.770007 46.770007 0.999676 0.999676 0.999676
9430 46.770007 46.770007 46.770007 0.999676 0.999676 0.999676
9440 46.770007 46.770007 46.770007 0.999676 0.999676 0.999676
9450 46.770007 46.770007 46.770007 0.999676 0.999676 0.999676
9460 46.770007 46.770007 46.770007 0.999676 0.999676 0.999676
9470 46.770007 46.770007 46.770007 0.999676 0.999676 0.999676
9480 46.770007 46.770007 46.770007 0.999676 0.999676 0.999676
9490 46.770007 46.770007 46.770007 0.999676 0.999676 0.999676
9500 46.770007 46.770007 46.770007 0.999676 0.999676 0.999676
9510 46.770007 46.770007 46.770007 0.999676 0.999676 0.999676
9520 46.770007 46.770007 46.770007 0.999676 0.999676 0.999676
9530 46.770007 46.770007 46.770007 0.999676 0.999676 0.999676
9540 46.770007 46.770007 46.770007 0.999676 0.999676 0.999676
9550 46.770007 46.770007 46.770007 0.999676 0.999676 0.999676
9560 46.770007 46.770007 46.770007 0.999676 0.999676 0.999676
9570 46.770007 46.770007 46.770007 0.999676 0.999676 0.999676
9580 46.770007 46.770007 46.770007 0.999676 0.999676 0.999676
9590 46.770007 46.770007 46.770007 0.999676 0.999676 0.999676
9600 46.770007 46.770007 46.770007 0.999676 0.999676 0.999676
9610 46.770007 46.770007 46.770007 0.999676 0.999676 0.999676
9620 46.770007 46.770007 46.770007 0.999676 0.999676 0.999676
9630 46.770007 46.770007 46.770007 0.999676 0.999676 0.999676
9640 46.770007 46.770007 46.770007 0.999676 0.999676 0.999676
9650 46.770007 46.770007 46.770007 0.999676 0.999676 0.999676
9660 46.770007 46.770007 46.770007 0.999676 0.999676 0.999676
9670 46.770007 46.770007 46.770007 0.999676 0.999676 0.999676
9680 46.770007 46.770007 46.770007 0.999676 0.999676 0.999676
9690 46.770007 46.770007 46.770007 0.999676 0.999676 0.999676
9700 46.770007 46.770007 46.770007 0.999676 0.999676 0.999676
9710 46.770007 46.770007 46.770007 0.999676 0.999676 0.999676
9720 46.770007 46.770007 46.770007 0.999676 0.999676 0.999676
9730 46.770007 46.770007 46.770007 0.999676 0.999676 0.999676
9740 46.770007 46.770007 46.770007 0.999676 0.999676 0.999676
9750 46.770007 46.770007 46.770007 0.999676 0.999676 0.999676
9760 46.770007 46.770007 46.770007 0.999676 0.999676 0.999676
9770 46.770007 46.770007 46.770007 0.999676 0.999676 0.999676
9780 46.770007 46.770007 46.770007 0.999676 0.999676 0.999676
9790 46.770007 46.770007 46.770007 0.999676 0.999676 0.999676
9800 46.770007 46.770007 46.770007 0.999676 0.999676 0.999676
9810 46.770007 46.770007 46.770007 0.999676 0.999676 0.999676
9820 46.770007 46.770007 46.770007 0.999676 0.999676 0.999676
9830 46.770007 46.770007 46.770007 0.999676 0.999676 0.999676
9840 46.770007 46.770007 46.770007 0.999676 0.999676 0.999676
9850 46.770007 46.770007 46.770007 0.999676 0.999676 0.999676
9860 46.770007 46.770007 46.770007 0.999676 0.999676 0.999676
9870 46.770007 46.770007 46.770007 0.999676 0.999676 0.999676
9880 46.770007 46.770007 46.770007 0.999676 0.999676 0.999676
9890 46.770007 46.770007 46.770007 0.999676 0.999676 0.999676
9900 46.770007 46.770007 46.770007 0.999676 0.999676 0.999676
9910 46.770007 46.770007 46.770007 0.999676 0.999676 0.999676
9920 46.770007 46.770007 46.770007 0.999676 0.999676 0.999676
9930 46.770007 46.770007 46.770007 0.999676 0.999676 0.999676
9940 46.770007 46.770007 46.770007 0.999676 0.999676 0.999676
9950 46.770007 46.770007 46.770007 0.999676 0.999676 0.999676
9960 46.770007 46.770007 46.770007 0.999676 0.999676 0.999676
9970 46.770007 46.770007 46.770007 0.999676 0.999676 0.999676
9980 46.770007 46.770007 46.770007 0.999676 0.999676 0.999676
9990 46.770007 46.770007 46.770007 0.999676 0.999676 0.999676
10000 46.770007 46.770007 46.770007 0.999676 0.999676 0.999676
