# generation power_min power_avg power_max util_min util_avg util_max
1 25.670729 29.767218 35.408224 0.380211 0.490725 0.618184
10 24.216126 29.124684 32.589693 0.380211 0.476654 0.557188
20 24.216126 28.605809 31.145881 0.366269 0.465814 0.549264
30 24.216126 28.192418 30.535553 0.366269 0.457437 0.530114
40 23.928681 27.688632 30.149179 0.366269 0.446868 0.518432
50 21.533813 27.162730 29.753038 0.324785 0.435987 0.507097
60 21.533813 26.590728 29.470978 0.324785 0.423717 0.497735
70 21.248925 26.083749 29.080647 0.322361 0.413820 0.497735
80 21.248925 25.575676 28.449873 0.322361 0.403302 0.481717
90 20.562197 25.105410 28.067067 0.281878 0.393292 0.474865
100 20.562197 24.638335 27.228299 0.281878 0.383004 0.449364
110 19.869386 24.260856 26.399315 0.281878 0.375067 0.442984
120 19.869386 23.815689 25.891464 0.281878 0.366504 0.426687
130 19.869386 23.404497 25.670729 0.272230 0.357968 0.418926
140 19.869386 22.992579 25.135345 0.272230 0.349583 0.413355
150 19.852422 22.591973 24.868167 0.272230 0.340360 0.400710
160 18.453896 22.085247 24.486869 0.266098 0.330018 0.390455
170 18.453896 21.681644 24.165420 0.259907 0.322103 0.388789
180 18.115011 21.203302 23.557846 0.251894 0.311816 0.379723
190 17.863732 20.857485 23.006079 0.246060 0.303992 0.369708
200 17.736430 20.454040 22.577198 0.240981 0.295493 0.350214
210 17.736430 20.094535 22.209687 0.240981 0.288410 0.344141
220 17.660233 19.739844 21.908096 0.240981 0.282013 0.344141
230 17.660233 19.405625 21.248925 0.240981 0.275600 0.322361
240 17.118686 19.082020 20.674552 0.236707 0.269711 0.310509
250 17.118686 18.886831 20.322537 0.236707 0.267523 0.310509
260 17.118686 18.694580 20.000637 0.236707 0.264985 0.304377
270 17.013090 18.504851 19.554459 0.236707 0.262236 0.286818
280 17.013090 18.349679 19.241268 0.236707 0.260091 0.286818
290 17.013090 18.176386 19.123443 0.236659 0.257450 0.277550
300 17.013090 18.020212 18.865739 0.232363 0.254974 0.275990
310 14.668297 17.791460 18.670492 0.180144 0.250436 0.275990
320 14.668297 17.596323 18.439976 0.180144 0.246430 0.267484
330 14.668297 17.447786 18.326118 0.180144 0.243761 0.267303
340 14.430025 17.243654 18.206654 0.180144 0.239390 0.265107
350 14.430025 17.079057 18.115011 0.172115 0.235744 0.261254
360 14.430025 16.910738 17.959481 0.172115 0.232419 0.261254
370 14.283989 16.679273 17.765983 0.172115 0.227759 0.261254
380 14.283989 16.467768 17.632850 0.172115 0.223444 0.252603
390 14.062784 16.267490 17.346770 0.172115 0.219618 0.252603
400 13.944211 16.080526 17.203930 0.172115 0.215873 0.252603
410 13.944211 15.858034 17.098088 0.172115 0.210843 0.245147
420 13.944211 15.607491 17.013090 0.166720 0.205010 0.245147
430 13.944211 15.363670 16.884545 0.166720 0.199034 0.244658
440 13.944211 15.116410 16.772901 0.166720 0.193979 0.241119
450 13.944211 14.886089 16.481563 0.166720 0.188532 0.231992
460 13.944211 14.670589 16.019882 0.166720 0.183773 0.223165
470 13.732757 14.504235 15.466253 0.166720 0.180674 0.213109
480 13.732757 14.394017 15.020504 0.166720 0.178581 0.201964
490 13.677915 14.300973 14.668297 0.166720 0.177772 0.196499
500 13.677915 14.231355 14.668297 0.166720 0.177362 0.196499
510 13.581332 14.148968 14.558896 0.166720 0.177251 0.196499
520 13.581332 14.079972 14.444394 0.166720 0.176815 0.196499
530 13.581332 14.008634 14.430025 0.166720 0.176632 0.196499
540 13.581332 13.947944 14.296247 0.166720 0.176060 0.186073
550 13.581332 13.891074 14.214150 0.168774 0.176325 0.186073
560 13.491204 13.837636 14.117065 0.168774 0.176120 0.186073
570 13.491204 13.793421 14.089527 0.168774 0.176200 0.186073
580 13.491204 13.750860 14.060085 0.170016 0.175866 0.185905
590 13.491204 13.708769 14.007087 0.170016 0.175040 0.185905
600 13.471928 13.672107 13.882297 0.173364 0.174760 0.176799
610 13.458627 13.647699 13.732757 0.173364 0.174873 0.176799
620 13.458627 13.633437 13.732757 0.173364 0.175084 0.176799
630 13.458627 13.623223 13.682347 0.173364 0.175261 0.176799
640 13.458627 13.607116 13.677915 0.173364 0.175311 0.176799
650 13.458627 13.596056 13.677915 0.173364 0.175368 0.176799
660 13.458627 13.582471 13.677915 0.173364 0.175406 0.176799
670 13.458627 13.568274 13.677915 0.173364 0.175443 0.176799
680 13.458627 13.550011 13.677915 0.173364 0.175481 0.176799
690 13.428385 13.532476 13.600286 0.174907 0.175474 0.176799
700 13.408699 13.520949 13.581332 0.174907 0.175304 0.176799
710 13.309452 13.506239 13.568513 0.174907 0.175209 0.176799
720 13.309452 13.493052 13.568511 0.174907 0.175266 0.176799
730 13.309452 13.479793 13.568511 0.174907 0.175342 0.176799
740 13.289766 13.464238 13.568511 0.174907 0.175342 0.176799
750 13.289766 13.452133 13.518516 0.174907 0.175247 0.176799
760 13.289766 13.437535 13.518103 0.174907 0.175247 0.176799
770 13.289766 13.424519 13.491204 0.174907 0.175171 0.176799
780 13.289766 13.415280 13.462400 0.174907 0.174982 0.176799
790 13.200927 13.401832 13.458627 0.174907 0.174963 0.176799
800 13.200051 13.385447 13.458627 0.174907 0.174963 0.176799
810 13.200051 13.370357 13.458627 0.174907 0.174963 0.176799
820 13.200051 13.355740 13.429264 0.174907 0.174944 0.176799
830 13.200051 13.343873 13.429264 0.174907 0.174944 0.176799
840 13.200051 13.328297 13.419443 0.174907 0.174963 0.176799
850 13.200051 13.314104 13.408699 0.174907 0.174963 0.176799
860 13.200051 13.300416 13.408699 0.174907 0.174963 0.176799
870 13.200051 13.290519 13.339695 0.174907 0.174925 0.176799
880 13.200051 13.280143 13.339695 0.174907 0.174925 0.176799
890 13.200051 13.270958 13.318983 0.174907 0.174925 0.176799
900 13.200051 13.265210 13.309452 0.174907 0.174925 0.176799
910 13.200051 13.259192 13.289766 0.174907 0.174925 0.176799
920 13.200051 13.254707 13.289766 0.174907 0.174925 0.176799
930 13.200051 13.247450 13.289766 0.174907 0.174944 0.176799
940 13.200051 13.239296 13.289766 0.174907 0.174963 0.176799
950 13.200051 13.230325 13.289766 0.174907 0.174963 0.176799
960 13.200051 13.221353 13.289766 0.174907 0.174963 0.176799
970 13.200051 13.212381 13.289766 0.174907 0.174963 0.176799
980 13.200051 13.203410 13.289766 0.174907 0.174963 0.176799
990 13.200051 13.200051 13.200051 0.174907 0.174907 0.174907
1000 13.200051 13.200051 13.200051 0.174907 0.174907 0.174907
1010 13.200051 13.200051 13.200051 0.174907 0.174907 0.174907
1020 13.200051 13.200051 13.200051 0.174907 0.174907 0.174907
1030 13.200051 13.200051 13.200051 0.174907 0.174907 0.174907
1040 13.200051 13.200051 13.200051 0.174907 0.174907 0.174907
1050 13.200051 13.200051 13.200051 0.174907 0.174907 0.174907
1060 13.200051 13.200051 13.200051 0.174907 0.174907 0.174907
1070 13.200051 13.200051 13.200051 0.174907 0.174907 0.174907
1080 13.200051 13.200051 13.200051 0.174907 0.174907 0.174907
1090 13.200051 13.200051 13.200051 0.174907 0.174907 0.174907
1100 13.200051 13.200051 13.200051 0.174907 0.174907 0.174907
1110 13.200051 13.200051 13.200051 0.174907 0.174907 0.174907
1120 13.200051 13.200051 13.200051 0.174907 0.174907 0.174907
1130 13.200051 13.200051 13.200051 0.174907 0.174907 0.174907
1140 13.200051 13.200051 13.200051 0.174907 0.174907 0.174907
1150 13.200051 13.200051 13.200051 0.174907 0.174907 0.174907
1160 13.200051 13.200051 13.200051 0.174907 0.174907 0.174907
1170 13.200051 13.200051 13.200051 0.174907 0.174907 0.174907
1180 13.200051 13.200051 13.200051 0.174907 0.174907 0.174907
1190 13.200051 13.200051 13.200051 0.174907 0.174907 0.174907
1200 13.200051 13.200051 13.200051 0.174907 0.174907 0.174907
1210 13.200051 13.200051 13.200051 0.174907 0.174907 0.174907
1220 13.200051 13.200051 13.200051 0.174907 0.174907 0.174907
1230 13.200051 13.200051 13.200051 0.174907 0.174907 0.174907
1240 13.200051 13.200051 13.200051 0.174907 0.174907 0.174907
1250 13.200051 13.200051 13.200051 0.174907 0.174907 0.174907
1260 13.200051 13.200051 13.200051 0.174907 0.174907 0.174907
1270 13.200051 13.200051 13.200051 0.174907 0.174907 0.174907
1280 13.200051 13.200051 13.200051 0.174907 0.174907 0.174907
1290 13.200051 13.200051 13.200051 0.174907 0.174907 0.174907
1300 13.200051 13.200051 13.200051 0.174907 0.174907 0.174907
1310 13.200051 13.200051 13.200051 0.174907 0.174907 0.174907
1320 13.200051 13.200051 13.200051 0.174907 0.174907 0.174907
1330 13.200051 13.200051 13.200051 0.174907 0.174907 0.174907
1340 13.200051 13.200051 13.200051 0.174907 0.174907 0.174907
1350 13.200051 13.200051 13.200051 0.174907 0.174907 0.174907
1360 13.200051 13.200051 13.200051 0.174907 0.174907 0.174907
1370 13.200051 13.200051 13.200051 0.174907 0.174907 0.174907
1380 13.200051 13.200051 13.200051 0.174907 0.174907 0.174907
1390 13.200051 13.200051 13.200051 0.174907 0.174907 0.174907
1400 13.200051 13.200051 13.200051 0.174907 0.174907 0.174907
1410 13.200051 13.200051 13.200051 0.174907 0.174907 0.174907
1420 13.200051 13.200051 13.200051 0.174907 0.174907 0.174907
1430 13.200051 13.200051 13.200051 0.174907 0.174907 0.174907
1440 13.200051 13.200051 13.200051 0.174907 0.174907 0.174907
1450 13.200051 13.200051 13.200051 0.174907 0.174907 0.174907
1460 13.200051 13.200051 13.200051 0.174907 0.174907 0.174907
1470 13.200051 13.200051 13.200051 0.174907 0.174907 0.174907
1480 13.200051 13.200051 13.200051 0.174907 0.174907 0.174907
1490 13.200051 13.200051 13.200051 0.174907 0.174907 0.174907
1500 13.200051 13.200051 13.200051 0.174907 0.174907 0.174907
1510 13.200051 13.200051 13.200051 0.174907 0.174907 0.174907
1520 13.200051 13.200051 13.200051 0.174907 0.174907 0.174907
1530 13.200051 13.200051 13.200051 0.174907 0.174907 0.174907
1540 13.200051 13.200051 13.200051 0.174907 0.174907 0.174907
1550 13.200051 13.200051 13.200051 0.174907 0.174907 0.174907
1560 13.200051 13.200051 13.200051 0.174907 0.174907 0.174907
1570 13.200051 13.200051 13.200051 0.174907 0.174907 0.174907
1580 13.200051 13.200051 13.200051 0.174907 0.174907 0.174907
1590 13.200051 13.200051 13.200051 0.174907 0.174907 0.174907
1600 13.200051 13.200051 13.200051 0.174907 0.174907 0.174907
1610 13.200051 13.200051 13.200051 0.174907 0.174907 0.174907
1620 13.200051 13.200051 13.200051 0.174907 0.174907 0.174907
1630 13.200051 13.200051 13.200051 0.174907 0.174907 0.174907
1640 13.200051 13.200051 13.200051 0.174907 0.174907 0.174907
1650 13.200051 13.200051 13.200051 0.174907 0.174907 0.174907
1660 13.200051 13.200051 13.200051 0.174907 0.174907 0.174907
1670 13.200051 13.200051 13.200051 0.174907 0.174907 0.174907
1680 13.200051 13.200051 13.200051 0.174907 0.174907 0.174907
1690 13.200051 13.200051 13.200051 0.174907 0.174907 0.174907
1700 13.200051 13.200051 13.200051 0.174907 0.174907 0.174907
1710 13.200051 13.200051 13.200051 0.174907 0.174907 0.174907
1720 13.200051 13.200051 13.200051 0.174907 0.174907 0.174907
1730 13.200051 13.200051 13.200051 0.174907 0.174907 0.174907
1740 13.200051 13.200051 13.200051 0.174907 0.174907 0.174907
1750 13.200051 13.200051 13.200051 0.174907 0.174907 0.174907
1760 13.200051 13.200051 13.200051 0.174907 0.174907 0.174907
1770 13.200051 13.200051 13.200051 0.174907 0.174907 0.174907
1780 13.200051 13.200051 13.200051 0.174907 0.174907 0.174907
1790 13.200051 13.200051 13.200051 0.174907 0.174907 0.174907
1800 13.200051 13.200051 13.200051 0.174907 0.174907 0.174907
1810 13.200051 13.200051 13.200051 0.174907 0.174907 0.174907
1820 13.200051 13.200051 13.200051 0.174907 0.174907 0.174907
1830 13.200051 13.200051 13.200051 0.174907 0.174907 0.174907
1840 13.200051 13.200051 13.200051 0.174907 0.174907 0.174907
1850 13.200051 13.200051 13.200051 0.174907 0.174907 0.174907
1860 13.200051 13.200051 13.200051 0.174907 0.174907 0.174907
1870 13.200051 13.200051 13.200051 0.174907 0.174907 0.174907
1880 13.200051 13.200051 13.200051 0.174907 0.174907 0.174907
1890 13.200051 13.200051 13.200051 0.174907 0.174907 0.174907
1900 13.200051 13.200051 13.200051 0.174907 0.174907 0.174907
1910 13.200051 13.200051 13.200051 0.174907 0.174907 0.174907
1920 13.200051 13.200051 13.200051 0.174907 0.174907 0.174907
1930 13.200051 13.200051 13.200051 0.174907 0.174907 0.174907
1940 13.200051 13.200051 13.200051 0.174907 0.174907 0.174907
1950 13.200051 13.200051 13.200051 0.174907 0.174907 0.174907
1960 13.200051 13.200051 13.200051 0.174907 0.174907 0.174907
1970 13.200051 13.200051 13.200051 0.174907 0.174907 0.174907
1980 13.200051 13.200051 13.200051 0.174907 0.174907 0.174907
1990 13.200051 13.200051 13.200051 0.174907 0.174907 0.174907
2000 13.200051 13.200051 13.200051 0.174907 0.174907 0.174907
2010 13.200051 13.200051 13.200051 0.174907 0.174907 0.174907
2020 13.200051 13.200051 13.200051 0.174907 0.174907 0.174907
2030 13.200051 13.200051 13.200051 0.174907 0.174907 0.174907
2040 13.200051 13.200051 13.200051 0.174907 0.174907 0.174907
2050 13.200051 13.200051 13.200051 0.174907 0.174907 0.174907
2060 13.200051 13.200051 13.200051 0.174907 0.174907 0.174907
2070 13.200051 13.200051 13.200051 0.174907 0.174907 0.174907
2080 13.200051 13.200051 13.200051 0.174907 0.174907 0.174907
2090 13.200051 13.200051 13.200051 0.174907 0.174907 0.174907
2100 13.200051 13.200051 13.200051 0.174907 0.174907 0.174907
2110 13.200051 13.200051 13.200051 0.174907 0.174907 0.174907
2120 13.200051 13.200051 13.200051 0.174907 0.174907 0.174907
2130 13.200051 13.200051 13.200051 0.174907 0.174907 0.174907
2140 13.200051 13.200051 13.200051 0.174907 0.174907 0.174907
2150 13.200051 13.200051 13.200051 0.174907 0.174907 0.174907
2160 13.200051 13.200051 13.200051 0.174907 0.174907 0.174907
2170 13.200051 13.200051 13.200051 0.174907 0.174907 0.174907
2180 13.200051 13.200051 13.200051 0.174907 0.174907 0.174907
2190 13.200051 13.200051 13.200051 0.174907 0.174907 0.174907
2200 13.200051 13.200051 13.200051 0.174907 0.174907 0.174907
2210 13.200051 13.200051 13.200051 0.174907 0.174907 0.174907
2220 13.200051 13.200051 13.200051 0.174907 0.174907 0.174907
2230 13.200051 13.200051 13.200051 0.174907 0.174907 0.174907
2240 13.200051 13.200051 13.200051 0.174907 0.174907 0.174907
2250 13.200051 13.200051 13.200051 0.174907 0.174907 0.174907
2260 13.200051 13.200051 13.200051 0.174907 0.174907 0.174907
2270 13.200051 13.200051 13.200051 0.174907 0.174907 0.174907
2280 13.200051 13.200051 13.200051 0.174907 0.174907 0.174907
2290 13.200051 13.200051 13.200051 0.174907 0.174907 0.174907
2300 13.200051 13.200051 13.200051 0.174907 0.174907 0.174907
2310 13.200051 13.200051 13.200051 0.174907 0.174907 0.174907
2320 13.200051 13.200051 13.200051 0.174907 0.174907 0.174907
2330 13.200051 13.200051 13.200051 0.174907 0.174907 0.174907
2340 13.200051 13.200051 13.200051 0.174907 0.174907 0.174907
2350 13.200051 13.200051 13.200051 0.174907 0.174907 0.174907
2360 13.200051 13.200051 13.200051 0.174907 0.174907 0.174907
2370 13.200051 13.200051 13.200051 0.174907 0.174907 0.174907
2380 13.200051 13.200051 13.200051 0.174907 0.174907 0.174907
2390 13.200051 13.200051 13.200051 0.174907 0.174907 0.174907
2400 13.200051 13.200051 13.200051 0.174907 0.174907 0.174907
2410 13.200051 13.200051 13.200051 0.174907 0.174907 0.174907
2420 13.200051 13.200051 13.200051 0.174907 0.174907 0.174907
2430 13.200051 13.200051 13.200051 0.174907 0.174907 0.174907
2440 13.200051 13.200051 13.200051 0.174907 0.174907 0.174907
2450 13.200051 13.200051 13.200051 0.174907 0.174907 0.174907
2460 13.200051 13.200051 13.200051 0.174907 0.174907 0.174907
2470 13.200051 13.200051 13.200051 0.174907 0.174907 0.174907
2480 13.200051 13.200051 13.200051 0.174907 0.174907 0.174907
2490 13.200051 13.200051 13.200051 0.174907 0.174907 0.174907
2500 13.200051 13.200051 13.200051 0.174907 0.174907 0.174907
2510 13.200051 13.200051 13.200051 0.174907 0.174907 0.174907
2520 13.200051 13.200051 13.200051 0.174907 0.174907 0.174907
2530 13.200051 13.200051 13.200051 0.174907 0.174907 0.174907
2540 13.200051 13.200051 13.200051 0.174907 0.174907 0.174907
2550 13.200051 13.200051 13.200051 0.174907 0.174907 0.174907
2560 13.200051 13.200051 13.200051 0.174907 0.174907 0.174907
2570 13.200051 13.200051 13.200051 0.174907 0.174907 0.174907
2580 13.200051 13.200051 13.200051 0.174907 0.174907 0.174907
2590 13.200051 13.200051 13.200051 0.174907 0.174907 0.174907
2600 13.200051 13.200051 13.200051 0.174907 0.174907 0.174907
2610 13.200051 13.200051 13.200051 0.174907 0.174907 0.174907
2620 13.200051 13.200051 13.200051 0.174907 0.174907 0.174907
2630 13.200051 13.200051 13.200051 0.174907 0.174907 0.174907
2640 13.200051 13.200051 13.200051 0.174907 0.174907 0.174907
2650 13.200051 13.200051 13.200051 0.174907 0.174907 0.174907
2660 13.200051 13.200051 13.200051 0.174907 0.174907 0.174907
2670 13.200051 13.200051 13.200051 0.174907 0.174907 0.174907
2680 13.200051 13.200051 13.200051 0.174907 0.174907 0.174907
2690 13.200051 13.200051 13.200051 0.174907 0.174907 0.174907
2700 13.200051 13.200051 13.200051 0.174907 0.174907 0.174907
2710 13.200051 13.200051 13.200051 0.174907 0.174907 0.174907
2720 13.200051 13.200051 13.200051 0.174907 0.174907 0.174907
2730 13.200051 13.200051 13.200051 0.174907 0.174907 0.174907
2740 13.200051 13.200051 13.200051 0.174907 0.174907 0.174907
2750 13.200051 13.200051 13.200051 0.174907 0.174907 0.174907
2760 13.200051 13.200051 13.200051 0.174907 0.174907 0.174907
2770 13.200051 13.200051 13.200051 0.174907 0.174907 0.174907
2780 13.200051 13.200051 13.200051 0.174907 0.174907 0.174907
2790 13.200051 13.200051 13.200051 0.174907 0.174907 0.174907
2800 13.200051 13.200051 13.200051 0.174907 0.174907 0.174907
2810 13.200051 13.200051 13.200051 0.174907 0.174907 0.174907
2820 13.200051 13.200051 13.200051 0.174907 0.174907 0.174907
2830 13.200051 13.200051 13.200051 0.174907 0.174907 0.174907
2840 13.200051 13.200051 13.200051 0.174907 0.174907 0.174907
2850 13.200051 13.200051 13.200051 0.174907 0.174907 0.174907
2860 13.200051 13.200051 13.200051 0.174907 0.174907 0.174907
2870 13.200051 13.200051 13.200051 0.174907 0.174907 0.174907
2880 13.200051 13.200051 13.200051 0.174907 0.174907 0.174907
2890 13.200051 13.200051 13.200051 0.174907 0.174907 0.174907
2900 13.200051 13.200051 13.200051 0.174907 0.174907 0.174907
2910 13.200051 13.200051 13.200051 0.174907 0.174907 0.174907
2920 13.200051 13.200051 13.200051 0.174907 0.174907 0.174907
2930 13.200051 13.200051 13.200051 0.174907 0.174907 0.174907
2940 13.200051 13.200051 13.200051 0.174907 0.174907 0.174907
2950 13.200051 13.200051 13.200051 0.174907 0.174907 0.174907
2960 13.200051 13.200051 13.200051 0.174907 0.174907 0.174907
2970 13.200051 13.200051 13.200051 0.174907 0.174907 0.174907
2980 13.200051 13.200051 13.200051 0.174907 0.174907 0.174907
2990 13.200051 13.200051 13.200051 0.174907 0.174907 0.174907
3000 13.200051 13.200051 13.200051 0.174907 0.174907 0.174907
3010 13.200051 13.200051 13.200051 0.174907 0.174907 0.174907
3020 13.200051 13.200051 13.200051 0.174907 0.174907 0.174907
3030 13.200051 13.200051 13.200051 0.174907 0.174907 0.174907
3040 13.200051 13.200051 13.200051 0.174907 0.174907 0.174907
3050 13.200051 13.200051 13.200051 0.174907 0.174907 0.174907
3060 13.200051 13.200051 13.200051 0.174907 0.174907 0.174907
3070 13.200051 13.200051 13.200051 0.174907 0.174907 0.174907
3080 13.200051 13.200051 13.200051 0.174907 0.174907 0.174907
3090 13.200051 13.200051 13.200051 0.174907 0.174907 0.174907
3100 13.200051 13.200051 13.200051 0.174907 0.174907 0.174907
3110 13.200051 13.200051 13.200051 0.174907 0.174907 0.174907
3120 13.200051 13.200051 13.200051 0.174907 0.174907 0.174907
3130 13.200051 13.200051 13.200051 0.174907 0.174907 0.174907
3140 13.200051 13.200051 13.200051 0.174907 0.174907 0.174907
3150 13.200051 13.200051 13.200051 0.174907 0.174907 0.174907
3160 13.200051 13.200051 13.200051 0.174907 0.174907 0.174907
3170 13.200051 13.200051 13.200051 0.174907 0.174907 0.174907
3180 13.200051 13.200051 13.200051 0.174907 0.174907 0.174907
3190 13.200051 13.200051 13.200051 0.174907 0.174907 0.174907
3200 13.200051 13.200051 13.200051 0.174907 0.174907 0.174907
3210 13.200051 13.200051 13.200051 0.174907 0.174907 0.174907
3220 13.200051 13.200051 13.200051 0.174907 0.174907 0.174907
3230 13.200051 13.200051 13.200051 0.174907 0.174907 0.174907
3240 13.200051 13.200051 13.200051 0.174907 0.174907 0.174907
3250 13.200051 13.200051 13.200051 0.174907 0.174907 0.174907
3260 13.200051 13.200051 13.200051 0.174907 0.174907 0.174907
3270 13.200051 13.200051 13.200051 0.174907 0.174907 0.174907
3280 13.200051 13.200051 13.200051 0.174907 0.174907 0.174907
3290 13.200051 13.200051 13.200051 0.174907 0.174907 0.174907
3300 13.200051 13.200051 13.200051 0.174907 0.174907 0.174907
3310 13.200051 13.200051 13.200051 0.174907 0.174907 0.174907
3320 13.200051 13.200051 13.200051 0.174907 0.174907 0.174907
3330 13.200051 13.200051 13.200051 0.174907 0.174907 0.174907
3340 13.200051 13.200051 13.200051 0.174907 0.174907 0.174907
3350 13.200051 13.200051 13.200051 0.174907 0.174907 0.174907
3360 13.200051 13.200051 13.200051 0.174907 0.174907 0.174907
3370 13.200051 13.200051 13.200051 0.174907 0.174907 0.174907
3380 13.200051 13.200051 13.200051 0.174907 0.174907 0.174907
3390 13.200051 13.200051 13.200051 0.174907 0.174907 0.174907
3400 13.200051 13.200051 13.200051 0.174907 0.174907 0.174907
3410 13.200051 13.200051 13.200051 0.174907 0.174907 0.174907
3420 13.200051 13.200051 13.200051 0.174907 0.174907 0.174907
3430 13.200051 13.200051 13.200051 0.174907 0.174907 0.174907
3440 13.200051 13.200051 13.200051 0.174907 0.174907 0.174907
3450 13.200051 13.200051 13.200051 0.174907 0.174907 0.174907
3460 13.200051 13.200051 13.200051 0.174907 0.174907 0.174907
3470 13.200051 13.200051 13.200051 0.174907 0.174907 0.174907
3480 13.200051 13.200051 13.200051 0.174907 0.174907 0.174907
3490 13.200051 13.200051 13.200051 0.174907 0.174907 0.174907
3500 13.200051 13.200051 13.200051 0.174907 0.174907 0.174907
3510 13.200051 13.200051 13.200051 0.174907 0.174907 0.174907
3520 13.200051 13.200051 13.200051 0.174907 0.174907 0.174907
3530 13.200051 13.200051 13.200051 0.174907 0.174907 0.174907
3540 13.200051 13.200051 13.200051 0.174907 0.174907 0.174907
3550 13.200051 13.200051 13.200051 0.174907 0.174907 0.174907
3560 13.200051 13.200051 13.200051 0.174907 0.174907 0.174907
3570 13.200051 13.200051 13.200051 0.174907 0.174907 0.174907
3580 13.200051 13.200051 13.200051 0.174907 0.174907 0.174907
3590 13.200051 13.200051 13.200051 0.174907 0.174907 0.174907
3600 13.200051 13.200051 13.200051 0.174907 0.174907 0.174907
3610 13.200051 13.200051 13.200051 0.174907 0.174907 0.174907
3620 13.200051 13.200051 13.200051 0.174907 0.174907 0.174907
3630 13.200051 13.200051 13.200051 0.174907 0.174907 0.174907
3640 13.200051 13.200051 13.200051 0.174907 0.174907 0.174907
3650 13.200051 13.200051 13.200051 0.174907 0.174907 0.174907
3660 13.200051 13.200051 13.200051 0.174907 0.174907 0.174907
3670 13.200051 13.200051 13.200051 0.174907 0.174907 0.174907
3680 13.200051 13.200051 13.200051 0.174907 0.174907 0.174907
3690 13.200051 13.200051 13.200051 0.174907 0.174907 0.174907
3700 13.200051 13.200051 13.200051 0.174907 0.174907 0.174907
3710 13.200051 13.200051 13.200051 0.174907 0.174907 0.174907
3720 13.200051 13.200051 13.200051 0.174907 0.174907 0.174907
3730 13.200051 13.200051 13.200051 0.174907 0.174907 0.174907
3740 13.200051 13.200051 13.200051 0.174907 0.174907 0.174907
3750 13.200051 13.200051 13.200051 0.174907 0.174907 0.174907
3760 13.200051 13.200051 13.200051 0.174907 0.174907 0.174907
3770 13.200051 13.200051 13.200051 0.174907 0.174907 0.174907
3780 13.200051 13.200051 13.200051 0.174907 0.174907 0.174907
3790 13.200051 13.200051 13.200051 0.174907 0.174907 0.174907
3800 13.200051 13.200051 13.200051 0.174907 0.174907 0.174907
3810 13.200051 13.200051 13.200051 0.174907 0.174907 0.174907
3820 13.200051 13.200051 13.200051 0.174907 0.174907 0.174907
3830 13.200051 13.200051 13.200051 0.174907 0.174907 0.174907
3840 13.200051 13.200051 13.200051 0.174907 0.174907 0.174907
3850 13.200051 13.200051 13.200051 0.174907 0.174907 0.174907
3860 13.200051 13.200051 13.200051 0.174907 0.174907 0.174907
3870 13.200051 13.200051 13.200051 0.174907 0.174907 0.174907
3880 13.200051 13.200051 13.200051 0.174907 0.174907 0.174907
3890 13.200051 13.200051 13.200051 0.174907 0.174907 0.174907
3900 13.200051 13.200051 13.200051 0.174907 0.174907 0.174907
3910 13.200051 13.200051 13.200051 0.174907 0.174907 0.174907
3920 13.200051 13.200051 13.200051 0.174907 0.174907 0.174907
3930 13.200051 13.200051 13.200051 0.174907 0.174907 0.174907
3940 13.200051 13.200051 13.200051 0.174907 0.174907 0.174907
3950 13.200051 13.200051 13.200051 0.174907 0.174907 0.174907
3960 13.200051 13.200051 13.200051 0.174907 0.174907 0.174907
3970 13.200051 13.200051 13.200051 0.174907 0.174907 0.174907
3980 13.200051 13.200051 13.200051 0.174907 0.174907 0.174907
3990 13.200051 13.200051 13.200051 0.174907 0.174907 0.174907
4000 13.200051 13.200051 13.200051 0.174907 0.174907 0.174907
4010 13.200051 13.200051 13.200051 0.174907 0.174907 0.174907
4020 13.200051 13.200051 13.200051 0.174907 0.174907 0.174907
4030 13.200051 13.200051 13.200051 0.174907 0.174907 0.174907
4040 13.200051 13.200051 13.200051 0.174907 0.174907 0.174907
4050 13.200051 13.200051 13.200051 0.174907 0.174907 0.174907
4060 13.200051 13.200051 13.200051 0.174907 0.174907 0.174907
4070 13.200051 13.200051 13.200051 0.174907 0.174907 0.174907
4080 13.200051 13.200051 13.200051 0.174907 0.174907 0.174907
4090 13.200051 13.200051 13.200051 0.174907 0.174907 0.174907
4100 13.200051 13.200051 13.200051 0.174907 0.174907 0.174907
4110 13.200051 13.200051 13.200051 0.174907 0.174907 0.174907
4120 13.200051 13.200051 13.200051 0.174907 0.174907 0.174907
4130 13.200051 13.200051 13.200051 0.174907 0.174907 0.174907
4140 13.200051 13.200051 13.200051 0.174907 0.174907 0.174907
4150 13.200051 13.200051 13.200051 0.174907 0.174907 0.174907
4160 13.200051 13.200051 13.200051 0.174907 0.174907 0.174907
4170 13.200051 13.200051 13.200051 0.174907 0.174907 0.174907
4180 13.200051 13.200051 13.200051 0.174907 0.174907 0.174907
4190 13.200051 13.200051 13.200051 0.174907 0.174907 0.174907
4200 13.200051 13.200051 13.200051 0.174907 0.174907 0.174907
4210 13.200051 13.200051 13.200051 0.174907 0.174907 0.174907
4220 13.200051 13.200051 13.200051 0.174907 0.174907 0.174907
4230 13.200051 13.200051 13.200051 0.174907 0.174907 0.174907
4240 13.200051 13.200051 13.200051 0.174907 0.174907 0.174907
4250 13.200051 13.200051 13.200051 0.174907 0.174907 0.174907
4260 13.200051 13.200051 13.200051 0.174907 0.174907 0.174907
4270 13.200051 13.200051 13.200051 0.174907 0.174907 0.174907
4280 13.200051 13.200051 13.200051 0.174907 0.174907 0.174907
4290 13.200051 13.200051 13.200051 0.174907 0.174907 0.174907
4300 13.200051 13.200051 13.200051 0.174907 0.174907 0.174907
4310 13.200051 13.200051 13.200051 0.174907 0.174907 0.174907
4320 13.200051 13.200051 13.200051 0.174907 0.174907 0.174907
4330 13.200051 13.200051 13.200051 0.174907 0.174907 0.174907
4340 13.200051 13.200051 13.200051 0.174907 0.174907 0.174907
4350 13.200051 13.200051 13.200051 0.174907 0.174907 0.174907
4360 13.200051 13.200051 13.200051 0.174907 0.174907 0.174907
4370 13.200051 13.200051 13.200051 0.174907 0.174907 0.174907
4380 13.200051 13.200051 13.200051 0.174907 0.174907 0.174907
4390 13.200051 13.200051 13.200051 0.174907 0.174907 0.174907
4400 13.200051 13.200051 13.200051 0.174907 0.174907 0.174907
4410 13.200051 13.200051 13.200051 0.174907 0.174907 0.174907
4420 13.200051 13.200051 13.200051 0.174907 0.174907 0.174907
4430 13.200051 13.200051 13.200051 0.174907 0.174907 0.174907
4440 13.200051 13.200051 13.200051 0.174907 0.174907 0.174907
4450 13.200051 13.200051 13.200051 0.174907 0.174907 0.174907
4460 13.200051 13.200051 13.200051 0.174907 0.174907 0.174907
4470 13.200051 13.200051 13.200051 0.174907 0.174907 0.174907
4480 13.200051 13.200051 13.200051 0.174907 0.174907 0.174907
4490 13.200051 13.200051 13.200051 0.174907 0.174907 0.174907
4500 13.200051 13.200051 13.200051 0.174907 0.174907 0.174907
4510 13.200051 13.200051 13.200051 0.174907 0.174907 0.174907
4520 13.200051 13.200051 13.200051 0.174907 0.174907 0.174907
4530 13.200051 13.200051 13.200051 0.174907 0.174907 0.174907
4540 13.200051 13.200051 13.200051 0.174907 0.174907 0.174907
4550 13.200051 13.200051 13.200051 0.174907 0.174907 0.174907
4560 13.200051 13.200051 13.200051 0.174907 0.174907 0.174907
4570 13.200051 13.200051 13.200051 0.174907 0.174907 0.174907
4580 13.200051 13.200051 13.200051 0.174907 0.174907 0.174907
4590 13.200051 13.200051 13.200051 0.174907 0.174907 0.174907
4600 13.200051 13.200051 13.200051 0.174907 0.174907 0.174907
4610 13.200051 13.200051 13.200051 0.174907 0.174907 0.174907
4620 13.200051 13.200051 13.200051 0.174907 0.174907 0.174907
4630 13.200051 13.200051 13.200051 0.174907 0.174907 0.174907
4640 13.200051 13.200051 13.200051 0.174907 0.174907 0.174907
4650 13.200051 13.200051 13.200051 0.174907 0.174907 0.174907
4660 13.200051 13.200051 13.200051 0.174907 0.174907 0.174907
4670 13.200051 13.200051 13.200051 0.174907 0.174907 0.174907
4680 13.200051 13.200051 13.200051 0.174907 0.174907 0.174907
4690 13.200051 13.200051 13.200051 0.174907 0.174907 0.174907
4700 13.200051 13.200051 13.200051 0.174907 0.174907 0.174907
4710 13.200051 13.200051 13.200051 0.174907 0.174907 0.174907
4720 13.200051 13.200051 13.200051 0.174907 0.174907 0.174907
4730 13.200051 13.200051 13.200051 0.174907 0.174907 0.174907
4740 13.200051 13.200051 13.200051 0.174907 0.174907 0.174907
4750 13.200051 13.200051 13.200051 0.174907 0.174907 0.174907
4760 13.200051 13.200051 13.200051 0.174907 0.174907 0.174907
4770 13.200051 13.200051 13.200051 0.174907 0.174907 0.174907
4780 13.200051 13.200051 13.200051 0.174907 0.174907 0.174907
4790 13.200051 13.200051 13.200051 0.174907 0.174907 0.174907
4800 13.200051 13.200051 13.200051 0.174907 0.174907 0.174907
4810 13.200051 13.200051 13.200051 0.174907 0.174907 0.174907
4820 13.200051 13.200051 13.200051 0.174907 0.174907 0.174907
4830 13.200051 13.200051 13.200051 0.174907 0.174907 0.174907
4840 13.200051 13.200051 13.200051 0.174907 0.174907 0.174907
4850 13.200051 13.200051 13.200051 0.174907 0.174907 0.174907
4860 13.200051 13.200051 13.200051 0.174907 0.174907 0.174907
4870 13.200051 13.200051 13.200051 0.174907 0.174907 0.174907
4880 13.200051 13.200051 13.200051 0.174907 0.174907 0.174907
4890 13.200051 13.200051 13.200051 0.174907 0.174907 0.174907
4900 13.200051 13.200051 13.200051 0.174907 0.174907 0.174907
4910 13.200051 13.200051 13.200051 0.174907 0.174907 0.174907
4920 13.200051 13.200051 13.200051 0.174907 0.174907 0.174907
4930 13.200051 13.200051 13.200051 0.174907 0.174907 0.174907
4940 13.200051 13.200051 13.200051 0.174907 0.174907 0.174907
4950 13.200051 13.200051 13.200051 0.174907 0.174907 0.174907
4960 13.200051 13.200051 13.200051 0.174907 0.174907 0.174907
4970 13.200051 13.200051 13.200051 0.174907 0.174907 0.174907
4980 13.200051 13.200051 13.200051 0.174907 0.174907 0.174907
4990 13.200051 13.200051 13.200051 0.174907 0.174907 0.174907
5000 13.200051 13.200051 13.200051 0.174907 0.174907 0.174907
5010 13.200051 13.200051 13.200051 0.174907 0.174907 0.174907
5020 13.200051 13.200051 13.200051 0.174907 0.174907 0.174907
5030 13.200051 13.200051 13.200051 0.174907 0.174907 0.174907
5040 13.200051 13.200051 13.200051 0.174907 0.174907 0.174907
5050 13.200051 13.200051 13.200051 0.174907 0.174907 0.174907
5060 13.200051 13.200051 13.200051 0.174907 0.174907 0.174907
5070 13.200051 13.200051 13.200051 0.174907 0.174907 0.174907
5080 13.200051 13.200051 13.200051 0.174907 0.174907 0.174907
5090 13.200051 13.200051 13.200051 0.174907 0.174907 0.174907
5100 13.200051 13.200051 13.200051 0.174907 0.174907 0.174907
5110 13.200051 13.200051 13.200051 0.174907 0.174907 0.174907
5120 13.200051 13.200051 13.200051 0.174907 0.174907 0.174907
5130 13.200051 13.200051 13.200051 0.174907 0.174907 0.174907
5140 13.200051 13.200051 13.200051 0.174907 0.174907 0.174907
5150 13.200051 13.200051 13.200051 0.174907 0.174907 0.174907
5160 13.200051 13.200051 13.200051 0.174907 0.174907 0.174907
5170 13.200051 13.200051 13.200051 0.174907 0.174907 0.174907
5180 13.200051 13.200051 13.200051 0.174907 0.174907 0.174907
5190 13.200051 13.200051 13.200051 0.174907 0.174907 0.174907
5200 13.200051 13.200051 13.200051 0.174907 0.174907 0.174907
5210 13.200051 13.200051 13.200051 0.174907 0.174907 0.174907
5220 13.200051 13.200051 13.200051 0.174907 0.174907 0.174907
5230 13.200051 13.200051 13.200051 0.174907 0.174907 0.174907
5240 13.200051 13.200051 13.200051 0.174907 0.174907 0.174907
5250 13.200051 13.200051 13.200051 0.174907 0.174907 0.174907
5260 13.200051 13.200051 13.200051 0.174907 0.174907 0.174907
5270 13.200051 13.200051 13.200051 0.174907 0.174907 0.174907
5280 13.200051 13.200051 13.200051 0.174907 0.174907 0.174907
5290 13.200051 13.200051 13.200051 0.174907 0.174907 0.174907
5300 13.200051 13.200051 13.200051 0.174907 0.174907 0.174907
5310 13.200051 13.200051 13.200051 0.174907 0.174907 0.174907
5320 13.200051 13.200051 13.200051 0.174907 0.174907 0.174907
5330 13.200051 13.200051 13.200051 0.174907 0.174907 0.174907
5340 13.200051 13.200051 13.200051 0.174907 0.174907 0.174907
5350 13.200051 13.200051 13.200051 0.174907 0.174907 0.174907
5360 13.200051 13.200051 13.200051 0.174907 0.174907 0.174907
5370 13.200051 13.200051 13.200051 0.174907 0.174907 0.174907
5380 13.200051 13.200051 13.200051 0.174907 0.174907 0.174907
5390 13.200051 13.200051 13.200051 0.174907 0.174907 0.174907
5400 13.200051 13.200051 13.200051 0.174907 0.174907 0.174907
5410 13.200051 13.200051 13.200051 0.174907 0.174907 0.174907
5420 13.200051 13.200051 13.200051 0.174907 0.174907 0.174907
5430 13.200051 13.200051 13.200051 0.174907 0.174907 0.174907
5440 13.200051 13.200051 13.200051 0.174907 0.174907 0.174907
5450 13.200051 13.200051 13.200051 0.174907 0.174907 0.174907
5460 13.200051 13.200051 13.200051 0.174907 0.174907 0.174907
5470 13.200051 13.200051 13.200051 0.174907 0.174907 0.174907
5480 13.200051 13.200051 13.200051 0.174907 0.174907 0.174907
5490 13.200051 13.200051 13.200051 0.174907 0.174907 0.174907
5500 13.200051 13.200051 13.200051 0.174907 0.174907 0.174907
5510 13.200051 13.200051 13.200051 0.174907 0.174907 0.174907
5520 13.200051 13.200051 13.200051 0.174907 0.174907 0.174907
5530 13.200051 13.200051 13.200051 0.174907 0.174907 0.174907
5540 13.200051 13.200051 13.200051 0.174907 0.174907 0.174907
5550 13.200051 13.200051 13.200051 0.174907 0.174907 0.174907
5560 13.200051 13.200051 13.200051 0.174907 0.174907 0.174907
5570 13.200051 13.200051 13.200051 0.174907 0.174907 0.174907
5580 13.200051 13.200051 13.200051 0.174907 0.174907 0.174907
5590 13.200051 13.200051 13.200051 0.174907 0.174907 0.174907
5600 13.200051 13.200051 13.200051 0.174907 0.174907 0.174907
5610 13.200051 13.200051 13.200051 0.174907 0.174907 0.174907
5620 13.200051 13.200051 13.200051 0.174907 0.174907 0.174907
5630 13.200051 13.200051 13.200051 0.174907 0.174907 0.174907
5640 13.200051 13.200051 13.200051 0.174907 0.174907 0.174907
5650 13.200051 13.200051 13.200051 0.174907 0.174907 0.174907
5660 13.200051 13.200051 13.200051 0.174907 0.174907 0.174907
5670 13.200051 13.200051 13.200051 0.174907 0.174907 0.174907
5680 13.200051 13.200051 13.200051 0.174907 0.174907 0.174907
5690 13.200051 13.200051 13.200051 0.174907 0.174907 0.174907
5700 13.200051 13.200051 13.200051 0.174907 0.174907 0.174907
5710 13.200051 13.200051 13.200051 0.174907 0.174907 0.174907
5720 13.200051 13.200051 13.200051 0.174907 0.174907 0.174907
5730 13.200051 13.200051 13.200051 0.174907 0.174907 0.174907
5740 13.200051 13.200051 13.200051 0.174907 0.174907 0.174907
5750 13.200051 13.200051 13.200051 0.174907 0.174907 0.174907
5760 13.200051 13.200051 13.200051 0.174907 0.174907 0.174907
5770 13.200051 13.200051 13.200051 0.174907 0.174907 0.174907
5780 13.200051 13.200051 13.200051 0.174907 0.174907 0.174907
5790 13.200051 13.200051 13.200051 0.174907 0.174907 0.174907
5800 13.200051 13.200051 13.200051 0.174907 0.174907 0.174907
5810 13.200051 13.200051 13.200051 0.174907 0.174907 0.174907
5820 13.200051 13.200051 13.200051 0.174907 0.174907 0.174907
5830 13.200051 13.200051 13.200051 0.174907 0.174907 0.174907
5840 13.200051 13.200051 13.200051 0.174907 0.174907 0.174907
5850 13.200051 13.200051 13.200051 0.174907 0.174907 0.174907
5860 13.200051 13.200051 13.200051 0.174907 0.174907 0.174907
5870 13.200051 13.200051 13.200051 0.174907 0.174907 0.174907
5880 13.200051 13.200051 13.200051 0.174907 0.174907 0.174907
5890 13.200051 13.200051 13.200051 0.174907 0.174907 0.174907
5900 13.200051 13.200051 13.200051 0.174907 0.174907 0.174907
5910 13.200051 13.200051 13.200051 0.174907 0.174907 0.174907
5920 13.200051 13.200051 13.200051 0.174907 0.174907 0.174907
5930 13.200051 13.200051 13.200051 0.174907 0.174907 0.174907
5940 13.200051 13.200051 13.200051 0.174907 0.174907 0.174907
5950 13.200051 13.200051 13.200051 0.174907 0.174907 0.174907
5960 13.200051 13.200051 13.200051 0.174907 0.174907 0.174907
5970 13.200051 13.200051 13.200051 0.174907 0.174907 0.174907
5980 13.200051 13.200051 13.200051 0.174907 0.174907 0.174907
5990 13.200051 13.200051 13.200051 0.174907 0.174907 0.174907
6000 13.200051 13.200051 13.200051 0.174907 0.174907 0.174907
6010 13.200051 13.200051 13.200051 0.174907 0.174907 0.174907
6020 13.200051 13.200051 13.200051 0.174907 0.174907 0.174907
6030 13.200051 13.200051 13.200051 0.174907 0.174907 0.174907
6040 13.200051 13.200051 13.200051 0.174907 0.174907 0.174907
6050 13.200051 13.200051 13.200051 0.174907 0.174907 0.174907
6060 13.200051 13.200051 13.200051 0.174907 0.174907 0.174907
6070 13.200051 13.200051 13.200051 0.174907 0.174907 0.174907
6080 13.200051 13.200051 13.200051 0.174907 0.174907 0.174907
6090 13.200051 13.200051 13.200051 0.174907 0.174907 0.174907
6100 13.200051 13.200051 13.200051 0.174907 0.174907 0.174907
6110 13.200051 13.200051 13.200051 0.174907 0.174907 0.174907
6120 13.200051 13.200051 13.200051 0.174907 0.174907 0.174907
6130 13.200051 13.200051 13.200051 0.174907 0.174907 0.174907
6140 13.200051 13.200051 13.200051 0.174907 0.174907 0.174907
6150 13.200051 13.200051 13.200051 0.174907 0.174907 0.174907
6160 13.200051 13.200051 13.200051 0.174907 0.174907 0.174907
6170 13.200051 13.200051 13.200051 0.174907 0.174907 0.174907
6180 13.200051 13.200051 13.200051 0.174907 0.174907 0.174907
6190 13.200051 13.200051 13.200051 0.174907 0.174907 0.174907
6200 13.200051 13.200051 13.200051 0.174907 0.174907 0.174907
6210 13.200051 13.200051 13.200051 0.174907 0.174907 0.174907
6220 13.200051 13.200051 13.200051 0.174907 0.174907 0.174907
6230 13.200051 13.200051 13.200051 0.174907 0.174907 0.174907
6240 13.200051 13.200051 13.200051 0.174907 0.174907 0.174907
6250 13.200051 13.200051 13.200051 0.174907 0.174907 0.174907
6260 13.200051 13.200051 13.200051 0.174907 0.174907 0.174907
6270 13.200051 13.200051 13.200051 0.174907 0.174907 0.174907
6280 13.200051 13.200051 13.200051 0.174907 0.174907 0.174907
6290 13.200051 13.200051 13.200051 0.174907 0.174907 0.174907
6300 13.200051 13.200051 13.200051 0.174907 0.174907 0.174907
6310 13.200051 13.200051 13.200051 0.174907 0.174907 0.174907
6320 13.200051 13.200051 13.200051 0.174907 0.174907 0.174907
6330 13.200051 13.200051 13.200051 0.174907 0.174907 0.174907
6340 13.200051 13.200051 13.200051 0.174907 0.174907 0.174907
6350 13.200051 13.200051 13.200051 0.174907 0.174907 0.174907
6360 13.200051 13.200051 13.200051 0.174907 0.174907 0.174907
6370 13.200051 13.200051 13.200051 0.174907 0.174907 0.174907
6380 13.200051 13.200051 13.200051 0.174907 0.174907 0.174907
6390 13.200051 13.200051 13.200051 0.174907 0.174907 0.174907
6400 13.200051 13.200051 13.200051 0.174907 0.174907 0.174907
6410 13.200051 13.200051 13.200051 0.174907 0.174907 0.174907
6420 13.200051 13.200051 13.200051 0.174907 0.174907 0.174907
6430 13.200051 13.200051 13.200051 0.174907 0.174907 0.174907
6440 13.200051 13.200051 13.200051 0.174907 0.174907 0.174907
6450 13.200051 13.200051 13.200051 0.174907 0.174907 0.174907
6460 13.200051 13.200051 13.200051 0.174907 0.174907 0.174907
6470 13.200051 13.200051 13.200051 0.174907 0.174907 0.174907
6480 13.200051 13.200051 13.200051 0.174907 0.174907 0.174907
6490 13.200051 13.200051 13.200051 0.174907 0.174907 0.174907
6500 13.200051 13.200051 13.200051 0.174907 0.174907 0.174907
6510 13.200051 13.200051 13.200051 0.174907 0.174907 0.174907
6520 13.200051 13.200051 13.200051 0.174907 0.174907 0.174907
6530 13.200051 13.200051 13.200051 0.174907 0.174907 0.174907
6540 13.200051 13.200051 13.200051 0.174907 0.174907 0.174907
6550 13.200051 13.200051 13.200051 0.174907 0.174907 0.174907
6560 13.200051 13.200051 13.200051 0.174907 0.174907 0.174907
6570 13.200051 13.200051 13.200051 0.174907 0.174907 0.174907
6580 13.200051 13.200051 13.200051 0.174907 0.174907 0.174907
6590 13.200051 13.200051 13.200051 0.174907 0.174907 0.174907
6600 13.200051 13.200051 13.200051 0.174907 0.174907 0.174907
6610 13.200051 13.200051 13.200051 0.174907 0.174907 0.174907
6620 13.200051 13.200051 13.200051 0.174907 0.174907 0.174907
6630 13.200051 13.200051 13.200051 0.174907 0.174907 0.174907
6640 13.200051 13.200051 13.200051 0.174907 0.174907 0.174907
6650 13.200051 13.200051 13.200051 0.174907 0.174907 0.174907
6660 13.200051 13.200051 13.200051 0.174907 0.174907 0.174907
6670 13.200051 13.200051 13.200051 0.174907 0.174907 0.174907
6680 13.200051 13.200051 13.200051 0.174907 0.174907 0.174907
6690 13.200051 13.200051 13.200051 0.174907 0.174907 0.174907
6700 13.200051 13.200051 13.200051 0.174907 0.174907 0.174907
6710 13.200051 13.200051 13.200051 0.174907 0.174907 0.174907
6720 13.200051 13.200051 13.200051 0.174907 0.174907 0.174907
6730 13.200051 13.200051 13.200051 0.174907 0.174907 0.174907
6740 13.200051 13.200051 13.200051 0.174907 0.174907 0.174907
6750 13.200051 13.200051 13.200051 0.174907 0.174907 0.174907
6760 13.200051 13.200051 13.200051 0.174907 0.174907 0.174907
6770 13.200051 13.200051 13.200051 0.174907 0.174907 0.174907
6780 13.200051 13.200051 13.200051 0.174907 0.174907 0.174907
6790 13.200051 13.200051 13.200051 0.174907 0.174907 0.174907
6800 13.200051 13.200051 13.200051 0.174907 0.174907 0.174907
6810 13.200051 13.200051 13.200051 0.174907 0.174907 0.174907
6820 13.200051 13.200051 13.200051 0.174907 0.174907 0.174907
6830 13.200051 13.200051 13.200051 0.174907 0.174907 0.174907
6840 13.200051 13.200051 13.200051 0.174907 0.174907 0.174907
6850 13.200051 13.200051 13.200051 0.174907 0.174907 0.174907
6860 13.200051 13.200051 13.200051 0.174907 0.174907 0.174907
6870 13.200051 13.200051 13.200051 0.174907 0.174907 0.174907
6880 13.200051 13.200051 13.200051 0.174907 0.174907 0.174907
6890 13.200051 13.200051 13.200051 0.174907 0.174907 0.174907
6900 13.200051 13.200051 13.200051 0.174907 0.174907 0.174907
6910 13.200051 13.200051 13.200051 0.174907 0.174907 0.174907
6920 13.200051 13.200051 13.200051 0.174907 0.174907 0.174907
6930 13.200051 13.200051 13.200051 0.174907 0.174907 0.174907
6940 13.200051 13.200051 13.200051 0.174907 0.174907 0.174907
6950 13.200051 13.200051 13.200051 0.174907 0.174907 0.174907
6960 13.200051 13.200051 13.200051 0.174907 0.174907 0.174907
6970 13.200051 13.200051 13.200051 0.174907 0.174907 0.174907
6980 13.200051 13.200051 13.200051 0.174907 0.174907 0.174907
6990 13.200051 13.200051 13.200051 0.174907 0.174907 0.174907
7000 13.200051 13.200051 13.200051 0.174907 0.174907 0.174907
7010 13.200051 13.200051 13.200051 0.174907 0.174907 0.174907
7020 13.200051 13.200051 13.200051 0.174907 0.174907 0.174907
7030 13.200051 13.200051 13.200051 0.174907 0.174907 0.174907
7040 13.200051 13.200051 13.200051 0.174907 0.174907 0.174907
7050 13.200051 13.200051 13.200051 0.174907 0.174907 0.174907
7060 13.200051 13.200051 13.200051 0.174907 0.174907 0.174907
7070 13.200051 13.200051 13.200051 0.174907 0.174907 0.174907
7080 13.200051 13.200051 13.200051 0.174907 0.174907 0.174907
7090 13.200051 13.200051 13.200051 0.174907 0.174907 0.174907
7100 13.200051 13.200051 13.200051 0.174907 0.174907 0.174907
7110 13.200051 13.200051 13.200051 0.174907 0.174907 0.174907
7120 13.200051 13.200051 13.200051 0.174907 0.174907 0.174907
7130 13.200051 13.200051 13.200051 0.174907 0.174907 0.174907
7140 13.200051 13.200051 13.200051 0.174907 0.174907 0.174907
7150 13.200051 13.200051 13.200051 0.174907 0.174907 0.174907
7160 13.200051 13.200051 13.200051 0.174907 0.174907 0.174907
7170 13.200051 13.200051 13.200051 0.174907 0.174907 0.174907
7180 13.200051 13.200051 13.200051 0.174907 0.174907 0.174907
7190 13.200051 13.200051 13.200051 0.174907 0.174907 0.174907
7200 13.200051 13.200051 13.200051 0.174907 0.174907 0.174907
7210 13.200051 13.200051 13.200051 0.174907 0.174907 0.174907
7220 13.200051 13.200051 13.200051 0.174907 0.174907 0.174907
7230 13.200051 13.200051 13.200051 0.174907 0.174907 0.174907
7240 13.200051 13.200051 13.200051 0.174907 0.174907 0.174907
7250 13.200051 13.200051 13.200051 0.174907 0.174907 0.174907
7260 13.200051 13.200051 13.200051 0.174907 0.174907 0.174907
7270 13.200051 13.200051 13.200051 0.174907 0.174907 0.174907
7280 13.200051 13.200051 13.200051 0.174907 0.174907 0.174907
7290 13.200051 13.200051 13.200051 0.174907 0.174907 0.174907
7300 13.200051 13.200051 13.200051 0.174907 0.174907 0.174907
7310 13.200051 13.200051 13.200051 0.174907 0.174907 0.174907
7320 13.200051 13.200051 13.200051 0.174907 0.174907 0.174907
7330 13.200051 13.200051 13.200051 0.174907 0.174907 0.174907
7340 13.200051 13.200051 13.200051 0.174907 0.174907 0.174907
7350 13.200051 13.200051 13.200051 0.174907 0.174907 0.174907
7360 13.200051 13.200051 13.200051 0.174907 0.174907 0.174907
7370 13.200051 13.200051 13.200051 0.174907 0.174907 0.174907
7380 13.200051 13.200051 13.200051 0.174907 0.174907 0.174907
7390 13.200051 13.200051 13.200051 0.174907 0.174907 0.174907
7400 13.200051 13.200051 13.200051 0.174907 0.174907 0.174907
7410 13.200051 13.200051 13.200051 0.174907 0.174907 0.174907
7420 13.200051 13.200051 13.200051 0.174907 0.174907 0.174907
7430 13.200051 13.200051 13.200051 0.174907 0.174907 0.174907
7440 13.200051 13.200051 13.200051 0.174907 0.174907 0.174907
7450 13.200051 13.200051 13.200051 0.174907 0.174907 0.174907
7460 13.200051 13.200051 13.200051 0.174907 0.174907 0.174907
7470 13.200051 13.200051 13.200051 0.174907 0.174907 0.174907
7480 13.200051 13.200051 13.200051 0.174907 0.174907 0.174907
7490 13.200051 13.200051 13.200051 0.174907 0.174907 0.174907
7500 13.200051 13.200051 13.200051 0.174907 0.174907 0.174907
7510 13.200051 13.200051 13.200051 0.174907 0.174907 0.174907
7520 13.200051 13.200051 13.200051 0.174907 0.174907 0.174907
7530 13.200051 13.200051 13.200051 0.174907 0.174907 0.174907
7540 13.200051 13.200051 13.200051 0.174907 0.174907 0.174907
7550 13.200051 13.200051 13.200051 0.174907 0.174907 0.174907
7560 13.200051 13.200051 13.200051 0.174907 0.174907 0.174907
7570 13.200051 13.200051 13.200051 0.174907 0.174907 0.174907
7580 13.200051 13.200051 13.200051 0.174907 0.174907 0.174907
7590 13.200051 13.200051 13.200051 0.174907 0.174907 0.174907
7600 13.200051 13.200051 13.200051 0.174907 0.174907 0.174907
7610 13.200051 13.200051 13.200051 0.174907 0.174907 0.174907
7620 13.200051 13.200051 13.200051 0.174907 0.174907 0.174907
7630 13.200051 13.200051 13.200051 0.174907 0.174907 0.174907
7640 13.200051 13.200051 13.200051 0.174907 0.174907 0.174907
7650 13.200051 13.200051 13.200051 0.174907 0.174907 0.174907
7660 13.200051 13.200051 13.200051 0.174907 0.174907 0.174907
7670 13.200051 13.200051 13.200051 0.174907 0.174907 0.174907
7680 13.200051 13.200051 13.200051 0.174907 0.174907 0.174907
7690 13.200051 13.200051 13.200051 0.174907 0.174907 0.174907
7700 13.200051 13.200051 13.200051 0.174907 0.174907 0.174907
7710 13.200051 13.200051 13.200051 0.174907 0.174907 0.174907
7720 13.200051 13.200051 13.200051 0.174907 0.174907 0.174907
7730 13.200051 13.200051 13.200051 0.174907 0.174907 0.174907
7740 13.200051 13.200051 13.200051 0.174907 0.174907 0.174907
7750 13.200051 13.200051 13.200051 0.174907 0.174907 0.174907
7760 13.200051 13.200051 13.200051 0.174907 0.174907 0.174907
7770 13.200051 13.200051 13.200051 0.174907 0.174907 0.174907
7780 13.200051 13.200051 13.200051 0.174907 0.174907 0.174907
7790 13.200051 13.200051 13.200051 0.174907 0.174907 0.174907
7800 13.200051 13.200051 13.200051 0.174907 0.174907 0.174907
7810 13.200051 13.200051 13.200051 0.174907 0.174907 0.174907
7820 13.200051 13.200051 13.200051 0.174907 0.174907 0.174907
7830 13.200051 13.200051 13.200051 0.174907 0.174907 0.174907
7840 13.200051 13.200051 13.200051 0.174907 0.174907 0.174907
7850 13.200051 13.200051 13.200051 0.174907 0.174907 0.174907
7860 13.200051 13.200051 13.200051 0.174907 0.174907 0.174907
7870 13.200051 13.200051 13.200051 0.174907 0.174907 0.174907
7880 13.200051 13.200051 13.200051 0.174907 0.174907 0.174907
7890 13.200051 13.200051 13.200051 0.174907 0.174907 0.174907
7900 13.200051 13.200051 13.200051 0.174907 0.174907 0.174907
7910 13.200051 13.200051 13.200051 0.174907 0.174907 0.174907
7920 13.200051 13.200051 13.200051 0.174907 0.174907 0.174907
7930 13.200051 13.200051 13.200051 0.174907 0.174907 0.174907
7940 13.200051 13.200051 13.200051 0.174907 0.174907 0.174907
7950 13.200051 13.200051 13.200051 0.174907 0.174907 0.174907
7960 13.200051 13.200051 13.200051 0.174907 0.174907 0.174907
7970 13.200051 13.200051 13.200051 0.174907 0.174907 0.174907
7980 13.200051 13.200051 13.200051 0.174907 0.174907 0.174907
7990 13.200051 13.200051 13.200051 0.174907 0.174907 0.174907
8000 13.200051 13.200051 13.200051 0.174907 0.174907 0.174907
8010 13.200051 13.200051 13.200051 0.174907 0.174907 0.174907
8020 13.200051 13.200051 13.200051 0.174907 0.174907 0.174907
8030 13.200051 13.200051 13.200051 0.174907 0.174907 0.174907
8040 13.200051 13.200051 13.200051 0.174907 0.174907 0.174907
8050 13.200051 13.200051 13.200051 0.174907 0.174907 0.174907
8060 13.200051 13.200051 13.200051 0.174907 0.174907 0.174907
8070 13.200051 13.200051 13.200051 0.174907 0.174907 0.174907
8080 13.200051 13.200051 13.200051 0.174907 0.174907 0.174907
8090 13.200051 13.200051 13.200051 0.174907 0.174907 0.174907
8100 13.200051 13.200051 13.200051 0.174907 0.174907 0.174907
8110 13.200051 13.200051 13.200051 0.174907 0.174907 0.174907
8120 13.200051 13.200051 13.200051 0.174907 0.174907 0.174907
8130 13.200051 13.200051 13.200051 0.174907 0.174907 0.174907
8140 13.200051 13.200051 13.200051 0.174907 0.174907 0.174907
8150 13.200051 13.200051 13.200051 0.174907 0.174907 0.174907
8160 13.200051 13.200051 13.200051 0.174907 0.174907 0.174907
8170 13.200051 13.200051 13.200051 0.174907 0.174907 0.174907
8180 13.200051 13.200051 13.200051 0.174907 0.174907 0.174907
8190 13.200051 13.200051 13.200051 0.174907 0.174907 0.174907
8200 13.200051 13.200051 13.200051 0.174907 0.174907 0.174907
8210 13.200051 13.200051 13.200051 0.174907 0.174907 0.174907
8220 13.200051 13.200051 13.200051 0.174907 0.174907 0.174907
8230 13.200051 13.200051 13.200051 0.174907 0.174907 0.174907
8240 13.200051 13.200051 13.200051 0.174907 0.174907 0.174907
8250 13.200051 13.200051 13.200051 0.174907 0.174907 0.174907
8260 13.200051 13.200051 13.200051 0.174907 0.174907 0.174907
8270 13.200051 13.200051 13.200051 0.174907 0.174907 0.174907
8280 13.200051 13.200051 13.200051 0.174907 0.174907 0.174907
8290 13.200051 13.200051 13.200051 0.174907 0.174907 0.174907
8300 13.200051 13.200051 13.200051 0.174907 0.174907 0.174907
8310 13.200051 13.200051 13.200051 0.174907 0.174907 0.174907
8320 13.200051 13.200051 13.200051 0.174907 0.174907 0.174907
8330 13.200051 13.200051 13.200051 0.174907 0.174907 0.174907
8340 13.200051 13.200051 13.200051 0.174907 0.174907 0.174907
8350 13.200051 13.200051 13.200051 0.174907 0.174907 0.174907
8360 13.200051 13.200051 13.200051 0.174907 0.174907 0.174907
8370 13.200051 13.200051 13.200051 0.174907 0.174907 0.174907
8380 13.200051 13.200051 13.200051 0.174907 0.174907 0.174907
8390 13.200051 13.200051 13.200051 0.174907 0.174907 0.174907
8400 13.200051 13.200051 13.200051 0.174907 0.174907 0.174907
8410 13.200051 13.200051 13.200051 0.174907 0.174907 0.174907
8420 13.200051 13.200051 13.200051 0.174907 0.174907 0.174907
8430 13.200051 13.200051 13.200051 0.174907 0.174907 0.174907
8440 13.200051 13.200051 13.200051 0.174907 0.174907 0.174907
8450 13.200051 13.200051 13.200051 0.174907 0.174907 0.174907
8460 13.200051 13.200051 13.200051 0.174907 0.174907 0.174907
8470 13.200051 13.200051 13.200051 0.174907 0.174907 0.174907
8480 13.200051 13.200051 13.200051 0.174907 0.174907 0.174907
8490 13.200051 13.200051 13.200051 0.174907 0.174907 0.174907
8500 13.200051 13.200051 13.200051 0.174907 0.174907 0.174907
8510 13.200051 13.200051 13.200051 0.174907 0.174907 0.174907
8520 13.200051 13.200051 13.200051 0.174907 0.174907 0.174907
8530 13.200051 13.200051 13.200051 0.174907 0.174907 0.174907
8540 13.200051 13.200051 13.200051 0.174907 0.174907 0.174907
8550 13.200051 13.200051 13.200051 0.174907 0.174907 0.174907
8560 13.200051 13.200051 13.200051 0.174907 0.174907 0.174907
8570 13.200051 13.200051 13.200051 0.174907 0.174907 0.174907
8580 13.200051 13.200051 13.200051 0.174907 0.174907 0.174907
8590 13.200051 13.200051 13.200051 0.174907 0.174907 0.174907
8600 13.200051 13.200051 13.200051 0.174907 0.174907 0.174907
8610 13.200051 13.200051 13.200051 0.174907 0.174907 0.174907
8620 13.200051 13.200051 13.200051 0.174907 0.174907 0.174907
8630 13.200051 13.200051 13.200051 0.174907 0.174907 0.174907
8640 13.200051 13.200051 13.200051 0.174907 0.174907 0.174907
8650 13.200051 13.200051 13.200051 0.174907 0.174907 0.174907
8660 13.200051 13.200051 13.200051 0.174907 0.174907 0.174907
8670 13.200051 13.200051 13.200051 0.174907 0.174907 0.174907
8680 13.200051 13.200051 13.200051 0.174907 0.174907 0.174907
8690 13.200051 13.200051 13.200051 0.174907 0.174907 0.174907
8700 13.200051 13.200051 13.200051 0.174907 0.174907 0.174907
8710 13.200051 13.200051 13.200051 0.174907 0.174907 0.174907
8720 13.200051 13.200051 13.200051 0.174907 0.174907 0.174907
8730 13.200051 13.200051 13.200051 0.174907 0.174907 0.174907
8740 13.200051 13.200051 13.200051 0.174907 0.174907 0.174907
8750 13.200051 13.200051 13.200051 0.174907 0.174907 0.174907
8760 13.200051 13.200051 13.200051 0.174907 0.174907 0.174907
8770 13.200051 13.200051 13.200051 0.174907 0.174907 0.174907
8780 13.200051 13.200051 13.200051 0.174907 0.174907 0.174907
8790 13.200051 13.200051 13.200051 0.174907 0.174907 0.174907
8800 13.200051 13.200051 13.200051 0.174907 0.174907 0.174907
8810 13.200051 13.200051 13.200051 0.174907 0.174907 0.174907
8820 13.200051 13.200051 13.200051 0.174907 0.174907 0.174907
8830 13.200051 13.200051 13.200051 0.174907 0.174907 0.174907
8840 13.200051 13.200051 13.200051 0.174907 0.174907 0.174907
8850 13.200051 13.200051 13.200051 0.174907 0.174907 0.174907
8860 13.200051 13.200051 13.200051 0.174907 0.174907 0.174907
8870 13.200051 13.200051 13.200051 0.174907 0.174907 0.174907
8880 13.200051 13.200051 13.200051 0.174907 0.174907 0.174907
8890 13.200051 13.200051 13.200051 0.174907 0.174907 0.174907
8900 13.200051 13.200051 13.200051 0.174907 0.174907 0.174907
8910 13.200051 13.200051 13.200051 0.174907 0.174907 0.174907
8920 13.200051 13.200051 13.200051 0.174907 0.174907 0.174907
8930 13.200051 13.200051 13.200051 0.174907 0.174907 0.174907
8940 13.200051 13.200051 13.200051 0.174907 0.174907 0.174907
8950 13.200051 13.200051 13.200051 0.174907 0.174907 0.174907
8960 13.200051 13.200051 13.200051 0.174907 0.174907 0.174907
8970 13.200051 13.200051 13.200051 0.174907 0.174907 0.174907
8980 13.200051 13.200051 13.200051 0.174907 0.174907 0.174907
8990 13.200051 13.200051 13.200051 0.174907 0.174907 0.174907
9000 13.200051 13.200051 13.200051 0.174907 0.174907 0.174907
9010 13.200051 13.200051 13.200051 0.174907 0.174907 0.174907
9020 13.200051 13.200051 13.200051 0.174907 0.174907 0.174907
9030 13.200051 13.200051 13.200051 0.174907 0.174907 0.174907
9040 13.200051 13.200051 13.200051 0.174907 0.174907 0.174907
9050 13.200051 13.200051 13.200051 0.174907 0.174907 0.174907
9060 13.200051 13.200051 13.200051 0.174907 0.174907 0.174907
9070 13.200051 13.200051 13.200051 0.174907 0.174907 0.174907
9080 13.200051 13.200051 13.200051 0.174907 0.174907 0.174907
9090 13.200051 13.200051 13.200051 0.174907 0.174907 0.174907
9100 13.200051 13.200051 13.200051 0.174907 0.174907 0.174907
9110 13.200051 13.200051 13.200051 0.174907 0.174907 0.174907
9120 13.200051 13.200051 13.200051 0.174907 0.174907 0.174907
9130 13.200051 13.200051 13.200051 0.174907 0.174907 0.174907
9140 13.200051 13.200051 13.200051 0.174907 0.174907 0.174907
9150 13.200051 13.200051 13.200051 0.174907 0.174907 0.174907
9160 13.200051 13.200051 13.200051 0.174907 0.174907 0.174907
9170 13.200051 13.200051 13.200051 0.174907 0.174907 0.174907
9180 13.200051 13.200051 13.200051 0.174907 0.174907 0.174907
9190 13.200051 13.200051 13.200051 0.174907 0.174907 0.174907
9200 13.200051 13.200051 13.200051 0.174907 0.174907 0.174907
9210 13.200051 13.200051 13.200051 0.174907 0.174907 0.174907
9220 13.200051 13.200051 13.200051 0.174907 0.174907 0.174907
9230 13.200051 13.200051 13.200051 0.174907 0.174907 0.174907
9240 13.200051 13.200051 13.200051 0.174907 0.174907 0.174907
9250 13.200051 13.200051 13.200051 0.174907 0.174907 0.174907
9260 13.200051 13.200051 13.200051 0.174907 0.174907 0.174907
9270 13.200051 13.200051 13.200051 0.174907 0.174907 0.174907
9280 13.200051 13.200051 13.200051 0.174907 0.174907 0.174907
9290 13.200051 13.200051 13.200051 0.174907 0.174907 0.174907
9300 13.200051 13.200051 13.200051 0.174907 0.174907 0.174907
9310 13.200051 13.200051 13.200051 0.174907 0.174907 0.174907
9320 13.200051 13.200051 13.200051 0.174907 0.174907 0.174907
9330 13.200051 13.200051 13.200051 0.174907 0.174907 0.174907
9340 13.200051 13.200051 13.200051 0.174907 0.174907 0.174907
9350 13.200051 13.200051 13.200051 0.174907 0.174907 0.174907
9360 13.200051 13.200051 13.200051 0.174907 0.174907 0.174907
9370 13.200051 13.200051 13.200051 0.174907 0.174907 0.174907
9380 13.200051 13.200051 13.200051 0.174907 0.174907 0.174907
9390 13.200051 13.200051 13.200051 0.174907 0.174907 0.174907
9400 13.200051 13.200051 13.200051 0.174907 0.174907 0.174907
9410 13.200051 13.200051 13.200051 0.174907 0.174907 0.174907
9420 13.200051 13.200051 13.200051 0.174907 0.174907 0.174907
9430 13.200051 13.200051 13.200051 0.174907 0.174907 0.174907
9440 13.200051 13.200051 13.200051 0.174907 0.174907 0.174907
9450 13.200051 13.200051 13.200051 0.174907 0.174907 0.174907
9460 13.200051 13.200051 13.200051 0.174907 0.174907 0.174907
9470 13.200051 13.200051 13.200051 0.174907 0.174907 0.174907
9480 13.200051 13.200051 13.200051 0.174907 0.174907 0.174907
9490 13.200051 13.200051 13.200051 0.174907 0.174907 0.174907
9500 13.200051 13.200051 13.200051 0.174907 0.174907 0.174907
9510 13.200051 13.200051 13.200051 0.174907 0.174907 0.174907
9520 13.200051 13.200051 13.200051 0.174907 0.174907 0.174907
9530 13.200051 13.200051 13.200051 0.174907 0.174907 0.174907
9540 13.200051 13.200051 13.200051 0.174907 0.174907 0.174907
9550 13.200051 13.200051 13.200051 0.174907 0.174907 0.174907
9560 13.200051 13.200051 13.200051 0.174907 0.174907 0.174907
9570 13.200051 13.200051 13.200051 0.174907 0.174907 0.174907
9580 13.200051 13.200051 13.200051 0.174907 0.174907 0.174907
9590 13.200051 13.200051 13.200051 0.174907 0.174907 0.174907
9600 13.200051 13.200051 13.200051 0.174907 0.174907 0.174907
9610 13.200051 13.200051 13.200051 0.174907 0.174907 0.174907
9620 13.200051 13.200051 13.200051 0.174907 0.174907 0.174907
9630 13.200051 13.200051 13.200051 0.174907 0.174907 0.174907
9640 13.200051 13.200051 13.200051 0.174907 0.174907 0.174907
9650 13.200051 13.200051 13.200051 0.174907 0.174907 0.174907
9660 13.200051 13.200051 13.200051 0.174907 0.174907 0.174907
9670 13.200051 13.200051 13.200051 0.174907 0.174907 0.174907
9680 13.200051 13.200051 13.200051 0.174907 0.174907 0.174907
9690 13.200051 13.200051 13.200051 0.174907 0.174907 0.174907
9700 13.200051 13.200051 13.200051 0.174907 0.174907 0.174907
9710 13.200051 13.200051 13.200051 0.174907 0.174907 0.174907
9720 13.200051 13.200051 13.200051 0.174907 0.174907 0.174907
9730 13.200051 13.200051 13.200051 0.174907 0.174907 0.174907
9740 13.200051 13.200051 13.200051 0.174907 0.174907 0.174907
9750 13.200051 13.200051 13.200051 0.174907 0.174907 0.174907
9760 13.200051 13.200051 13.200051 0.174907 0.174907 0.174907
9770 13.200051 13.200051 13.200051 0.174907 0.174907 0.174907
9780 13.200051 13.200051 13.200051 0.174907 0.174907 0.174907
9790 13.200051 13.200051 13.200051 0.174907 0.174907 0.174907
9800 13.200051 13.200051 13.200051 0.174907 0.174907 0.174907
9810 13.200051 13.200051 13.200051 0.174907 0.174907 0.174907
9820 13.200051 13.200051 13.200051 0.174907 0.174907 0.174907
9830 13.200051 13.200051 13.200051 0.174907 0.174907 0.174907
9840 13.200051 13.200051 13.200051 0.174907 0.174907 0.174907
9850 13.200051 13.200051 13.200051 0.174907 0.174907 0.174907
9860 13.200051 13.200051 13.200051 0.174907 0.174907 0.174907
9870 13.200051 13.200051 13.200051 0.174907 0.174907 0.174907
9880 13.200051 13.200051 13.200051 0.174907 0.174907 0.174907
9890 13.200051 13.200051 13.200051 0.174907 0.174907 0.174907
9900 13.200051 13.200051 13.200051 0.174907 0.174907 0.174907
9910 13.200051 13.200051 13.200051 0.174907 0.174907 0.174907
9920 13.200051 13.200051 13.200051 0.174907 0.174907 0.174907
9930 13.200051 13.200051 13.200051 0.174907 0.174907 0.174907
9940 13.200051 13.200051 13.200051 0.174907 0.174907 0.174907
9950 13.200051 13.200051 13.200051 0.174907 0.174907 0.174907
9960 13.200051 13.200051 13.200051 0.174907 0.174907 0.174907
9970 13.200051 13.200051 13.200051 0.174907 0.174907 0.174907
9980 13.200051 13.200051 13.200051 0.174907 0.174907 0.174907
9990 13.200051 13.200051 13.200051 0.174907 0.174907 0.174907
10000 13.418742 13.418742 13.418742 0.179728 0.179728 0.179728
