# generation power_min power_avg power_max util_min util_avg util_max
1 45.219849 45.219849 45.219849 1.046683 1.479355 1.499802
10 45.202766 45.202766 45.202766 1.046683 1.465960 1.499802
20 46.025006 20.012381 46.025006 0.983735 1.437871 1.499802
30 46.025006 20.012381 46.025006 0.983735 1.419016 1.498557
40 46.025006 21.663165 46.025006 0.963323 1.389380 1.498557
50 46.025006 22.452133 46.025006 0.734578 1.361786 1.498557
60 46.025006 22.452133 46.025006 0.734578 1.337948 1.498557
70 46.025006 24.848105 46.025006 0.734578 1.294986 1.498557
80 46.025006 24.504705 46.025006 0.734578 1.248188 1.498557
90 46.025006 23.546591 46.025006 0.734578 1.202456 1.497391
100 45.974151 23.433228 45.974151 0.734578 1.160009 1.497391
110 45.974151 23.438936 45.974151 0.734578 1.116867 1.497391
120 45.974151 23.043179 45.974151 0.734578 1.082731 1.495612
130 39.273908 22.395361 39.273908 0.734578 1.045736 1.495612
140 39.273908 22.013996 39.273908 0.734578 1.022409 1.495612
150 34.641217 21.362255 34.641217 0.734578 1.003435 1.495612
160 29.132006 20.532499 29.132006 0.717168 0.979523 1.419245
170 25.640149 19.866800 25.640149 0.717168 0.961848 1.306081
180 22.556847 19.052981 22.556847 0.717168 0.957024 1.250542
190 21.873413 18.632050 21.873413 0.717168 0.947248 1.165140
200 21.240362 18.270919 21.240362 0.717168 0.941067 1.103880
210 14.093270 17.682374 20.704560 0.717168 0.942089 1.103880
220 20.124977 17.271354 20.124977 0.777720 0.944345 1.103880
230 19.568861 16.806947 19.568861 0.726184 0.941904 1.103880
240 19.129469 16.367761 19.129469 0.726184 0.940735 1.103880
250 18.203544 15.991121 18.203544 0.726184 0.934222 1.073400
260 17.793466 15.622588 17.793466 0.726184 0.932640 1.073400
270 17.184378 15.271241 17.184378 0.748299 0.934501 1.073400
280 16.611969 15.032657 16.611969 0.748299 0.934912 1.073400
290 13.641201 14.865057 16.001249 0.748299 0.927205 1.073400
300 13.274491 14.673097 15.754131 0.748299 0.921954 1.057713
310 13.274491 14.489943 15.500532 0.740209 0.922232 1.057713
320 13.168355 14.313077 15.143101 0.733992 0.920641 1.057713
330 13.085335 14.164586 14.919516 0.733992 0.920212 1.057713
340 12.799069 13.986899 14.759314 0.733992 0.917922 1.022768
350 14.669044 13.880502 14.669044 0.733992 0.911249 1.020643
360 12.420590 13.728429 14.538671 0.733992 0.913944 1.020643
370 14.373460 13.585747 14.373460 0.733992 0.917035 1.049480
380 14.265416 13.433509 14.265416 0.733992 0.920628 1.049480
390 14.093270 13.313365 14.093270 0.738243 0.925786 1.055532
400 13.954739 13.192698 13.954739 0.738243 0.926340 1.055532
410 13.768146 13.078437 13.768146 0.740209 0.930521 1.055532
420 13.597280 12.965945 13.597280 0.770378 0.941918 1.057752
430 13.433172 12.871947 13.433172 0.820030 0.948214 1.057752
440 13.311396 12.779638 13.311396 0.820030 0.949581 1.057752
450 13.126307 12.692762 13.126307 0.820030 0.952651 1.057752
460 13.060294 12.596202 13.060294 0.820030 0.949966 1.057752
470 12.996218 12.519196 12.996218 0.820030 0.945524 1.057752
480 12.844968 12.424811 12.844968 0.723624 0.945351 1.057752
490 11.667971 12.337397 12.799069 0.723624 0.939983 1.006622
500 11.667971 12.262090 12.679667 0.723624 0.933002 1.006622
510 11.667971 12.192943 12.595955 0.720473 0.923135 1.006622
520 11.374664 12.103219 12.533389 0.720473 0.922226 1.006622
530 11.370852 12.015996 12.416539 0.720473 0.911845 1.006622
540 11.357794 11.952014 12.328289 0.720473 0.907709 1.006622
550 11.286825 11.881677 12.259999 0.720473 0.900518 1.006622
560 11.203588 11.811494 12.217445 0.720473 0.894844 1.006622
570 11.078309 11.744410 12.117279 0.720473 0.887445 1.006622
580 11.078309 11.674939 12.079351 0.720473 0.881868 1.006622
590 10.876723 11.618529 11.954855 0.720473 0.877917 1.006622
600 10.874484 11.552984 11.888528 0.720473 0.872673 1.004572
610 10.874484 11.500343 11.806379 0.720473 0.871312 1.001378
620 10.722951 11.442776 11.756290 0.720473 0.863800 0.999171
630 10.450356 11.372916 11.725965 0.720473 0.864878 0.984497
640 10.450356 11.309937 11.668041 0.720473 0.867672 0.984497
650 10.450356 11.244731 11.626979 0.720473 0.869454 0.998165
660 10.450356 11.163885 11.543980 0.753014 0.870423 0.999441
670 10.450356 11.090634 11.451035 0.753014 0.866885 0.999441
680 10.373185 11.028330 11.374664 0.753014 0.871781 1.000927
690 10.373185 10.957900 11.339721 0.753014 0.869979 1.000927
700 10.099285 10.887517 11.291859 0.753014 0.870253 1.000927
710 10.099285 10.813247 11.225708 0.753014 0.872655 1.000927
720 10.099285 10.738557 11.129761 0.753014 0.871129 1.000927
730 10.073506 10.658252 11.053042 0.753014 0.874324 1.000927
740 10.073506 10.591765 11.025712 0.753014 0.874822 1.000927
750 10.000340 10.522175 10.921995 0.753014 0.875267 0.999441
760 9.961176 10.446611 10.841893 0.753014 0.874920 0.972751
770 9.761697 10.371543 10.743950 0.753014 0.875080 0.971066
780 9.761697 10.299771 10.695185 0.763719 0.880660 0.971066
790 9.638095 10.230624 10.588783 0.771645 0.885364 0.971066
800 9.638095 10.169692 10.535033 0.771645 0.885616 0.966045
810 9.638095 10.111885 10.469643 0.771645 0.887312 0.943066
820 9.638095 10.059330 10.373185 0.771645 0.890913 0.943066
830 9.575705 9.999731 10.303283 0.771645 0.892167 0.943066
840 9.574896 9.947936 10.246696 0.825497 0.900025 0.943066
850 9.574896 9.901225 10.132070 0.825497 0.903158 0.931450
860 9.574558 9.864120 10.080630 0.835956 0.905854 0.931450
870 9.574558 9.820877 10.023680 0.835956 0.907802 0.931450
880 9.505985 9.780550 10.021043 0.845242 0.910481 0.931450
890 9.505985 9.739618 9.982203 0.845242 0.912001 0.931450
900 9.505985 9.700787 9.952715 0.845242 0.913498 0.931450
910 9.505985 9.669235 9.883267 0.886958 0.913717 0.931450
920 9.505985 9.642914 9.824927 0.886958 0.913360 0.931067
930 9.505985 9.620435 9.786361 0.886958 0.913304 0.930584
940 9.505985 9.600183 9.745267 0.894342 0.913286 0.916981
950 9.505985 9.584727 9.688558 0.894342 0.913622 0.916981
960 9.505985 9.577877 9.620857 0.912267 0.913921 0.916981
970 9.505985 9.573676 9.592134 0.912267 0.913731 0.916757
980 9.505985 9.572600 9.575705 0.912487 0.913910 0.916757
990 9.505985 9.571488 9.574896 0.912487 0.914018 0.916757
1000 9.505985 9.571270 9.574896 0.912487 0.914079 0.916757
1010 9.505985 9.569830 9.574896 0.912487 0.914307 0.916757
1020 9.505985 9.568327 9.574896 0.912487 0.914556 0.916977
1030 9.488664 9.565017 9.574896 0.912487 0.914877 0.918278
1040 9.488664 9.562934 9.574896 0.912487 0.915186 0.918278
1050 9.488664 9.560868 9.574896 0.912487 0.915475 0.918278
1060 9.488664 9.558601 9.574896 0.912487 0.915799 0.918278
1070 9.487494 9.554439 9.573726 0.913688 0.916199 0.918499
1080 9.487494 9.552313 9.570733 0.913688 0.916497 0.918499
1090 9.487494 9.549245 9.569819 0.913965 0.916706 0.918499
1100 9.487494 9.546219 9.569819 0.913965 0.916871 0.918499
1110 9.487494 9.543106 9.552581 0.916526 0.916994 0.918499
1120 9.487494 9.541141 9.552581 0.916526 0.917049 0.918499
1130 9.487494 9.537248 9.552581 0.916526 0.917151 0.918499
1140 9.487494 9.533354 9.552581 0.916526 0.917253 0.918499
1150 9.487494 9.529414 9.552581 0.916526 0.917364 0.918499
1160 9.482861 9.524812 9.552581 0.916526 0.917488 0.918661
1170 9.482861 9.520035 9.552581 0.916526 0.917623 0.918661
1180 9.482861 9.513457 9.552581 0.916526 0.917796 0.918661
1190 9.482861 9.506927 9.551411 0.916526 0.917953 0.918661
1200 9.482861 9.500535 9.551411 0.916526 0.918105 0.918661
1210 9.482861 9.494655 9.551411 0.916526 0.918245 0.918661
1220 9.482861 9.488171 9.551411 0.916526 0.918400 0.918661
1230 9.482861 9.486906 9.488664 0.918278 0.918474 0.918661
1240 9.482861 9.486558 9.488664 0.918278 0.918505 0.918661
1250 9.482861 9.486070 9.488664 0.918278 0.918540 0.918661
1260 9.482861 9.485548 9.487494 0.918499 0.918567 0.918661
1270 9.482861 9.485178 9.487494 0.918499 0.918580 0.918661
1280 9.482861 9.484715 9.487494 0.918499 0.918596 0.918661
1290 9.482861 9.484251 9.487494 0.918499 0.918612 0.918661
1300 9.482861 9.483788 9.487494 0.918499 0.918628 0.918661
1310 9.482861 9.483325 9.487494 0.918499 0.918645 0.918661
1320 9.482861 9.482861 9.482861 0.918661 0.918661 0.918661
1330 9.482861 9.482861 9.482861 0.918661 0.918661 0.918661
1340 9.482861 9.482861 9.482861 0.918661 0.918661 0.918661
1350 9.482861 9.482861 9.482861 0.918661 0.918661 0.918661
1360 9.482861 9.482861 9.482861 0.918661 0.918661 0.918661
1370 9.482861 9.482861 9.482861 0.918661 0.918661 0.918661
1380 9.482861 9.482861 9.482861 0.918661 0.918661 0.918661
1390 9.482861 9.482861 9.482861 0.918661 0.918661 0.918661
1400 9.482861 9.482861 9.482861 0.918661 0.918661 0.918661
1410 9.482861 9.482861 9.482861 0.918661 0.918661 0.918661
1420 9.482861 9.482861 9.482861 0.918661 0.918661 0.918661
1430 9.482861 9.482861 9.482861 0.918661 0.918661 0.918661
1440 9.482861 9.482861 9.482861 0.918661 0.918661 0.918661
1450 9.482861 9.482861 9.482861 0.918661 0.918661 0.918661
1460 9.482861 9.482861 9.482861 0.918661 0.918661 0.918661
1470 9.482861 9.482861 9.482861 0.918661 0.918661 0.918661
1480 9.482861 9.482861 9.482861 0.918661 0.918661 0.918661
1490 9.482861 9.482861 9.482861 0.918661 0.918661 0.918661
1500 9.482861 9.482861 9.482861 0.918661 0.918661 0.918661
1510 9.482861 9.482861 9.482861 0.918661 0.918661 0.918661
1520 9.482861 9.482861 9.482861 0.918661 0.918661 0.918661
1530 9.482861 9.482861 9.482861 0.918661 0.918661 0.918661
1540 9.482861 9.482861 9.482861 0.918661 0.918661 0.918661
1550 9.482861 9.482861 9.482861 0.918661 0.918661 0.918661
1560 9.482861 9.482861 9.482861 0.918661 0.918661 0.918661
1570 9.482861 9.482861 9.482861 0.918661 0.918661 0.918661
1580 9.482861 9.482861 9.482861 0.918661 0.918661 0.918661
1590 9.482861 9.482861 9.482861 0.918661 0.918661 0.918661
1600 9.482861 9.482861 9.482861 0.918661 0.918661 0.918661
1610 9.482861 9.482861 9.482861 0.918661 0.918661 0.918661
1620 9.482861 9.482861 9.482861 0.918661 0.918661 0.918661
1630 9.482861 9.482861 9.482861 0.918661 0.918661 0.918661
1640 9.482861 9.482861 9.482861 0.918661 0.918661 0.918661
1650 9.482861 9.482861 9.482861 0.918661 0.918661 0.918661
1660 9.482861 9.482861 9.482861 0.918661 0.918661 0.918661
1670 9.482861 9.482861 9.482861 0.918661 0.918661 0.918661
1680 9.482861 9.482861 9.482861 0.918661 0.918661 0.918661
1690 9.482861 9.482861 9.482861 0.918661 0.918661 0.918661
1700 9.482861 9.482861 9.482861 0.918661 0.918661 0.918661
1710 9.482861 9.482861 9.482861 0.918661 0.918661 0.918661
1720 9.482861 9.482861 9.482861 0.918661 0.918661 0.918661
1730 9.482861 9.482861 9.482861 0.918661 0.918661 0.918661
1740 9.482861 9.482861 9.482861 0.918661 0.918661 0.918661
1750 9.482861 9.482861 9.482861 0.918661 0.918661 0.918661
1760 9.482861 9.482861 9.482861 0.918661 0.918661 0.918661
1770 9.482861 9.482861 9.482861 0.918661 0.918661 0.918661
1780 9.482861 9.482861 9.482861 0.918661 0.918661 0.918661
1790 9.482861 9.482861 9.482861 0.918661 0.918661 0.918661
1800 9.482861 9.482861 9.482861 0.918661 0.918661 0.918661
1810 9.482861 9.482861 9.482861 0.918661 0.918661 0.918661
1820 9.482861 9.482861 9.482861 0.918661 0.918661 0.918661
1830 9.482861 9.482861 9.482861 0.918661 0.918661 0.918661
1840 9.482861 9.482861 9.482861 0.918661 0.918661 0.918661
1850 9.482861 9.482861 9.482861 0.918661 0.918661 0.918661
1860 9.482861 9.482861 9.482861 0.918661 0.918661 0.918661
1870 9.482861 9.482861 9.482861 0.918661 0.918661 0.918661
1880 9.482861 9.482861 9.482861 0.918661 0.918661 0.918661
1890 9.482861 9.482861 9.482861 0.918661 0.918661 0.918661
1900 9.482861 9.482861 9.482861 0.918661 0.918661 0.918661
1910 9.482861 9.482861 9.482861 0.918661 0.918661 0.918661
1920 9.482861 9.482861 9.482861 0.918661 0.918661 0.918661
1930 9.482861 9.482861 9.482861 0.918661 0.918661 0.918661
1940 9.482861 9.482861 9.482861 0.918661 0.918661 0.918661
1950 9.482861 9.482861 9.482861 0.918661 0.918661 0.918661
1960 9.482861 9.482861 9.482861 0.918661 0.918661 0.918661
1970 9.482861 9.482861 9.482861 0.918661 0.918661 0.918661
1980 9.482861 9.482861 9.482861 0.918661 0.918661 0.918661
1990 9.482861 9.482861 9.482861 0.918661 0.918661 0.918661
2000 9.482861 9.482861 9.482861 0.918661 0.918661 0.918661
2010 9.482861 9.482861 9.482861 0.918661 0.918661 0.918661
2020 9.482861 9.482861 9.482861 0.918661 0.918661 0.918661
2030 9.482861 9.482861 9.482861 0.918661 0.918661 0.918661
2040 9.482861 9.482861 9.482861 0.918661 0.918661 0.918661
2050 9.482861 9.482861 9.482861 0.918661 0.918661 0.918661
2060 9.482861 9.482861 9.482861 0.918661 0.918661 0.918661
2070 9.482861 9.482861 9.482861 0.918661 0.918661 0.918661
2080 9.482861 9.482861 9.482861 0.918661 0.918661 0.918661
2090 9.482861 9.482861 9.482861 0.918661 0.918661 0.918661
2100 9.482861 9.482861 9.482861 0.918661 0.918661 0.918661
2110 9.482861 9.482861 9.482861 0.918661 0.918661 0.918661
2120 9.482861 9.482861 9.482861 0.918661 0.918661 0.918661
2130 9.482861 9.482861 9.482861 0.918661 0.918661 0.918661
2140 9.482861 9.482861 9.482861 0.918661 0.918661 0.918661
2150 9.482861 9.482861 9.482861 0.918661 0.918661 0.918661
2160 9.482861 9.482861 9.482861 0.918661 0.918661 0.918661
2170 9.482861 9.482861 9.482861 0.918661 0.918661 0.918661
2180 9.482861 9.482861 9.482861 0.918661 0.918661 0.918661
2190 9.482861 9.482861 9.482861 0.918661 0.918661 0.918661
2200 9.482861 9.482861 9.482861 0.918661 0.918661 0.918661
2210 9.482861 9.482861 9.482861 0.918661 0.918661 0.918661
2220 9.482861 9.482861 9.482861 0.918661 0.918661 0.918661
2230 9.482861 9.482861 9.482861 0.918661 0.918661 0.918661
2240 9.482861 9.482861 9.482861 0.918661 0.918661 0.918661
2250 9.482861 9.482861 9.482861 0.918661 0.918661 0.918661
2260 9.482861 9.482861 9.482861 0.918661 0.918661 0.918661
2270 9.482861 9.482861 9.482861 0.918661 0.918661 0.918661
2280 9.482861 9.482861 9.482861 0.918661 0.918661 0.918661
2290 9.482861 9.482861 9.482861 0.918661 0.918661 0.918661
2300 9.482861 9.482861 9.482861 0.918661 0.918661 0.918661
2310 9.482861 9.482861 9.482861 0.918661 0.918661 0.918661
2320 9.482861 9.482861 9.482861 0.918661 0.918661 0.918661
2330 9.482861 9.482861 9.482861 0.918661 0.918661 0.918661
2340 9.482861 9.482861 9.482861 0.918661 0.918661 0.918661
2350 9.482861 9.482861 9.482861 0.918661 0.918661 0.918661
2360 9.482861 9.482861 9.482861 0.918661 0.918661 0.918661
2370 9.482861 9.482861 9.482861 0.918661 0.918661 0.918661
2380 9.482861 9.482861 9.482861 0.918661 0.918661 0.918661
2390 9.482861 9.482861 9.482861 0.918661 0.918661 0.918661
2400 9.482861 9.482861 9.482861 0.918661 0.918661 0.918661
2410 9.482861 9.482861 9.482861 0.918661 0.918661 0.918661
2420 9.482861 9.482861 9.482861 0.918661 0.918661 0.918661
2430 9.482861 9.482861 9.482861 0.918661 0.918661 0.918661
2440 9.482861 9.482861 9.482861 0.918661 0.918661 0.918661
2450 9.482861 9.482861 9.482861 0.918661 0.918661 0.918661
2460 9.482861 9.482861 9.482861 0.918661 0.918661 0.918661
2470 9.482861 9.482861 9.482861 0.918661 0.918661 0.918661
2480 9.482861 9.482861 9.482861 0.918661 0.918661 0.918661
2490 9.482861 9.482861 9.482861 0.918661 0.918661 0.918661
2500 9.482861 9.482861 9.482861 0.918661 0.918661 0.918661
2510 9.482861 9.482861 9.482861 0.918661 0.918661 0.918661
2520 9.482861 9.482861 9.482861 0.918661 0.918661 0.918661
2530 9.482861 9.482861 9.482861 0.918661 0.918661 0.918661
2540 9.482861 9.482861 9.482861 0.918661 0.918661 0.918661
2550 9.482861 9.482861 9.482861 0.918661 0.918661 0.918661
2560 9.482861 9.482861 9.482861 0.918661 0.918661 0.918661
2570 9.482861 9.482861 9.482861 0.918661 0.918661 0.918661
2580 9.482861 9.482861 9.482861 0.918661 0.918661 0.918661
2590 9.482861 9.482861 9.482861 0.918661 0.918661 0.918661
2600 9.482861 9.482861 9.482861 0.918661 0.918661 0.918661
2610 9.482861 9.482861 9.482861 0.918661 0.918661 0.918661
2620 9.482861 9.482861 9.482861 0.918661 0.918661 0.918661
2630 9.482861 9.482861 9.482861 0.918661 0.918661 0.918661
2640 9.482861 9.482861 9.482861 0.918661 0.918661 0.918661
2650 9.482861 9.482861 9.482861 0.918661 0.918661 0.918661
2660 9.482861 9.482861 9.482861 0.918661 0.918661 0.918661
2670 9.482861 9.482861 9.482861 0.918661 0.918661 0.918661
2680 9.482861 9.482861 9.482861 0.918661 0.918661 0.918661
2690 9.482861 9.482861 9.482861 0.918661 0.918661 0.918661
2700 9.482861 9.482861 9.482861 0.918661 0.918661 0.918661
2710 9.482861 9.482861 9.482861 0.918661 0.918661 0.918661
2720 9.482861 9.482861 9.482861 0.918661 0.918661 0.918661
2730 9.482861 9.482861 9.482861 0.918661 0.918661 0.918661
2740 9.482861 9.482861 9.482861 0.918661 0.918661 0.918661
2750 9.482861 9.482861 9.482861 0.918661 0.918661 0.918661
2760 9.482861 9.482861 9.482861 0.918661 0.918661 0.918661
2770 9.482861 9.482861 9.482861 0.918661 0.918661 0.918661
2780 9.482861 9.482861 9.482861 0.918661 0.918661 0.918661
2790 9.482861 9.482861 9.482861 0.918661 0.918661 0.918661
2800 9.482861 9.482861 9.482861 0.918661 0.918661 0.918661
2810 9.482861 9.482861 9.482861 0.918661 0.918661 0.918661
2820 9.482861 9.482861 9.482861 0.918661 0.918661 0.918661
2830 9.482861 9.482861 9.482861 0.918661 0.918661 0.918661
2840 9.482861 9.482861 9.482861 0.918661 0.918661 0.918661
2850 9.482861 9.482861 9.482861 0.918661 0.918661 0.918661
2860 9.482861 9.482861 9.482861 0.918661 0.918661 0.918661
2870 9.482861 9.482861 9.482861 0.918661 0.918661 0.918661
2880 9.482861 9.482861 9.482861 0.918661 0.918661 0.918661
2890 9.482861 9.482861 9.482861 0.918661 0.918661 0.918661
2900 9.482861 9.482861 9.482861 0.918661 0.918661 0.918661
2910 9.482861 9.482861 9.482861 0.918661 0.918661 0.918661
2920 9.482861 9.482861 9.482861 0.918661 0.918661 0.918661
2930 9.482861 9.482861 9.482861 0.918661 0.918661 0.918661
2940 9.482861 9.482861 9.482861 0.918661 0.918661 0.918661
2950 9.482861 9.482861 9.482861 0.918661 0.918661 0.918661
2960 9.482861 9.482861 9.482861 0.918661 0.918661 0.918661
2970 9.482861 9.482861 9.482861 0.918661 0.918661 0.918661
2980 9.482861 9.482861 9.482861 0.918661 0.918661 0.918661
2990 9.482861 9.482861 9.482861 0.918661 0.918661 0.918661
3000 9.482861 9.482861 9.482861 0.918661 0.918661 0.918661
3010 9.482861 9.482861 9.482861 0.918661 0.918661 0.918661
3020 9.482861 9.482861 9.482861 0.918661 0.918661 0.918661
3030 9.482861 9.482861 9.482861 0.918661 0.918661 0.918661
3040 9.482861 9.482861 9.482861 0.918661 0.918661 0.918661
3050 9.482861 9.482861 9.482861 0.918661 0.918661 0.918661
3060 9.482861 9.482861 9.482861 0.918661 0.918661 0.918661
3070 9.482861 9.482861 9.482861 0.918661 0.918661 0.918661
3080 9.482861 9.482861 9.482861 0.918661 0.918661 0.918661
3090 9.482861 9.482861 9.482861 0.918661 0.918661 0.918661
3100 9.482861 9.482861 9.482861 0.918661 0.918661 0.918661
3110 9.482861 9.482861 9.482861 0.918661 0.918661 0.918661
3120 9.482861 9.482861 9.482861 0.918661 0.918661 0.918661
3130 9.482861 9.482861 9.482861 0.918661 0.918661 0.918661
3140 9.482861 9.482861 9.482861 0.918661 0.918661 0.918661
3150 9.482861 9.482861 9.482861 0.918661 0.918661 0.918661
3160 9.482861 9.482861 9.482861 0.918661 0.918661 0.918661
3170 9.482861 9.482861 9.482861 0.918661 0.918661 0.918661
3180 9.482861 9.482861 9.482861 0.918661 0.918661 0.918661
3190 9.482861 9.482861 9.482861 0.918661 0.918661 0.918661
3200 9.482861 9.482861 9.482861 0.918661 0.918661 0.918661
3210 9.482861 9.482861 9.482861 0.918661 0.918661 0.918661
3220 9.482861 9.482861 9.482861 0.918661 0.918661 0.918661
3230 9.482861 9.482861 9.482861 0.918661 0.918661 0.918661
3240 9.482861 9.482861 9.482861 0.918661 0.918661 0.918661
3250 9.482861 9.482861 9.482861 0.918661 0.918661 0.918661
3260 9.482861 9.482861 9.482861 0.918661 0.918661 0.918661
3270 9.482861 9.482861 9.482861 0.918661 0.918661 0.918661
3280 9.482861 9.482861 9.482861 0.918661 0.918661 0.918661
3290 9.482861 9.482861 9.482861 0.918661 0.918661 0.918661
3300 9.482861 9.482861 9.482861 0.918661 0.918661 0.918661
3310 9.482861 9.482861 9.482861 0.918661 0.918661 0.918661
3320 9.482861 9.482861 9.482861 0.918661 0.918661 0.918661
3330 9.482861 9.482861 9.482861 0.918661 0.918661 0.918661
3340 9.482861 9.482861 9.482861 0.918661 0.918661 0.918661
3350 9.482861 9.482861 9.482861 0.918661 0.918661 0.918661
3360 9.482861 9.482861 9.482861 0.918661 0.918661 0.918661
3370 9.482861 9.482861 9.482861 0.918661 0.918661 0.918661
3380 9.482861 9.482861 9.482861 0.918661 0.918661 0.918661
3390 9.482861 9.482861 9.482861 0.918661 0.918661 0.918661
3400 9.482861 9.482861 9.482861 0.918661 0.918661 0.918661
3410 9.482861 9.482861 9.482861 0.918661 0.918661 0.918661
3420 9.482861 9.482861 9.482861 0.918661 0.918661 0.918661
3430 9.482861 9.482861 9.482861 0.918661 0.918661 0.918661
3440 9.482861 9.482861 9.482861 0.918661 0.918661 0.918661
3450 9.482861 9.482861 9.482861 0.918661 0.918661 0.918661
3460 9.482861 9.482861 9.482861 0.918661 0.918661 0.918661
3470 9.482861 9.482861 9.482861 0.918661 0.918661 0.918661
3480 9.482861 9.482861 9.482861 0.918661 0.918661 0.918661
3490 9.482861 9.482861 9.482861 0.918661 0.918661 0.918661
3500 9.482861 9.482861 9.482861 0.918661 0.918661 0.918661
3510 9.482861 9.482861 9.482861 0.918661 0.918661 0.918661
3520 9.482861 9.482861 9.482861 0.918661 0.918661 0.918661
3530 9.482861 9.482861 9.482861 0.918661 0.918661 0.918661
3540 9.482861 9.482861 9.482861 0.918661 0.918661 0.918661
3550 9.482861 9.482861 9.482861 0.918661 0.918661 0.918661
3560 9.482861 9.482861 9.482861 0.918661 0.918661 0.918661
3570 9.482861 9.482861 9.482861 0.918661 0.918661 0.918661
3580 9.482861 9.482861 9.482861 0.918661 0.918661 0.918661
3590 9.482861 9.482861 9.482861 0.918661 0.918661 0.918661
3600 9.482861 9.482861 9.482861 0.918661 0.918661 0.918661
3610 9.482861 9.482861 9.482861 0.918661 0.918661 0.918661
3620 9.482861 9.482861 9.482861 0.918661 0.918661 0.918661
3630 9.482861 9.482861 9.482861 0.918661 0.918661 0.918661
3640 9.482861 9.482861 9.482861 0.918661 0.918661 0.918661
3650 9.482861 9.482861 9.482861 0.918661 0.918661 0.918661
3660 9.482861 9.482861 9.482861 0.918661 0.918661 0.918661
3670 9.482861 9.482861 9.482861 0.918661 0.918661 0.918661
3680 9.482861 9.482861 9.482861 0.918661 0.918661 0.918661
3690 9.482861 9.482861 9.482861 0.918661 0.918661 0.918661
3700 9.482861 9.482861 9.482861 0.918661 0.918661 0.918661
3710 9.482861 9.482861 9.482861 0.918661 0.918661 0.918661
3720 9.482861 9.482861 9.482861 0.918661 0.918661 0.918661
3730 9.482861 9.482861 9.482861 0.918661 0.918661 0.918661
3740 9.482861 9.482861 9.482861 0.918661 0.918661 0.918661
3750 9.482861 9.482861 9.482861 0.918661 0.918661 0.918661
3760 9.482861 9.482861 9.482861 0.918661 0.918661 0.918661
3770 9.482861 9.482861 9.482861 0.918661 0.918661 0.918661
3780 9.482861 9.482861 9.482861 0.918661 0.918661 0.918661
3790 9.482861 9.482861 9.482861 0.918661 0.918661 0.918661
3800 9.482861 9.482861 9.482861 0.918661 0.918661 0.918661
3810 9.482861 9.482861 9.482861 0.918661 0.918661 0.918661
3820 9.482861 9.482861 9.482861 0.918661 0.918661 0.918661
3830 9.482861 9.482861 9.482861 0.918661 0.918661 0.918661
3840 9.482861 9.482861 9.482861 0.918661 0.918661 0.918661
3850 9.482861 9.482861 9.482861 0.918661 0.918661 0.918661
3860 9.482861 9.482861 9.482861 0.918661 0.918661 0.918661
3870 9.482861 9.482861 9.482861 0.918661 0.918661 0.918661
3880 9.482861 9.482861 9.482861 0.918661 0.918661 0.918661
3890 9.482861 9.482861 9.482861 0.918661 0.918661 0.918661
3900 9.482861 9.482861 9.482861 0.918661 0.918661 0.918661
3910 9.482861 9.482861 9.482861 0.918661 0.918661 0.918661
3920 9.482861 9.482861 9.482861 0.918661 0.918661 0.918661
3930 9.482861 9.482861 9.482861 0.918661 0.918661 0.918661
3940 9.482861 9.482861 9.482861 0.918661 0.918661 0.918661
3950 9.482861 9.482861 9.482861 0.918661 0.918661 0.918661
3960 9.482861 9.482861 9.482861 0.918661 0.918661 0.918661
3970 9.482861 9.482861 9.482861 0.918661 0.918661 0.918661
3980 9.482861 9.482861 9.482861 0.918661 0.918661 0.918661
3990 9.482861 9.482861 9.482861 0.918661 0.918661 0.918661
4000 9.482861 9.482861 9.482861 0.918661 0.918661 0.918661
4010 9.482861 9.482861 9.482861 0.918661 0.918661 0.918661
4020 9.482861 9.482861 9.482861 0.918661 0.918661 0.918661
4030 9.482861 9.482861 9.482861 0.918661 0.918661 0.918661
4040 9.482861 9.482861 9.482861 0.918661 0.918661 0.918661
4050 9.482861 9.482861 9.482861 0.918661 0.918661 0.918661
4060 9.482861 9.482861 9.482861 0.918661 0.918661 0.918661
4070 9.482861 9.482861 9.482861 0.918661 0.918661 0.918661
4080 9.482861 9.482861 9.482861 0.918661 0.918661 0.918661
4090 9.482861 9.482861 9.482861 0.918661 0.918661 0.918661
4100 9.482861 9.482861 9.482861 0.918661 0.918661 0.918661
4110 9.482861 9.482861 9.482861 0.918661 0.918661 0.918661
4120 9.482861 9.482861 9.482861 0.918661 0.918661 0.918661
4130 9.482861 9.482861 9.482861 0.918661 0.918661 0.918661
4140 9.482861 9.482861 9.482861 0.918661 0.918661 0.918661
4150 9.482861 9.482861 9.482861 0.918661 0.918661 0.918661
4160 9.482861 9.482861 9.482861 0.918661 0.918661 0.918661
4170 9.482861 9.482861 9.482861 0.918661 0.918661 0.918661
4180 9.482861 9.482861 9.482861 0.918661 0.918661 0.918661
4190 9.482861 9.482861 9.482861 0.918661 0.918661 0.918661
4200 9.482861 9.482861 9.482861 0.918661 0.918661 0.918661
4210 9.482861 9.482861 9.482861 0.918661 0.918661 0.918661
4220 9.482861 9.482861 9.482861 0.918661 0.918661 0.918661
4230 9.482861 9.482861 9.482861 0.918661 0.918661 0.918661
4240 9.482861 9.482861 9.482861 0.918661 0.918661 0.918661
4250 9.482861 9.482861 9.482861 0.918661 0.918661 0.918661
4260 9.482861 9.482861 9.482861 0.918661 0.918661 0.918661
4270 9.482861 9.482861 9.482861 0.918661 0.918661 0.918661
4280 9.482861 9.482861 9.482861 0.918661 0.918661 0.918661
4290 9.482861 9.482861 9.482861 0.918661 0.918661 0.918661
4300 9.482861 9.482861 9.482861 0.918661 0.918661 0.918661
4310 9.482861 9.482861 9.482861 0.918661 0.918661 0.918661
4320 9.482861 9.482861 9.482861 0.918661 0.918661 0.918661
4330 9.482861 9.482861 9.482861 0.918661 0.918661 0.918661
4340 9.482861 9.482861 9.482861 0.918661 0.918661 0.918661
4350 9.482861 9.482861 9.482861 0.918661 0.918661 0.918661
4360 9.482861 9.482861 9.482861 0.918661 0.918661 0.918661
4370 9.482861 9.482861 9.482861 0.918661 0.918661 0.918661
4380 9.482861 9.482861 9.482861 0.918661 0.918661 0.918661
4390 9.482861 9.482861 9.482861 0.918661 0.918661 0.918661
4400 9.482861 9.482861 9.482861 0.918661 0.918661 0.918661
4410 9.482861 9.482861 9.482861 0.918661 0.918661 0.918661
4420 9.482861 9.482861 9.482861 0.918661 0.918661 0.918661
4430 9.482861 9.482861 9.482861 0.918661 0.918661 0.918661
4440 9.482861 9.482861 9.482861 0.918661 0.918661 0.918661
4450 9.482861 9.482861 9.482861 0.918661 0.918661 0.918661
4460 9.482861 9.482861 9.482861 0.918661 0.918661 0.918661
4470 9.482861 9.482861 9.482861 0.918661 0.918661 0.918661
4480 9.482861 9.482861 9.482861 0.918661 0.918661 0.918661
4490 9.482861 9.482861 9.482861 0.918661 0.918661 0.918661
4500 9.482861 9.482861 9.482861 0.918661 0.918661 0.918661
4510 9.482861 9.482861 9.482861 0.918661 0.918661 0.918661
4520 9.482861 9.482861 9.482861 0.918661 0.918661 0.918661
4530 9.482861 9.482861 9.482861 0.918661 0.918661 0.918661
4540 9.482861 9.482861 9.482861 0.918661 0.918661 0.918661
4550 9.482861 9.482861 9.482861 0.918661 0.918661 0.918661
4560 9.482861 9.482861 9.482861 0.918661 0.918661 0.918661
4570 9.482861 9.482861 9.482861 0.918661 0.918661 0.918661
4580 9.482861 9.482861 9.482861 0.918661 0.918661 0.918661
4590 9.482861 9.482861 9.482861 0.918661 0.918661 0.918661
4600 9.482861 9.482861 9.482861 0.918661 0.918661 0.918661
4610 9.482861 9.482861 9.482861 0.918661 0.918661 0.918661
4620 9.482861 9.482861 9.482861 0.918661 0.918661 0.918661
4630 9.482861 9.482861 9.482861 0.918661 0.918661 0.918661
4640 9.482861 9.482861 9.482861 0.918661 0.918661 0.918661
4650 9.482861 9.482861 9.482861 0.918661 0.918661 0.918661
4660 9.482861 9.482861 9.482861 0.918661 0.918661 0.918661
4670 9.482861 9.482861 9.482861 0.918661 0.918661 0.918661
4680 9.482861 9.482861 9.482861 0.918661 0.918661 0.918661
4690 9.482861 9.482861 9.482861 0.918661 0.918661 0.918661
4700 9.482861 9.482861 9.482861 0.918661 0.918661 0.918661
4710 9.482861 9.482861 9.482861 0.918661 0.918661 0.918661
4720 9.482861 9.482861 9.482861 0.918661 0.918661 0.918661
4730 9.482861 9.482861 9.482861 0.918661 0.918661 0.918661
4740 9.482861 9.482861 9.482861 0.918661 0.918661 0.918661
4750 9.482861 9.482861 9.482861 0.918661 0.918661 0.918661
4760 9.482861 9.482861 9.482861 0.918661 0.918661 0.918661
4770 9.482861 9.482861 9.482861 0.918661 0.918661 0.918661
4780 9.482861 9.482861 9.482861 0.918661 0.918661 0.918661
4790 9.482861 9.482861 9.482861 0.918661 0.918661 0.918661
4800 9.482861 9.482861 9.482861 0.918661 0.918661 0.918661
4810 9.482861 9.482861 9.482861 0.918661 0.918661 0.918661
4820 9.482861 9.482861 9.482861 0.918661 0.918661 0.918661
4830 9.482861 9.482861 9.482861 0.918661 0.918661 0.918661
4840 9.482861 9.482861 9.482861 0.918661 0.918661 0.918661
4850 9.482861 9.482861 9.482861 0.918661 0.918661 0.918661
4860 9.482861 9.482861 9.482861 0.918661 0.918661 0.918661
4870 9.482861 9.482861 9.482861 0.918661 0.918661 0.918661
4880 9.482861 9.482861 9.482861 0.918661 0.918661 0.918661
4890 9.482861 9.482861 9.482861 0.918661 0.918661 0.918661
4900 9.482861 9.482861 9.482861 0.918661 0.918661 0.918661
4910 9.482861 9.482861 9.482861 0.918661 0.918661 0.918661
4920 9.482861 9.482861 9.482861 0.918661 0.918661 0.918661
4930 9.482861 9.482861 9.482861 0.918661 0.918661 0.918661
4940 9.482861 9.482861 9.482861 0.918661 0.918661 0.918661
4950 9.482861 9.482861 9.482861 0.918661 0.918661 0.918661
4960 9.482861 9.482861 9.482861 0.918661 0.918661 0.918661
4970 9.482861 9.482861 9.482861 0.918661 0.918661 0.918661
4980 9.482861 9.482861 9.482861 0.918661 0.918661 0.918661
4990 9.482861 9.482861 9.482861 0.918661 0.918661 0.918661
5000 9.482861 9.482861 9.482861 0.918661 0.918661 0.918661
5010 9.482861 9.482861 9.482861 0.918661 0.918661 0.918661
5020 9.482861 9.482861 9.482861 0.918661 0.918661 0.918661
5030 9.482861 9.482861 9.482861 0.918661 0.918661 0.918661
5040 9.482861 9.482861 9.482861 0.918661 0.918661 0.918661
5050 9.482861 9.482861 9.482861 0.918661 0.918661 0.918661
5060 9.482861 9.482861 9.482861 0.918661 0.918661 0.918661
5070 9.482861 9.482861 9.482861 0.918661 0.918661 0.918661
5080 9.482861 9.482861 9.482861 0.918661 0.918661 0.918661
5090 9.482861 9.482861 9.482861 0.918661 0.918661 0.918661
5100 9.482861 9.482861 9.482861 0.918661 0.918661 0.918661
5110 9.482861 9.482861 9.482861 0.918661 0.918661 0.918661
5120 9.482861 9.482861 9.482861 0.918661 0.918661 0.918661
5130 9.482861 9.482861 9.482861 0.918661 0.918661 0.918661
5140 9.482861 9.482861 9.482861 0.918661 0.918661 0.918661
5150 9.482861 9.482861 9.482861 0.918661 0.918661 0.918661
5160 9.482861 9.482861 9.482861 0.918661 0.918661 0.918661
5170 9.482861 9.482861 9.482861 0.918661 0.918661 0.918661
5180 9.482861 9.482861 9.482861 0.918661 0.918661 0.918661
5190 9.482861 9.482861 9.482861 0.918661 0.918661 0.918661
5200 9.482861 9.482861 9.482861 0.918661 0.918661 0.918661
5210 9.482861 9.482861 9.482861 0.918661 0.918661 0.918661
5220 9.482861 9.482861 9.482861 0.918661 0.918661 0.918661
5230 9.482861 9.482861 9.482861 0.918661 0.918661 0.918661
5240 9.482861 9.482861 9.482861 0.918661 0.918661 0.918661
5250 9.482861 9.482861 9.482861 0.918661 0.918661 0.918661
5260 9.482861 9.482861 9.482861 0.918661 0.918661 0.918661
5270 9.482861 9.482861 9.482861 0.918661 0.918661 0.918661
5280 9.482861 9.482861 9.482861 0.918661 0.918661 0.918661
5290 9.482861 9.482861 9.482861 0.918661 0.918661 0.918661
5300 9.482861 9.482861 9.482861 0.918661 0.918661 0.918661
5310 9.482861 9.482861 9.482861 0.918661 0.918661 0.918661
5320 9.482861 9.482861 9.482861 0.918661 0.918661 0.918661
5330 9.482861 9.482861 9.482861 0.918661 0.918661 0.918661
5340 9.482861 9.482861 9.482861 0.918661 0.918661 0.918661
5350 9.482861 9.482861 9.482861 0.918661 0.918661 0.918661
5360 9.482861 9.482861 9.482861 0.918661 0.918661 0.918661
5370 9.482861 9.482861 9.482861 0.918661 0.918661 0.918661
5380 9.482861 9.482861 9.482861 0.918661 0.918661 0.918661
5390 9.482861 9.482861 9.482861 0.918661 0.918661 0.918661
5400 9.482861 9.482861 9.482861 0.918661 0.918661 0.918661
5410 9.482861 9.482861 9.482861 0.918661 0.918661 0.918661
5420 9.482861 9.482861 9.482861 0.918661 0.918661 0.918661
5430 9.482861 9.482861 9.482861 0.918661 0.918661 0.918661
5440 9.482861 9.482861 9.482861 0.918661 0.918661 0.918661
5450 9.482861 9.482861 9.482861 0.918661 0.918661 0.918661
5460 9.482861 9.482861 9.482861 0.918661 0.918661 0.918661
5470 9.482861 9.482861 9.482861 0.918661 0.918661 0.918661
5480 9.482861 9.482861 9.482861 0.918661 0.918661 0.918661
5490 9.482861 9.482861 9.482861 0.918661 0.918661 0.918661
5500 9.482861 9.482861 9.482861 0.918661 0.918661 0.918661
5510 9.482861 9.482861 9.482861 0.918661 0.918661 0.918661
5520 9.482861 9.482861 9.482861 0.918661 0.918661 0.918661
5530 9.482861 9.482861 9.482861 0.918661 0.918661 0.918661
5540 9.482861 9.482861 9.482861 0.918661 0.918661 0.918661
5550 9.482861 9.482861 9.482861 0.918661 0.918661 0.918661
5560 9.482861 9.482861 9.482861 0.918661 0.918661 0.918661
5570 9.482861 9.482861 9.482861 0.918661 0.918661 0.918661
5580 9.482861 9.482861 9.482861 0.918661 0.918661 0.918661
5590 9.482861 9.482861 9.482861 0.918661 0.918661 0.918661
5600 9.482861 9.482861 9.482861 0.918661 0.918661 0.918661
5610 9.482861 9.482861 9.482861 0.918661 0.918661 0.918661
5620 9.482861 9.482861 9.482861 0.918661 0.918661 0.918661
5630 9.482861 9.482861 9.482861 0.918661 0.918661 0.918661
5640 9.482861 9.482861 9.482861 0.918661 0.918661 0.918661
5650 9.482861 9.482861 9.482861 0.918661 0.918661 0.918661
5660 9.482861 9.482861 9.482861 0.918661 0.918661 0.918661
5670 9.482861 9.482861 9.482861 0.918661 0.918661 0.918661
5680 9.482861 9.482861 9.482861 0.918661 0.918661 0.918661
5690 9.482861 9.482861 9.482861 0.918661 0.918661 0.918661
5700 9.482861 9.482861 9.482861 0.918661 0.918661 0.918661
5710 9.482861 9.482861 9.482861 0.918661 0.918661 0.918661
5720 9.482861 9.482861 9.482861 0.918661 0.918661 0.918661
5730 9.482861 9.482861 9.482861 0.918661 0.918661 0.918661
5740 9.482861 9.482861 9.482861 0.918661 0.918661 0.918661
5750 9.482861 9.482861 9.482861 0.918661 0.918661 0.918661
5760 9.482861 9.482861 9.482861 0.918661 0.918661 0.918661
5770 9.482861 9.482861 9.482861 0.918661 0.918661 0.918661
5780 9.482861 9.482861 9.482861 0.918661 0.918661 0.918661
5790 9.482861 9.482861 9.482861 0.918661 0.918661 0.918661
5800 9.482861 9.482861 9.482861 0.918661 0.918661 0.918661
5810 9.482861 9.482861 9.482861 0.918661 0.918661 0.918661
5820 9.482861 9.482861 9.482861 0.918661 0.918661 0.918661
5830 9.482861 9.482861 9.482861 0.918661 0.918661 0.918661
5840 9.482861 9.482861 9.482861 0.918661 0.918661 0.918661
5850 9.482861 9.482861 9.482861 0.918661 0.918661 0.918661
5860 9.482861 9.482861 9.482861 0.918661 0.918661 0.918661
5870 9.482861 9.482861 9.482861 0.918661 0.918661 0.918661
5880 9.482861 9.482861 9.482861 0.918661 0.918661 0.918661
5890 9.482861 9.482861 9.482861 0.918661 0.918661 0.918661
5900 9.482861 9.482861 9.482861 0.918661 0.918661 0.918661
5910 9.482861 9.482861 9.482861 0.918661 0.918661 0.918661
5920 9.482861 9.482861 9.482861 0.918661 0.918661 0.918661
5930 9.482861 9.482861 9.482861 0.918661 0.918661 0.918661
5940 9.482861 9.482861 9.482861 0.918661 0.918661 0.918661
5950 9.482861 9.482861 9.482861 0.918661 0.918661 0.918661
5960 9.482861 9.482861 9.482861 0.918661 0.918661 0.918661
5970 9.482861 9.482861 9.482861 0.918661 0.918661 0.918661
5980 9.482861 9.482861 9.482861 0.918661 0.918661 0.918661
5990 9.482861 9.482861 9.482861 0.918661 0.918661 0.918661
6000 9.482861 9.482861 9.482861 0.918661 0.918661 0.918661
6010 9.482861 9.482861 9.482861 0.918661 0.918661 0.918661
6020 9.482861 9.482861 9.482861 0.918661 0.918661 0.918661
6030 9.482861 9.482861 9.482861 0.918661 0.918661 0.918661
6040 9.482861 9.482861 9.482861 0.918661 0.918661 0.918661
6050 9.482861 9.482861 9.482861 0.918661 0.918661 0.918661
6060 9.482861 9.482861 9.482861 0.918661 0.918661 0.918661
6070 9.482861 9.482861 9.482861 0.918661 0.918661 0.918661
6080 9.482861 9.482861 9.482861 0.918661 0.918661 0.918661
6090 9.482861 9.482861 9.482861 0.918661 0.918661 0.918661
6100 9.482861 9.482861 9.482861 0.918661 0.918661 0.918661
6110 9.482861 9.482861 9.482861 0.918661 0.918661 0.918661
6120 9.482861 9.482861 9.482861 0.918661 0.918661 0.918661
6130 9.482861 9.482861 9.482861 0.918661 0.918661 0.918661
6140 9.482861 9.482861 9.482861 0.918661 0.918661 0.918661
6150 9.482861 9.482861 9.482861 0.918661 0.918661 0.918661
6160 9.482861 9.482861 9.482861 0.918661 0.918661 0.918661
6170 9.482861 9.482861 9.482861 0.918661 0.918661 0.918661
6180 9.482861 9.482861 9.482861 0.918661 0.918661 0.918661
6190 9.482861 9.482861 9.482861 0.918661 0.918661 0.918661
6200 9.482861 9.482861 9.482861 0.918661 0.918661 0.918661
6210 9.482861 9.482861 9.482861 0.918661 0.918661 0.918661
6220 9.482861 9.482861 9.482861 0.918661 0.918661 0.918661
6230 9.482861 9.482861 9.482861 0.918661 0.918661 0.918661
6240 9.482861 9.482861 9.482861 0.918661 0.918661 0.918661
6250 9.482861 9.482861 9.482861 0.918661 0.918661 0.918661
6260 9.482861 9.482861 9.482861 0.918661 0.918661 0.918661
6270 9.482861 9.482861 9.482861 0.918661 0.918661 0.918661
6280 9.482861 9.482861 9.482861 0.918661 0.918661 0.918661
6290 9.482861 9.482861 9.482861 0.918661 0.918661 0.918661
6300 9.482861 9.482861 9.482861 0.918661 0.918661 0.918661
6310 9.482861 9.482861 9.482861 0.918661 0.918661 0.918661
6320 9.482861 9.482861 9.482861 0.918661 0.918661 0.918661
6330 9.482861 9.482861 9.482861 0.918661 0.918661 0.918661
6340 9.482861 9.482861 9.482861 0.918661 0.918661 0.918661
6350 9.482861 9.482861 9.482861 0.918661 0.918661 0.918661
6360 9.482861 9.482861 9.482861 0.918661 0.918661 0.918661
6370 9.482861 9.482861 9.482861 0.918661 0.918661 0.918661
6380 9.482861 9.482861 9.482861 0.918661 0.918661 0.918661
6390 9.482861 9.482861 9.482861 0.918661 0.918661 0.918661
6400 9.482861 9.482861 9.482861 0.918661 0.918661 0.918661
6410 9.482861 9.482861 9.482861 0.918661 0.918661 0.918661
6420 9.482861 9.482861 9.482861 0.918661 0.918661 0.918661
6430 9.482861 9.482861 9.482861 0.918661 0.918661 0.918661
6440 9.482861 9.482861 9.482861 0.918661 0.918661 0.918661
6450 9.482861 9.482861 9.482861 0.918661 0.918661 0.918661
6460 9.482861 9.482861 9.482861 0.918661 0.918661 0.918661
6470 9.482861 9.482861 9.482861 0.918661 0.918661 0.918661
6480 9.482861 9.482861 9.482861 0.918661 0.918661 0.918661
6490 9.482861 9.482861 9.482861 0.918661 0.918661 0.918661
6500 9.482861 9.482861 9.482861 0.918661 0.918661 0.918661
6510 9.482861 9.482861 9.482861 0.918661 0.918661 0.918661
6520 9.482861 9.482861 9.482861 0.918661 0.918661 0.918661
6530 9.482861 9.482861 9.482861 0.918661 0.918661 0.918661
6540 9.482861 9.482861 9.482861 0.918661 0.918661 0.918661
6550 9.482861 9.482861 9.482861 0.918661 0.918661 0.918661
6560 9.482861 9.482861 9.482861 0.918661 0.918661 0.918661
6570 9.482861 9.482861 9.482861 0.918661 0.918661 0.918661
6580 9.482861 9.482861 9.482861 0.918661 0.918661 0.918661
6590 9.482861 9.482861 9.482861 0.918661 0.918661 0.918661
6600 9.482861 9.482861 9.482861 0.918661 0.918661 0.918661
6610 9.482861 9.482861 9.482861 0.918661 0.918661 0.918661
6620 9.482861 9.482861 9.482861 0.918661 0.918661 0.918661
6630 9.482861 9.482861 9.482861 0.918661 0.918661 0.918661
6640 9.482861 9.482861 9.482861 0.918661 0.918661 0.918661
6650 9.482861 9.482861 9.482861 0.918661 0.918661 0.918661
6660 9.482861 9.482861 9.482861 0.918661 0.918661 0.918661
6670 9.482861 9.482861 9.482861 0.918661 0.918661 0.918661
6680 9.482861 9.482861 9.482861 0.918661 0.918661 0.918661
6690 9.482861 9.482861 9.482861 0.918661 0.918661 0.918661
6700 9.482861 9.482861 9.482861 0.918661 0.918661 0.918661
6710 9.482861 9.482861 9.482861 0.918661 0.918661 0.918661
6720 9.482861 9.482861 9.482861 0.918661 0.918661 0.918661
6730 9.482861 9.482861 9.482861 0.918661 0.918661 0.918661
6740 9.482861 9.482861 9.482861 0.918661 0.918661 0.918661
6750 9.482861 9.482861 9.482861 0.918661 0.918661 0.918661
6760 9.482861 9.482861 9.482861 0.918661 0.918661 0.918661
6770 9.482861 9.482861 9.482861 0.918661 0.918661 0.918661
6780 9.482861 9.482861 9.482861 0.918661 0.918661 0.918661
6790 9.482861 9.482861 9.482861 0.918661 0.918661 0.918661
6800 9.482861 9.482861 9.482861 0.918661 0.918661 0.918661
6810 9.482861 9.482861 9.482861 0.918661 0.918661 0.918661
6820 9.482861 9.482861 9.482861 0.918661 0.918661 0.918661
6830 9.482861 9.482861 9.482861 0.918661 0.918661 0.918661
6840 9.482861 9.482861 9.482861 0.918661 0.918661 0.918661
6850 9.482861 9.482861 9.482861 0.918661 0.918661 0.918661
6860 9.482861 9.482861 9.482861 0.918661 0.918661 0.918661
6870 9.482861 9.482861 9.482861 0.918661 0.918661 0.918661
6880 9.482861 9.482861 9.482861 0.918661 0.918661 0.918661
6890 9.482861 9.482861 9.482861 0.918661 0.918661 0.918661
6900 9.482861 9.482861 9.482861 0.918661 0.918661 0.918661
6910 9.482861 9.482861 9.482861 0.918661 0.918661 0.918661
6920 9.482861 9.482861 9.482861 0.918661 0.918661 0.918661
6930 9.482861 9.482861 9.482861 0.918661 0.918661 0.918661
6940 9.482861 9.482861 9.482861 0.918661 0.918661 0.918661
6950 9.482861 9.482861 9.482861 0.918661 0.918661 0.918661
6960 9.482861 9.482861 9.482861 0.918661 0.918661 0.918661
6970 9.482861 9.482861 9.482861 0.918661 0.918661 0.918661
6980 9.482861 9.482861 9.482861 0.918661 0.918661 0.918661
6990 9.482861 9.482861 9.482861 0.918661 0.918661 0.918661
7000 9.482861 9.482861 9.482861 0.918661 0.918661 0.918661
7010 9.482861 9.482861 9.482861 0.918661 0.918661 0.918661
7020 9.482861 9.482861 9.482861 0.918661 0.918661 0.918661
7030 9.482861 9.482861 9.482861 0.918661 0.918661 0.918661
7040 9.482861 9.482861 9.482861 0.918661 0.918661 0.918661
7050 9.482861 9.482861 9.482861 0.918661 0.918661 0.918661
7060 9.482861 9.482861 9.482861 0.918661 0.918661 0.918661
7070 9.482861 9.482861 9.482861 0.918661 0.918661 0.918661
7080 9.482861 9.482861 9.482861 0.918661 0.918661 0.918661
7090 9.482861 9.482861 9.482861 0.918661 0.918661 0.918661
7100 9.482861 9.482861 9.482861 0.918661 0.918661 0.918661
7110 9.482861 9.482861 9.482861 0.918661 0.918661 0.918661
7120 9.482861 9.482861 9.482861 0.918661 0.918661 0.918661
7130 9.482861 9.482861 9.482861 0.918661 0.918661 0.918661
7140 9.482861 9.482861 9.482861 0.918661 0.918661 0.918661
7150 9.482861 9.482861 9.482861 0.918661 0.918661 0.918661
7160 9.482861 9.482861 9.482861 0.918661 0.918661 0.918661
7170 9.482861 9.482861 9.482861 0.918661 0.918661 0.918661
7180 9.482861 9.482861 9.482861 0.918661 0.918661 0.918661
7190 9.482861 9.482861 9.482861 0.918661 0.918661 0.918661
7200 9.482861 9.482861 9.482861 0.918661 0.918661 0.918661
7210 9.482861 9.482861 9.482861 0.918661 0.918661 0.918661
7220 9.482861 9.482861 9.482861 0.918661 0.918661 0.918661
7230 9.482861 9.482861 9.482861 0.918661 0.918661 0.918661
7240 9.482861 9.482861 9.482861 0.918661 0.918661 0.918661
7250 9.482861 9.482861 9.482861 0.918661 0.918661 0.918661
7260 9.482861 9.482861 9.482861 0.918661 0.918661 0.918661
7270 9.482861 9.482861 9.482861 0.918661 0.918661 0.918661
7280 9.482861 9.482861 9.482861 0.918661 0.918661 0.918661
7290 9.482861 9.482861 9.482861 0.918661 0.918661 0.918661
7300 9.482861 9.482861 9.482861 0.918661 0.918661 0.918661
7310 9.482861 9.482861 9.482861 0.918661 0.918661 0.918661
7320 9.482861 9.482861 9.482861 0.918661 0.918661 0.918661
7330 9.482861 9.482861 9.482861 0.918661 0.918661 0.918661
7340 9.482861 9.482861 9.482861 0.918661 0.918661 0.918661
7350 9.482861 9.482861 9.482861 0.918661 0.918661 0.918661
7360 9.482861 9.482861 9.482861 0.918661 0.918661 0.918661
7370 9.482861 9.482861 9.482861 0.918661 0.918661 0.918661
7380 9.482861 9.482861 9.482861 0.918661 0.918661 0.918661
7390 9.482861 9.482861 9.482861 0.918661 0.918661 0.918661
7400 9.482861 9.482861 9.482861 0.918661 0.918661 0.918661
7410 9.482861 9.482861 9.482861 0.918661 0.918661 0.918661
7420 9.482861 9.482861 9.482861 0.918661 0.918661 0.918661
7430 9.482861 9.482861 9.482861 0.918661 0.918661 0.918661
7440 9.482861 9.482861 9.482861 0.918661 0.918661 0.918661
7450 9.482861 9.482861 9.482861 0.918661 0.918661 0.918661
7460 9.482861 9.482861 9.482861 0.918661 0.918661 0.918661
7470 9.482861 9.482861 9.482861 0.918661 0.918661 0.918661
7480 9.482861 9.482861 9.482861 0.918661 0.918661 0.918661
7490 9.482861 9.482861 9.482861 0.918661 0.918661 0.918661
7500 9.482861 9.482861 9.482861 0.918661 0.918661 0.918661
7510 9.482861 9.482861 9.482861 0.918661 0.918661 0.918661
7520 9.482861 9.482861 9.482861 0.918661 0.918661 0.918661
7530 9.482861 9.482861 9.482861 0.918661 0.918661 0.918661
7540 9.482861 9.482861 9.482861 0.918661 0.918661 0.918661
7550 9.482861 9.482861 9.482861 0.918661 0.918661 0.918661
7560 9.482861 9.482861 9.482861 0.918661 0.918661 0.918661
7570 9.482861 9.482861 9.482861 0.918661 0.918661 0.918661
7580 9.482861 9.482861 9.482861 0.918661 0.918661 0.918661
7590 9.482861 9.482861 9.482861 0.918661 0.918661 0.918661
7600 9.482861 9.482861 9.482861 0.918661 0.918661 0.918661
7610 9.482861 9.482861 9.482861 0.918661 0.918661 0.918661
7620 9.482861 9.482861 9.482861 0.918661 0.918661 0.918661
7630 9.482861 9.482861 9.482861 0.918661 0.918661 0.918661
7640 9.482861 9.482861 9.482861 0.918661 0.918661 0.918661
7650 9.482861 9.482861 9.482861 0.918661 0.918661 0.918661
7660 9.482861 9.482861 9.482861 0.918661 0.918661 0.918661
7670 9.482861 9.482861 9.482861 0.918661 0.918661 0.918661
7680 9.482861 9.482861 9.482861 0.918661 0.918661 0.918661
7690 9.482861 9.482861 9.482861 0.918661 0.918661 0.918661
7700 9.482861 9.482861 9.482861 0.918661 0.918661 0.918661
7710 9.482861 9.482861 9.482861 0.918661 0.918661 0.918661
7720 9.482861 9.482861 9.482861 0.918661 0.918661 0.918661
7730 9.482861 9.482861 9.482861 0.918661 0.918661 0.918661
7740 9.482861 9.482861 9.482861 0.918661 0.918661 0.918661
7750 9.482861 9.482861 9.482861 0.918661 0.918661 0.918661
7760 9.482861 9.482861 9.482861 0.918661 0.918661 0.918661
7770 9.482861 9.482861 9.482861 0.918661 0.918661 0.918661
7780 9.482861 9.482861 9.482861 0.918661 0.918661 0.918661
7790 9.482861 9.482861 9.482861 0.918661 0.918661 0.918661
7800 9.482861 9.482861 9.482861 0.918661 0.918661 0.918661
7810 9.482861 9.482861 9.482861 0.918661 0.918661 0.918661
7820 9.482861 9.482861 9.482861 0.918661 0.918661 0.918661
7830 9.482861 9.482861 9.482861 0.918661 0.918661 0.918661
7840 9.482861 9.482861 9.482861 0.918661 0.918661 0.918661
7850 9.482861 9.482861 9.482861 0.918661 0.918661 0.918661
7860 9.482861 9.482861 9.482861 0.918661 0.918661 0.918661
7870 9.482861 9.482861 9.482861 0.918661 0.918661 0.918661
7880 9.482861 9.482861 9.482861 0.918661 0.918661 0.918661
7890 9.482861 9.482861 9.482861 0.918661 0.918661 0.918661
7900 9.482861 9.482861 9.482861 0.918661 0.918661 0.918661
7910 9.482861 9.482861 9.482861 0.918661 0.918661 0.918661
7920 9.482861 9.482861 9.482861 0.918661 0.918661 0.918661
7930 9.482861 9.482861 9.482861 0.918661 0.918661 0.918661
7940 9.482861 9.482861 9.482861 0.918661 0.918661 0.918661
7950 9.482861 9.482861 9.482861 0.918661 0.918661 0.918661
7960 9.482861 9.482861 9.482861 0.918661 0.918661 0.918661
7970 9.482861 9.482861 9.482861 0.918661 0.918661 0.918661
7980 9.482861 9.482861 9.482861 0.918661 0.918661 0.918661
7990 9.482861 9.482861 9.482861 0.918661 0.918661 0.918661
8000 9.482861 9.482861 9.482861 0.918661 0.918661 0.918661
8010 9.482861 9.482861 9.482861 0.918661 0.918661 0.918661
8020 9.482861 9.482861 9.482861 0.918661 0.918661 0.918661
8030 9.482861 9.482861 9.482861 0.918661 0.918661 0.918661
8040 9.482861 9.482861 9.482861 0.918661 0.918661 0.918661
8050 9.482861 9.482861 9.482861 0.918661 0.918661 0.918661
8060 9.482861 9.482861 9.482861 0.918661 0.918661 0.918661
8070 9.482861 9.482861 9.482861 0.918661 0.918661 0.918661
8080 9.482861 9.482861 9.482861 0.918661 0.918661 0.918661
8090 9.482861 9.482861 9.482861 0.918661 0.918661 0.918661
8100 9.482861 9.482861 9.482861 0.918661 0.918661 0.918661
8110 9.482861 9.482861 9.482861 0.918661 0.918661 0.918661
8120 9.482861 9.482861 9.482861 0.918661 0.918661 0.918661
8130 9.482861 9.482861 9.482861 0.918661 0.918661 0.918661
8140 9.482861 9.482861 9.482861 0.918661 0.918661 0.918661
8150 9.482861 9.482861 9.482861 0.918661 0.918661 0.918661
8160 9.482861 9.482861 9.482861 0.918661 0.918661 0.918661
8170 9.482861 9.482861 9.482861 0.918661 0.918661 0.918661
8180 9.482861 9.482861 9.482861 0.918661 0.918661 0.918661
8190 9.482861 9.482861 9.482861 0.918661 0.918661 0.918661
8200 9.482861 9.482861 9.482861 0.918661 0.918661 0.918661
8210 9.482861 9.482861 9.482861 0.918661 0.918661 0.918661
8220 9.482861 9.482861 9.482861 0.918661 0.918661 0.918661
8230 9.482861 9.482861 9.482861 0.918661 0.918661 0.918661
8240 9.482861 9.482861 9.482861 0.918661 0.918661 0.918661
8250 9.482861 9.482861 9.482861 0.918661 0.918661 0.918661
8260 9.482861 9.482861 9.482861 0.918661 0.918661 0.918661
8270 9.482861 9.482861 9.482861 0.918661 0.918661 0.918661
8280 9.482861 9.482861 9.482861 0.918661 0.918661 0.918661
8290 9.482861 9.482861 9.482861 0.918661 0.918661 0.918661
8300 9.482861 9.482861 9.482861 0.918661 0.918661 0.918661
8310 9.482861 9.482861 9.482861 0.918661 0.918661 0.918661
8320 9.482861 9.482861 9.482861 0.918661 0.918661 0.918661
8330 9.482861 9.482861 9.482861 0.918661 0.918661 0.918661
8340 9.482861 9.482861 9.482861 0.918661 0.918661 0.918661
8350 9.482861 9.482861 9.482861 0.918661 0.918661 0.918661
8360 9.482861 9.482861 9.482861 0.918661 0.918661 0.918661
8370 9.482861 9.482861 9.482861 0.918661 0.918661 0.918661
8380 9.482861 9.482861 9.482861 0.918661 0.918661 0.918661
8390 9.482861 9.482861 9.482861 0.918661 0.918661 0.918661
8400 9.482861 9.482861 9.482861 0.918661 0.918661 0.918661
8410 9.482861 9.482861 9.482861 0.918661 0.918661 0.918661
8420 9.482861 9.482861 9.482861 0.918661 0.918661 0.918661
8430 9.482861 9.482861 9.482861 0.918661 0.918661 0.918661
8440 9.482861 9.482861 9.482861 0.918661 0.918661 0.918661
8450 9.482861 9.482861 9.482861 0.918661 0.918661 0.918661
8460 9.482861 9.482861 9.482861 0.918661 0.918661 0.918661
8470 9.482861 9.482861 9.482861 0.918661 0.918661 0.918661
8480 9.482861 9.482861 9.482861 0.918661 0.918661 0.918661
8490 9.482861 9.482861 9.482861 0.918661 0.918661 0.918661
8500 9.482861 9.482861 9.482861 0.918661 0.918661 0.918661
8510 9.482861 9.482861 9.482861 0.918661 0.918661 0.918661
8520 9.482861 9.482861 9.482861 0.918661 0.918661 0.918661
8530 9.482861 9.482861 9.482861 0.918661 0.918661 0.918661
8540 9.482861 9.482861 9.482861 0.918661 0.918661 0.918661
8550 9.482861 9.482861 9.482861 0.918661 0.918661 0.918661
8560 9.482861 9.482861 9.482861 0.918661 0.918661 0.918661
8570 9.482861 9.482861 9.482861 0.918661 0.918661 0.918661
8580 9.482861 9.482861 9.482861 0.918661 0.918661 0.918661
8590 9.482861 9.482861 9.482861 0.918661 0.918661 0.918661
8600 9.482861 9.482861 9.482861 0.918661 0.918661 0.918661
8610 9.482861 9.482861 9.482861 0.918661 0.918661 0.918661
8620 9.482861 9.482861 9.482861 0.918661 0.918661 0.918661
8630 9.482861 9.482861 9.482861 0.918661 0.918661 0.918661
8640 9.482861 9.482861 9.482861 0.918661 0.918661 0.918661
8650 9.482861 9.482861 9.482861 0.918661 0.918661 0.918661
8660 9.482861 9.482861 9.482861 0.918661 0.918661 0.918661
8670 9.482861 9.482861 9.482861 0.918661 0.918661 0.918661
8680 9.482861 9.482861 9.482861 0.918661 0.918661 0.918661
8690 9.482861 9.482861 9.482861 0.918661 0.918661 0.918661
8700 9.482861 9.482861 9.482861 0.918661 0.918661 0.918661
8710 9.482861 9.482861 9.482861 0.918661 0.918661 0.918661
8720 9.482861 9.482861 9.482861 0.918661 0.918661 0.918661
8730 9.482861 9.482861 9.482861 0.918661 0.918661 0.918661
8740 9.482861 9.482861 9.482861 0.918661 0.918661 0.918661
8750 9.482861 9.482861 9.482861 0.918661 0.918661 0.918661
8760 9.482861 9.482861 9.482861 0.918661 0.918661 0.918661
8770 9.482861 9.482861 9.482861 0.918661 0.918661 0.918661
8780 9.482861 9.482861 9.482861 0.918661 0.918661 0.918661
8790 9.482861 9.482861 9.482861 0.918661 0.918661 0.918661
8800 9.482861 9.482861 9.482861 0.918661 0.918661 0.918661
8810 9.482861 9.482861 9.482861 0.918661 0.918661 0.918661
8820 9.482861 9.482861 9.482861 0.918661 0.918661 0.918661
8830 9.482861 9.482861 9.482861 0.918661 0.918661 0.918661
8840 9.482861 9.482861 9.482861 0.918661 0.918661 0.918661
8850 9.482861 9.482861 9.482861 0.918661 0.918661 0.918661
8860 9.482861 9.482861 9.482861 0.918661 0.918661 0.918661
8870 9.482861 9.482861 9.482861 0.918661 0.918661 0.918661
8880 9.482861 9.482861 9.482861 0.918661 0.918661 0.918661
8890 9.482861 9.482861 9.482861 0.918661 0.918661 0.918661
8900 9.482861 9.482861 9.482861 0.918661 0.918661 0.918661
8910 9.482861 9.482861 9.482861 0.918661 0.918661 0.918661
8920 9.482861 9.482861 9.482861 0.918661 0.918661 0.918661
8930 9.482861 9.482861 9.482861 0.918661 0.918661 0.918661
8940 9.482861 9.482861 9.482861 0.918661 0.918661 0.918661
8950 9.482861 9.482861 9.482861 0.918661 0.918661 0.918661
8960 9.482861 9.482861 9.482861 0.918661 0.918661 0.918661
8970 9.482861 9.482861 9.482861 0.918661 0.918661 0.918661
8980 9.482861 9.482861 9.482861 0.918661 0.918661 0.918661
8990 9.482861 9.482861 9.482861 0.918661 0.918661 0.918661
9000 9.482861 9.482861 9.482861 0.918661 0.918661 0.918661
9010 9.482861 9.482861 9.482861 0.918661 0.918661 0.918661
9020 9.482861 9.482861 9.482861 0.918661 0.918661 0.918661
9030 9.482861 9.482861 9.482861 0.918661 0.918661 0.918661
9040 9.482861 9.482861 9.482861 0.918661 0.918661 0.918661
9050 9.482861 9.482861 9.482861 0.918661 0.918661 0.918661
9060 9.482861 9.482861 9.482861 0.918661 0.918661 0.918661
9070 9.482861 9.482861 9.482861 0.918661 0.918661 0.918661
9080 9.482861 9.482861 9.482861 0.918661 0.918661 0.918661
9090 9.482861 9.482861 9.482861 0.918661 0.918661 0.918661
9100 9.482861 9.482861 9.482861 0.918661 0.918661 0.918661
9110 9.482861 9.482861 9.482861 0.918661 0.918661 0.918661
9120 9.482861 9.482861 9.482861 0.918661 0.918661 0.918661
9130 9.482861 9.482861 9.482861 0.918661 0.918661 0.918661
9140 9.482861 9.482861 9.482861 0.918661 0.918661 0.918661
9150 9.482861 9.482861 9.482861 0.918661 0.918661 0.918661
9160 9.482861 9.482861 9.482861 0.918661 0.918661 0.918661
9170 9.482861 9.482861 9.482861 0.918661 0.918661 0.918661
9180 9.482861 9.482861 9.482861 0.918661 0.918661 0.918661
9190 9.482861 9.482861 9.482861 0.918661 0.918661 0.918661
9200 9.482861 9.482861 9.482861 0.918661 0.918661 0.918661
9210 9.482861 9.482861 9.482861 0.918661 0.918661 0.918661
9220 9.482861 9.482861 9.482861 0.918661 0.918661 0.918661
9230 9.482861 9.482861 9.482861 0.918661 0.918661 0.918661
9240 9.482861 9.482861 9.482861 0.918661 0.918661 0.918661
9250 9.482861 9.482861 9.482861 0.918661 0.918661 0.918661
9260 9.482861 9.482861 9.482861 0.918661 0.918661 0.918661
9270 9.482861 9.482861 9.482861 0.918661 0.918661 0.918661
9280 9.482861 9.482861 9.482861 0.918661 0.918661 0.918661
9290 9.482861 9.482861 9.482861 0.918661 0.918661 0.918661
9300 9.482861 9.482861 9.482861 0.918661 0.918661 0.918661
9310 9.482861 9.482861 9.482861 0.918661 0.918661 0.918661
9320 9.482861 9.482861 9.482861 0.918661 0.918661 0.918661
9330 9.482861 9.482861 9.482861 0.918661 0.918661 0.918661
9340 9.482861 9.482861 9.482861 0.918661 0.918661 0.918661
9350 9.482861 9.482861 9.482861 0.918661 0.918661 0.918661
9360 9.482861 9.482861 9.482861 0.918661 0.918661 0.918661
9370 9.482861 9.482861 9.482861 0.918661 0.918661 0.918661
9380 9.482861 9.482861 9.482861 0.918661 0.918661 0.918661
9390 9.482861 9.482861 9.482861 0.918661 0.918661 0.918661
9400 9.482861 9.482861 9.482861 0.918661 0.918661 0.918661
9410 9.482861 9.482861 9.482861 0.918661 0.918661 0.918661
9420 9.482861 9.482861 9.482861 0.918661 0.918661 0.918661
9430 9.482861 9.482861 9.482861 0.918661 0.918661 0.918661
9440 9.482861 9.482861 9.482861 0.918661 0.918661 0.918661
9450 9.482861 9.482861 9.482861 0.918661 0.918661 0.918661
9460 9.482861 9.482861 9.482861 0.918661 0.918661 0.918661
9470 9.482861 9.482861 9.482861 0.918661 0.918661 0.918661
9480 9.482861 9.482861 9.482861 0.918661 0.918661 0.918661
9490 9.482861 9.482861 9.482861 0.918661 0.918661 0.918661
9500 9.482861 9.482861 9.482861 0.918661 0.918661 0.918661
9510 9.482861 9.482861 9.482861 0.918661 0.918661 0.918661
9520 9.482861 9.482861 9.482861 0.918661 0.918661 0.918661
9530 9.482861 9.482861 9.482861 0.918661 0.918661 0.918661
9540 9.482861 9.482861 9.482861 0.918661 0.918661 0.918661
9550 9.482861 9.482861 9.482861 0.918661 0.918661 0.918661
9560 9.482861 9.482861 9.482861 0.918661 0.918661 0.918661
9570 9.482861 9.482861 9.482861 0.918661 0.918661 0.918661
9580 9.482861 9.482861 9.482861 0.918661 0.918661 0.918661
9590 9.482861 9.482861 9.482861 0.918661 0.918661 0.918661
9600 9.482861 9.482861 9.482861 0.918661 0.918661 0.918661
9610 9.482861 9.482861 9.482861 0.918661 0.918661 0.918661
9620 9.482861 9.482861 9.482861 0.918661 0.918661 0.918661
9630 9.482861 9.482861 9.482861 0.918661 0.918661 0.918661
9640 9.482861 9.482861 9.482861 0.918661 0.918661 0.918661
9650 9.482861 9.482861 9.482861 0.918661 0.918661 0.918661
9660 9.482861 9.482861 9.482861 0.918661 0.918661 0.918661
9670 9.482861 9.482861 9.482861 0.918661 0.918661 0.918661
9680 9.482861 9.482861 9.482861 0.918661 0.918661 0.918661
9690 9.482861 9.482861 9.482861 0.918661 0.918661 0.918661
9700 9.482861 9.482861 9.482861 0.918661 0.918661 0.918661
9710 9.482861 9.482861 9.482861 0.918661 0.918661 0.918661
9720 9.482861 9.482861 9.482861 0.918661 0.918661 0.918661
9730 9.482861 9.482861 9.482861 0.918661 0.918661 0.918661
9740 9.482861 9.482861 9.482861 0.918661 0.918661 0.918661
9750 9.482861 9.482861 9.482861 0.918661 0.918661 0.918661
9760 9.482861 9.482861 9.482861 0.918661 0.918661 0.918661
9770 9.482861 9.482861 9.482861 0.918661 0.918661 0.918661
9780 9.482861 9.482861 9.482861 0.918661 0.918661 0.918661
9790 9.482861 9.482861 9.482861 0.918661 0.918661 0.918661
9800 9.482861 9.482861 9.482861 0.918661 0.918661 0.918661
9810 9.482861 9.482861 9.482861 0.918661 0.918661 0.918661
9820 9.482861 9.482861 9.482861 0.918661 0.918661 0.918661
9830 9.482861 9.482861 9.482861 0.918661 0.918661 0.918661
9840 9.482861 9.482861 9.482861 0.918661 0.918661 0.918661
9850 9.482861 9.482861 9.482861 0.918661 0.918661 0.918661
9860 9.482861 9.482861 9.482861 0.918661 0.918661 0.918661
9870 9.482861 9.482861 9.482861 0.918661 0.918661 0.918661
9880 9.482861 9.482861 9.482861 0.918661 0.918661 0.918661
9890 9.482861 9.482861 9.482861 0.918661 0.918661 0.918661
9900 9.482861 9.482861 9.482861 0.918661 0.918661 0.918661
9910 9.482861 9.482861 9.482861 0.918661 0.918661 0.918661
9920 9.482861 9.482861 9.482861 0.918661 0.918661 0.918661
9930 9.482861 9.482861 9.482861 0.918661 0.918661 0.918661
9940 9.482861 9.482861 9.482861 0.918661 0.918661 0.918661
9950 9.482861 9.482861 9.482861 0.918661 0.918661 0.918661
9960 9.482861 9.482861 9.482861 0.918661 0.918661 0.918661
9970 9.482861 9.482861 9.482861 0.918661 0.918661 0.918661
9980 9.482861 9.482861 9.482861 0.918661 0.918661 0.918661
9990 9.482861 9.482861 9.482861 0.918661 0.918661 0.918661
10000 9.482861 9.482861 9.482861 0.918661 0.918661 0.918661
