# generation power_min power_avg power_max util_min util_avg util_max
1 45.263287 45.263287 45.263287 1.184691 1.481215 1.499943
10 44.941101 44.941101 44.941101 1.046993 1.465304 1.499943
20 44.846673 21.257210 44.846673 0.791177 1.431988 1.499943
30 44.796584 26.933829 44.796584 0.791177 1.391540 1.499943
40 44.645797 26.443319 44.645797 0.725799 1.349748 1.499881
50 44.645797 26.093529 44.645797 0.725799 1.305124 1.499881
60 44.645797 25.551480 44.645797 0.725799 1.261789 1.499881
70 44.645797 25.238052 44.645797 0.725799 1.213304 1.499881
80 40.862330 24.262839 40.862330 0.725799 1.164692 1.499881
90 40.862330 23.923879 40.862330 0.725799 1.115094 1.499789
100 32.251929 23.583864 32.251929 0.642887 1.062819 1.499789
110 32.251929 23.172763 32.251929 0.642887 1.015812 1.499671
120 31.159038 22.795156 31.159038 0.642887 0.968414 1.404610
130 28.454702 22.070769 28.454702 0.642887 0.951055 1.338421
140 18.424287 21.524777 26.321395 0.642887 0.933667 1.221833
150 17.327296 20.864136 25.289810 0.646138 0.925778 1.221833
160 17.327296 20.228782 23.730063 0.646138 0.914364 1.116618
170 16.615024 19.862157 23.071893 0.646138 0.901939 1.063922
180 16.615024 19.502530 22.511760 0.646138 0.890925 1.041141
190 16.073846 19.087038 21.790242 0.646138 0.884921 1.041141
200 15.817285 18.626834 21.063114 0.646138 0.887964 1.041141
210 15.744431 18.378769 20.566112 0.646138 0.882355 1.029669
220 20.038992 18.078663 20.038992 0.646138 0.888999 1.029669
230 19.491434 17.855919 19.491434 0.646138 0.892421 1.043697
240 19.218447 17.553072 19.218447 0.646138 0.900831 1.043697
250 18.791786 17.293610 18.791786 0.714599 0.912085 1.043697
260 18.550574 16.963502 18.550574 0.714599 0.914914 1.043697
270 18.352389 16.720323 18.352389 0.714599 0.925296 1.043697
280 18.157624 16.394203 18.157624 0.714599 0.934460 1.043697
290 17.588133 16.097705 17.588133 0.762105 0.943053 1.043697
300 17.212689 15.822868 17.212689 0.767160 0.952941 1.043697
310 16.880806 15.472267 16.880806 0.767160 0.963730 1.043697
320 12.973802 15.150209 16.615024 0.829403 0.970358 1.043697
330 12.973802 14.863875 16.201347 0.829403 0.974210 1.043697
340 12.973802 14.595764 15.744431 0.829403 0.976658 1.043697
350 12.973802 14.411438 15.337827 0.829403 0.975243 1.043697
360 12.897974 14.248708 15.152556 0.829403 0.975088 1.043697
370 15.015903 14.137613 15.015903 0.829403 0.974559 1.041489
380 12.169785 13.977623 14.848571 0.829403 0.972676 1.041489
390 12.169785 13.784891 14.615633 0.829403 0.972607 1.039638
400 12.169785 13.677119 14.445363 0.829403 0.970035 1.039638
410 12.169785 13.535232 14.350468 0.830738 0.971568 1.039638
420 11.954520 13.364695 14.163385 0.830738 0.969073 1.039638
430 11.954520 13.227700 14.048948 0.830738 0.967080 1.039638
440 11.848894 13.066778 13.928937 0.832865 0.969302 1.027742
450 11.848894 12.902934 13.743643 0.832865 0.969566 1.027742
460 11.848894 12.718652 13.600812 0.832865 0.968685 1.027742
470 11.848894 12.592463 13.512672 0.832865 0.964793 1.027742
480 11.830729 12.436039 13.369076 0.832865 0.965510 1.027742
490 11.830729 12.330726 13.128418 0.832865 0.964556 1.027742
500 11.751121 12.205651 12.897974 0.832865 0.963888 1.016567
510 11.733748 12.103603 12.786841 0.832865 0.965254 1.016567
520 11.733748 12.034050 12.626685 0.832865 0.962904 1.004005
530 11.733748 11.974425 12.480207 0.832865 0.963193 1.001190
540 11.733748 11.923462 12.275411 0.872487 0.964381 0.999447
550 11.733748 11.878131 12.169785 0.872487 0.963369 0.999447
560 11.672734 11.846269 11.986243 0.872487 0.960186 0.999447
570 11.672734 11.826626 11.954520 0.872487 0.957629 0.999447
580 11.661588 11.805862 11.928907 0.872487 0.954741 0.999447
590 11.574960 11.789435 11.848894 0.902097 0.951611 0.999447
600 11.574960 11.778327 11.848894 0.902097 0.945882 0.999447
610 11.574960 11.764906 11.848894 0.902097 0.939639 0.999447
620 11.574960 11.750206 11.839374 0.902097 0.933268 0.999447
630 11.574960 11.737485 11.823280 0.902097 0.927297 0.999447
640 11.574960 11.725092 11.776734 0.902097 0.924683 0.999447
650 11.574960 11.710999 11.759362 0.902097 0.924384 0.999447
660 11.494056 11.701815 11.751121 0.902097 0.921351 0.994406
670 11.494056 11.692168 11.751121 0.902097 0.923234 0.994406
680 11.494056 11.679311 11.751121 0.902097 0.925992 0.994406
690 11.485428 11.665360 11.751121 0.902097 0.929101 0.994406
700 11.485428 11.651695 11.751121 0.902097 0.932260 0.994406
710 11.481782 11.635860 11.733748 0.911195 0.932763 0.994406
720 11.481782 11.625453 11.670217 0.911195 0.928378 0.957039
730 11.481782 11.615606 11.661588 0.911195 0.928263 0.957039
740 11.404524 11.602146 11.661588 0.911195 0.931451 0.965426
750 11.404524 11.587475 11.661588 0.911195 0.933680 0.965426
760 11.400879 11.570288 11.661588 0.911195 0.936662 0.967016
770 11.400879 11.554148 11.661588 0.911195 0.940586 0.967016
780 11.400879 11.537013 11.661588 0.911195 0.943069 0.967016
790 11.400879 11.523851 11.580684 0.911195 0.943721 0.967016
800 11.400879 11.513838 11.580684 0.911195 0.942368 0.967016
810 11.400879 11.497937 11.580684 0.911195 0.943034 0.967016
820 11.400879 11.482614 11.580684 0.911195 0.943103 0.967016
830 11.400879 11.466941 11.574960 0.911195 0.947176 0.967016
840 11.400879 11.452399 11.574960 0.911195 0.952262 0.967016
850 11.400879 11.438263 11.494056 0.925333 0.956224 0.967016
860 11.400647 11.428943 11.494056 0.925333 0.957804 0.967727
870 11.400647 11.419696 11.493825 0.925333 0.959352 0.967727
880 11.400647 11.410821 11.485428 0.925333 0.962188 0.967727
890 11.400647 11.402692 11.481782 0.926923 0.966220 0.967727
900 11.400647 11.401555 11.404524 0.965426 0.966764 0.967727
910 11.400647 11.401188 11.404524 0.965426 0.966930 0.967727
920 11.400647 11.400869 11.400879 0.967016 0.967045 0.967727
930 11.400647 11.400865 11.400879 0.967016 0.967059 0.967727
940 11.400647 11.400865 11.400879 0.967016 0.967059 0.967727
950 11.400647 11.400860 11.400879 0.967016 0.967073 0.967727
960 11.400647 11.400858 11.400879 0.967016 0.967080 0.967727
970 11.400647 11.400851 11.400879 0.967016 0.967102 0.967727
980 11.400647 11.400851 11.400879 0.967016 0.967102 0.967727
990 11.400647 11.400842 11.400879 0.967016 0.967130 0.967727
1000 11.400647 11.400835 11.400879 0.967016 0.967151 0.967727
1010 11.400647 11.400825 11.400879 0.967016 0.967180 0.967727
1020 11.400647 11.400812 11.400879 0.967016 0.967222 0.967727
1030 11.400647 11.400795 11.400879 0.967016 0.967272 0.967727
1040 11.400647 11.400786 11.400879 0.967016 0.967301 0.967727
1050 11.400647 11.400770 11.400879 0.967016 0.967350 0.967727
1060 11.400647 11.400749 11.400879 0.967016 0.967414 0.967727
1070 11.400647 11.400726 11.400879 0.967016 0.967485 0.967727
1080 11.400647 11.400703 11.400879 0.967016 0.967556 0.967727
1090 11.400647 11.400680 11.400879 0.967016 0.967627 0.967727
1100 11.400647 11.400657 11.400879 0.967016 0.967698 0.967727
1110 11.400647 11.400647 11.400647 0.967727 0.967727 0.967727
1120 11.400647 11.400647 11.400647 0.967727 0.967727 0.967727
1130 11.400647 11.400647 11.400647 0.967727 0.967727 0.967727
1140 11.400647 11.400647 11.400647 0.967727 0.967727 0.967727
1150 11.400647 11.400647 11.400647 0.967727 0.967727 0.967727
1160 11.400647 11.400647 11.400647 0.967727 0.967727 0.967727
1170 11.400647 11.400647 11.400647 0.967727 0.967727 0.967727
1180 11.400647 11.400647 11.400647 0.967727 0.967727 0.967727
1190 11.400647 11.400647 11.400647 0.967727 0.967727 0.967727
1200 11.400647 11.400647 11.400647 0.967727 0.967727 0.967727
1210 11.400647 11.400647 11.400647 0.967727 0.967727 0.967727
1220 11.400647 11.400647 11.400647 0.967727 0.967727 0.967727
1230 11.400647 11.400647 11.400647 0.967727 0.967727 0.967727
1240 11.400647 11.400647 11.400647 0.967727 0.967727 0.967727
1250 11.400647 11.400647 11.400647 0.967727 0.967727 0.967727
1260 11.400647 11.400647 11.400647 0.967727 0.967727 0.967727
1270 11.400647 11.400647 11.400647 0.967727 0.967727 0.967727
1280 11.400647 11.400647 11.400647 0.967727 0.967727 0.967727
1290 11.400647 11.400647 11.400647 0.967727 0.967727 0.967727
1300 11.400647 11.400647 11.400647 0.967727 0.967727 0.967727
1310 11.400647 11.400647 11.400647 0.967727 0.967727 0.967727
1320 11.400647 11.400647 11.400647 0.967727 0.967727 0.967727
1330 11.400647 11.400647 11.400647 0.967727 0.967727 0.967727
1340 11.400647 11.400647 11.400647 0.967727 0.967727 0.967727
1350 11.400647 11.400647 11.400647 0.967727 0.967727 0.967727
1360 11.400647 11.400647 11.400647 0.967727 0.967727 0.967727
1370 11.400647 11.400647 11.400647 0.967727 0.967727 0.967727
1380 11.400647 11.400647 11.400647 0.967727 0.967727 0.967727
1390 11.400647 11.400647 11.400647 0.967727 0.967727 0.967727
1400 11.400647 11.400647 11.400647 0.967727 0.967727 0.967727
1410 11.400647 11.400647 11.400647 0.967727 0.967727 0.967727
1420 11.400647 11.400647 11.400647 0.967727 0.967727 0.967727
1430 11.400647 11.400647 11.400647 0.967727 0.967727 0.967727
1440 11.400647 11.400647 11.400647 0.967727 0.967727 0.967727
1450 11.400647 11.400647 11.400647 0.967727 0.967727 0.967727
1460 11.400647 11.400647 11.400647 0.967727 0.967727 0.967727
1470 11.400647 11.400647 11.400647 0.967727 0.967727 0.967727
1480 11.400647 11.400647 11.400647 0.967727 0.967727 0.967727
1490 11.400647 11.400647 11.400647 0.967727 0.967727 0.967727
1500 11.400647 11.400647 11.400647 0.967727 0.967727 0.967727
1510 11.400647 11.400647 11.400647 0.967727 0.967727 0.967727
1520 11.400647 11.400647 11.400647 0.967727 0.967727 0.967727
1530 11.400647 11.400647 11.400647 0.967727 0.967727 0.967727
1540 11.400647 11.400647 11.400647 0.967727 0.967727 0.967727
1550 11.400647 11.400647 11.400647 0.967727 0.967727 0.967727
1560 11.400647 11.400647 11.400647 0.967727 0.967727 0.967727
1570 11.400647 11.400647 11.400647 0.967727 0.967727 0.967727
1580 11.400647 11.400647 11.400647 0.967727 0.967727 0.967727
1590 11.400647 11.400647 11.400647 0.967727 0.967727 0.967727
1600 11.400647 11.400647 11.400647 0.967727 0.967727 0.967727
1610 11.400647 11.400647 11.400647 0.967727 0.967727 0.967727
1620 11.400647 11.400647 11.400647 0.967727 0.967727 0.967727
1630 11.400647 11.400647 11.400647 0.967727 0.967727 0.967727
1640 11.400647 11.400647 11.400647 0.967727 0.967727 0.967727
1650 11.400647 11.400647 11.400647 0.967727 0.967727 0.967727
1660 11.400647 11.400647 11.400647 0.967727 0.967727 0.967727
1670 11.400647 11.400647 11.400647 0.967727 0.967727 0.967727
1680 11.400647 11.400647 11.400647 0.967727 0.967727 0.967727
1690 11.400647 11.400647 11.400647 0.967727 0.967727 0.967727
1700 11.400647 11.400647 11.400647 0.967727 0.967727 0.967727
1710 11.400647 11.400647 11.400647 0.967727 0.967727 0.967727
1720 11.400647 11.400647 11.400647 0.967727 0.967727 0.967727
1730 11.400647 11.400647 11.400647 0.967727 0.967727 0.967727
1740 11.400647 11.400647 11.400647 0.967727 0.967727 0.967727
1750 11.400647 11.400647 11.400647 0.967727 0.967727 0.967727
1760 11.400647 11.400647 11.400647 0.967727 0.967727 0.967727
1770 11.400647 11.400647 11.400647 0.967727 0.967727 0.967727
1780 11.400647 11.400647 11.400647 0.967727 0.967727 0.967727
1790 11.400647 11.400647 11.400647 0.967727 0.967727 0.967727
1800 11.400647 11.400647 11.400647 0.967727 0.967727 0.967727
1810 11.400647 11.400647 11.400647 0.967727 0.967727 0.967727
1820 11.400647 11.400647 11.400647 0.967727 0.967727 0.967727
1830 11.400647 11.400647 11.400647 0.967727 0.967727 0.967727
1840 11.400647 11.400647 11.400647 0.967727 0.967727 0.967727
1850 11.400647 11.400647 11.400647 0.967727 0.967727 0.967727
1860 11.400647 11.400647 11.400647 0.967727 0.967727 0.967727
1870 11.400647 11.400647 11.400647 0.967727 0.967727 0.967727
1880 11.400647 11.400647 11.400647 0.967727 0.967727 0.967727
1890 11.400647 11.400647 11.400647 0.967727 0.967727 0.967727
1900 11.400647 11.400647 11.400647 0.967727 0.967727 0.967727
1910 11.400647 11.400647 11.400647 0.967727 0.967727 0.967727
1920 11.400647 11.400647 11.400647 0.967727 0.967727 0.967727
1930 11.400647 11.400647 11.400647 0.967727 0.967727 0.967727
1940 11.400647 11.400647 11.400647 0.967727 0.967727 0.967727
1950 11.400647 11.400647 11.400647 0.967727 0.967727 0.967727
1960 11.400647 11.400647 11.400647 0.967727 0.967727 0.967727
1970 11.400647 11.400647 11.400647 0.967727 0.967727 0.967727
1980 11.400647 11.400647 11.400647 0.967727 0.967727 0.967727
1990 11.400647 11.400647 11.400647 0.967727 0.967727 0.967727
2000 11.400647 11.400647 11.400647 0.967727 0.967727 0.967727
2010 11.400647 11.400647 11.400647 0.967727 0.967727 0.967727
2020 11.400647 11.400647 11.400647 0.967727 0.967727 0.967727
2030 11.400647 11.400647 11.400647 0.967727 0.967727 0.967727
2040 11.400647 11.400647 11.400647 0.967727 0.967727 0.967727
2050 11.400647 11.400647 11.400647 0.967727 0.967727 0.967727
2060 11.400647 11.400647 11.400647 0.967727 0.967727 0.967727
2070 11.400647 11.400647 11.400647 0.967727 0.967727 0.967727
2080 11.400647 11.400647 11.400647 0.967727 0.967727 0.967727
2090 11.400647 11.400647 11.400647 0.967727 0.967727 0.967727
2100 11.400647 11.400647 11.400647 0.967727 0.967727 0.967727
2110 11.400647 11.400647 11.400647 0.967727 0.967727 0.967727
2120 11.400647 11.400647 11.400647 0.967727 0.967727 0.967727
2130 11.400647 11.400647 11.400647 0.967727 0.967727 0.967727
2140 11.400647 11.400647 11.400647 0.967727 0.967727 0.967727
2150 11.400647 11.400647 11.400647 0.967727 0.967727 0.967727
2160 11.400647 11.400647 11.400647 0.967727 0.967727 0.967727
2170 11.400647 11.400647 11.400647 0.967727 0.967727 0.967727
2180 11.400647 11.400647 11.400647 0.967727 0.967727 0.967727
2190 11.400647 11.400647 11.400647 0.967727 0.967727 0.967727
2200 11.400647 11.400647 11.400647 0.967727 0.967727 0.967727
2210 11.400647 11.400647 11.400647 0.967727 0.967727 0.967727
2220 11.400647 11.400647 11.400647 0.967727 0.967727 0.967727
2230 11.400647 11.400647 11.400647 0.967727 0.967727 0.967727
2240 11.400647 11.400647 11.400647 0.967727 0.967727 0.967727
2250 11.400647 11.400647 11.400647 0.967727 0.967727 0.967727
2260 11.400647 11.400647 11.400647 0.967727 0.967727 0.967727
2270 11.400647 11.400647 11.400647 0.967727 0.967727 0.967727
2280 11.400647 11.400647 11.400647 0.967727 0.967727 0.967727
2290 11.400647 11.400647 11.400647 0.967727 0.967727 0.967727
2300 11.400647 11.400647 11.400647 0.967727 0.967727 0.967727
2310 11.400647 11.400647 11.400647 0.967727 0.967727 0.967727
2320 11.400647 11.400647 11.400647 0.967727 0.967727 0.967727
2330 11.400647 11.400647 11.400647 0.967727 0.967727 0.967727
2340 11.400647 11.400647 11.400647 0.967727 0.967727 0.967727
2350 11.400647 11.400647 11.400647 0.967727 0.967727 0.967727
2360 11.400647 11.400647 11.400647 0.967727 0.967727 0.967727
2370 11.400647 11.400647 11.400647 0.967727 0.967727 0.967727
2380 11.400647 11.400647 11.400647 0.967727 0.967727 0.967727
2390 11.400647 11.400647 11.400647 0.967727 0.967727 0.967727
2400 11.400647 11.400647 11.400647 0.967727 0.967727 0.967727
2410 11.400647 11.400647 11.400647 0.967727 0.967727 0.967727
2420 11.400647 11.400647 11.400647 0.967727 0.967727 0.967727
2430 11.400647 11.400647 11.400647 0.967727 0.967727 0.967727
2440 11.400647 11.400647 11.400647 0.967727 0.967727 0.967727
2450 11.400647 11.400647 11.400647 0.967727 0.967727 0.967727
2460 11.400647 11.400647 11.400647 0.967727 0.967727 0.967727
2470 11.400647 11.400647 11.400647 0.967727 0.967727 0.967727
2480 11.400647 11.400647 11.400647 0.967727 0.967727 0.967727
2490 11.400647 11.400647 11.400647 0.967727 0.967727 0.967727
2500 11.400647 11.400647 11.400647 0.967727 0.967727 0.967727
2510 11.400647 11.400647 11.400647 0.967727 0.967727 0.967727
2520 11.400647 11.400647 11.400647 0.967727 0.967727 0.967727
2530 11.400647 11.400647 11.400647 0.967727 0.967727 0.967727
2540 11.400647 11.400647 11.400647 0.967727 0.967727 0.967727
2550 11.400647 11.400647 11.400647 0.967727 0.967727 0.967727
2560 11.400647 11.400647 11.400647 0.967727 0.967727 0.967727
2570 11.400647 11.400647 11.400647 0.967727 0.967727 0.967727
2580 11.400647 11.400647 11.400647 0.967727 0.967727 0.967727
2590 11.400647 11.400647 11.400647 0.967727 0.967727 0.967727
2600 11.400647 11.400647 11.400647 0.967727 0.967727 0.967727
2610 11.400647 11.400647 11.400647 0.967727 0.967727 0.967727
2620 11.400647 11.400647 11.400647 0.967727 0.967727 0.967727
2630 11.400647 11.400647 11.400647 0.967727 0.967727 0.967727
2640 11.400647 11.400647 11.400647 0.967727 0.967727 0.967727
2650 11.400647 11.400647 11.400647 0.967727 0.967727 0.967727
2660 11.400647 11.400647 11.400647 0.967727 0.967727 0.967727
2670 11.400647 11.400647 11.400647 0.967727 0.967727 0.967727
2680 11.400647 11.400647 11.400647 0.967727 0.967727 0.967727
2690 11.400647 11.400647 11.400647 0.967727 0.967727 0.967727
2700 11.400647 11.400647 11.400647 0.967727 0.967727 0.967727
2710 11.400647 11.400647 11.400647 0.967727 0.967727 0.967727
2720 11.400647 11.400647 11.400647 0.967727 0.967727 0.967727
2730 11.400647 11.400647 11.400647 0.967727 0.967727 0.967727
2740 11.400647 11.400647 11.400647 0.967727 0.967727 0.967727
2750 11.400647 11.400647 11.400647 0.967727 0.967727 0.967727
2760 11.400647 11.400647 11.400647 0.967727 0.967727 0.967727
2770 11.400647 11.400647 11.400647 0.967727 0.967727 0.967727
2780 11.400647 11.400647 11.400647 0.967727 0.967727 0.967727
2790 11.400647 11.400647 11.400647 0.967727 0.967727 0.967727
2800 11.400647 11.400647 11.400647 0.967727 0.967727 0.967727
2810 11.400647 11.400647 11.400647 0.967727 0.967727 0.967727
2820 11.400647 11.400647 11.400647 0.967727 0.967727 0.967727
2830 11.400647 11.400647 11.400647 0.967727 0.967727 0.967727
2840 11.400647 11.400647 11.400647 0.967727 0.967727 0.967727
2850 11.400647 11.400647 11.400647 0.967727 0.967727 0.967727
2860 11.400647 11.400647 11.400647 0.967727 0.967727 0.967727
2870 11.400647 11.400647 11.400647 0.967727 0.967727 0.967727
2880 11.400647 11.400647 11.400647 0.967727 0.967727 0.967727
2890 11.400647 11.400647 11.400647 0.967727 0.967727 0.967727
2900 11.400647 11.400647 11.400647 0.967727 0.967727 0.967727
2910 11.400647 11.400647 11.400647 0.967727 0.967727 0.967727
2920 11.400647 11.400647 11.400647 0.967727 0.967727 0.967727
2930 11.400647 11.400647 11.400647 0.967727 0.967727 0.967727
2940 11.400647 11.400647 11.400647 0.967727 0.967727 0.967727
2950 11.400647 11.400647 11.400647 0.967727 0.967727 0.967727
2960 11.400647 11.400647 11.400647 0.967727 0.967727 0.967727
2970 11.400647 11.400647 11.400647 0.967727 0.967727 0.967727
2980 11.400647 11.400647 11.400647 0.967727 0.967727 0.967727
2990 11.400647 11.400647 11.400647 0.967727 0.967727 0.967727
3000 11.400647 11.400647 11.400647 0.967727 0.967727 0.967727
3010 11.400647 11.400647 11.400647 0.967727 0.967727 0.967727
3020 11.400647 11.400647 11.400647 0.967727 0.967727 0.967727
3030 11.400647 11.400647 11.400647 0.967727 0.967727 0.967727
3040 11.400647 11.400647 11.400647 0.967727 0.967727 0.967727
3050 11.400647 11.400647 11.400647 0.967727 0.967727 0.967727
3060 11.400647 11.400647 11.400647 0.967727 0.967727 0.967727
3070 11.400647 11.400647 11.400647 0.967727 0.967727 0.967727
3080 11.400647 11.400647 11.400647 0.967727 0.967727 0.967727
3090 11.400647 11.400647 11.400647 0.967727 0.967727 0.967727
3100 11.400647 11.400647 11.400647 0.967727 0.967727 0.967727
3110 11.400647 11.400647 11.400647 0.967727 0.967727 0.967727
3120 11.400647 11.400647 11.400647 0.967727 0.967727 0.967727
3130 11.400647 11.400647 11.400647 0.967727 0.967727 0.967727
3140 11.400647 11.400647 11.400647 0.967727 0.967727 0.967727
3150 11.400647 11.400647 11.400647 0.967727 0.967727 0.967727
3160 11.400647 11.400647 11.400647 0.967727 0.967727 0.967727
3170 11.400647 11.400647 11.400647 0.967727 0.967727 0.967727
3180 11.400647 11.400647 11.400647 0.967727 0.967727 0.967727
3190 11.400647 11.400647 11.400647 0.967727 0.967727 0.967727
3200 11.400647 11.400647 11.400647 0.967727 0.967727 0.967727
3210 11.400647 11.400647 11.400647 0.967727 0.967727 0.967727
3220 11.400647 11.400647 11.400647 0.967727 0.967727 0.967727
3230 11.400647 11.400647 11.400647 0.967727 0.967727 0.967727
3240 11.400647 11.400647 11.400647 0.967727 0.967727 0.967727
3250 11.400647 11.400647 11.400647 0.967727 0.967727 0.967727
3260 11.400647 11.400647 11.400647 0.967727 0.967727 0.967727
3270 11.400647 11.400647 11.400647 0.967727 0.967727 0.967727
3280 11.400647 11.400647 11.400647 0.967727 0.967727 0.967727
3290 11.400647 11.400647 11.400647 0.967727 0.967727 0.967727
3300 11.400647 11.400647 11.400647 0.967727 0.967727 0.967727
3310 11.400647 11.400647 11.400647 0.967727 0.967727 0.967727
3320 11.400647 11.400647 11.400647 0.967727 0.967727 0.967727
3330 11.400647 11.400647 11.400647 0.967727 0.967727 0.967727
3340 11.400647 11.400647 11.400647 0.967727 0.967727 0.967727
3350 11.400647 11.400647 11.400647 0.967727 0.967727 0.967727
3360 11.400647 11.400647 11.400647 0.967727 0.967727 0.967727
3370 11.400647 11.400647 11.400647 0.967727 0.967727 0.967727
3380 11.400647 11.400647 11.400647 0.967727 0.967727 0.967727
3390 11.400647 11.400647 11.400647 0.967727 0.967727 0.967727
3400 11.400647 11.400647 11.400647 0.967727 0.967727 0.967727
3410 11.400647 11.400647 11.400647 0.967727 0.967727 0.967727
3420 11.400647 11.400647 11.400647 0.967727 0.967727 0.967727
3430 11.400647 11.400647 11.400647 0.967727 0.967727 0.967727
3440 11.400647 11.400647 11.400647 0.967727 0.967727 0.967727
3450 11.400647 11.400647 11.400647 0.967727 0.967727 0.967727
3460 11.400647 11.400647 11.400647 0.967727 0.967727 0.967727
3470 11.400647 11.400647 11.400647 0.967727 0.967727 0.967727
3480 11.400647 11.400647 11.400647 0.967727 0.967727 0.967727
3490 11.400647 11.400647 11.400647 0.967727 0.967727 0.967727
3500 11.400647 11.400647 11.400647 0.967727 0.967727 0.967727
3510 11.400647 11.400647 11.400647 0.967727 0.967727 0.967727
3520 11.400647 11.400647 11.400647 0.967727 0.967727 0.967727
3530 11.400647 11.400647 11.400647 0.967727 0.967727 0.967727
3540 11.400647 11.400647 11.400647 0.967727 0.967727 0.967727
3550 11.400647 11.400647 11.400647 0.967727 0.967727 0.967727
3560 11.400647 11.400647 11.400647 0.967727 0.967727 0.967727
3570 11.400647 11.400647 11.400647 0.967727 0.967727 0.967727
3580 11.400647 11.400647 11.400647 0.967727 0.967727 0.967727
3590 11.400647 11.400647 11.400647 0.967727 0.967727 0.967727
3600 11.400647 11.400647 11.400647 0.967727 0.967727 0.967727
3610 11.400647 11.400647 11.400647 0.967727 0.967727 0.967727
3620 11.400647 11.400647 11.400647 0.967727 0.967727 0.967727
3630 11.400647 11.400647 11.400647 0.967727 0.967727 0.967727
3640 11.400647 11.400647 11.400647 0.967727 0.967727 0.967727
3650 11.400647 11.400647 11.400647 0.967727 0.967727 0.967727
3660 11.400647 11.400647 11.400647 0.967727 0.967727 0.967727
3670 11.400647 11.400647 11.400647 0.967727 0.967727 0.967727
3680 11.400647 11.400647 11.400647 0.967727 0.967727 0.967727
3690 11.400647 11.400647 11.400647 0.967727 0.967727 0.967727
3700 11.400647 11.400647 11.400647 0.967727 0.967727 0.967727
3710 11.400647 11.400647 11.400647 0.967727 0.967727 0.967727
3720 11.400647 11.400647 11.400647 0.967727 0.967727 0.967727
3730 11.400647 11.400647 11.400647 0.967727 0.967727 0.967727
3740 11.400647 11.400647 11.400647 0.967727 0.967727 0.967727
3750 11.400647 11.400647 11.400647 0.967727 0.967727 0.967727
3760 11.400647 11.400647 11.400647 0.967727 0.967727 0.967727
3770 11.400647 11.400647 11.400647 0.967727 0.967727 0.967727
3780 11.400647 11.400647 11.400647 0.967727 0.967727 0.967727
3790 11.400647 11.400647 11.400647 0.967727 0.967727 0.967727
3800 11.400647 11.400647 11.400647 0.967727 0.967727 0.967727
3810 11.400647 11.400647 11.400647 0.967727 0.967727 0.967727
3820 11.400647 11.400647 11.400647 0.967727 0.967727 0.967727
3830 11.400647 11.400647 11.400647 0.967727 0.967727 0.967727
3840 11.400647 11.400647 11.400647 0.967727 0.967727 0.967727
3850 11.400647 11.400647 11.400647 0.967727 0.967727 0.967727
3860 11.400647 11.400647 11.400647 0.967727 0.967727 0.967727
3870 11.400647 11.400647 11.400647 0.967727 0.967727 0.967727
3880 11.400647 11.400647 11.400647 0.967727 0.967727 0.967727
3890 11.400647 11.400647 11.400647 0.967727 0.967727 0.967727
3900 11.400647 11.400647 11.400647 0.967727 0.967727 0.967727
3910 11.400647 11.400647 11.400647 0.967727 0.967727 0.967727
3920 11.400647 11.400647 11.400647 0.967727 0.967727 0.967727
3930 11.400647 11.400647 11.400647 0.967727 0.967727 0.967727
3940 11.400647 11.400647 11.400647 0.967727 0.967727 0.967727
3950 11.400647 11.400647 11.400647 0.967727 0.967727 0.967727
3960 11.400647 11.400647 11.400647 0.967727 0.967727 0.967727
3970 11.400647 11.400647 11.400647 0.967727 0.967727 0.967727
3980 11.400647 11.400647 11.400647 0.967727 0.967727 0.967727
3990 11.400647 11.400647 11.400647 0.967727 0.967727 0.967727
4000 11.400647 11.400647 11.400647 0.967727 0.967727 0.967727
4010 11.400647 11.400647 11.400647 0.967727 0.967727 0.967727
4020 11.400647 11.400647 11.400647 0.967727 0.967727 0.967727
4030 11.400647 11.400647 11.400647 0.967727 0.967727 0.967727
4040 11.400647 11.400647 11.400647 0.967727 0.967727 0.967727
4050 11.400647 11.400647 11.400647 0.967727 0.967727 0.967727
4060 11.400647 11.400647 11.400647 0.967727 0.967727 0.967727
4070 11.400647 11.400647 11.400647 0.967727 0.967727 0.967727
4080 11.400647 11.400647 11.400647 0.967727 0.967727 0.967727
4090 11.400647 11.400647 11.400647 0.967727 0.967727 0.967727
4100 11.400647 11.400647 11.400647 0.967727 0.967727 0.967727
4110 11.400647 11.400647 11.400647 0.967727 0.967727 0.967727
4120 11.400647 11.400647 11.400647 0.967727 0.967727 0.967727
4130 11.400647 11.400647 11.400647 0.967727 0.967727 0.967727
4140 11.400647 11.400647 11.400647 0.967727 0.967727 0.967727
4150 11.400647 11.400647 11.400647 0.967727 0.967727 0.967727
4160 11.400647 11.400647 11.400647 0.967727 0.967727 0.967727
4170 11.400647 11.400647 11.400647 0.967727 0.967727 0.967727
4180 11.400647 11.400647 11.400647 0.967727 0.967727 0.967727
4190 11.400647 11.400647 11.400647 0.967727 0.967727 0.967727
4200 11.400647 11.400647 11.400647 0.967727 0.967727 0.967727
4210 11.400647 11.400647 11.400647 0.967727 0.967727 0.967727
4220 11.400647 11.400647 11.400647 0.967727 0.967727 0.967727
4230 11.400647 11.400647 11.400647 0.967727 0.967727 0.967727
4240 11.400647 11.400647 11.400647 0.967727 0.967727 0.967727
4250 11.400647 11.400647 11.400647 0.967727 0.967727 0.967727
4260 11.400647 11.400647 11.400647 0.967727 0.967727 0.967727
4270 11.400647 11.400647 11.400647 0.967727 0.967727 0.967727
4280 11.400647 11.400647 11.400647 0.967727 0.967727 0.967727
4290 11.400647 11.400647 11.400647 0.967727 0.967727 0.967727
4300 11.400647 11.400647 11.400647 0.967727 0.967727 0.967727
4310 11.400647 11.400647 11.400647 0.967727 0.967727 0.967727
4320 11.400647 11.400647 11.400647 0.967727 0.967727 0.967727
4330 11.400647 11.400647 11.400647 0.967727 0.967727 0.967727
4340 11.400647 11.400647 11.400647 0.967727 0.967727 0.967727
4350 11.400647 11.400647 11.400647 0.967727 0.967727 0.967727
4360 11.400647 11.400647 11.400647 0.967727 0.967727 0.967727
4370 11.400647 11.400647 11.400647 0.967727 0.967727 0.967727
4380 11.400647 11.400647 11.400647 0.967727 0.967727 0.967727
4390 11.400647 11.400647 11.400647 0.967727 0.967727 0.967727
4400 11.400647 11.400647 11.400647 0.967727 0.967727 0.967727
4410 11.400647 11.400647 11.400647 0.967727 0.967727 0.967727
4420 11.400647 11.400647 11.400647 0.967727 0.967727 0.967727
4430 11.400647 11.400647 11.400647 0.967727 0.967727 0.967727
4440 11.400647 11.400647 11.400647 0.967727 0.967727 0.967727
4450 11.400647 11.400647 11.400647 0.967727 0.967727 0.967727
4460 11.400647 11.400647 11.400647 0.967727 0.967727 0.967727
4470 11.400647 11.400647 11.400647 0.967727 0.967727 0.967727
4480 11.400647 11.400647 11.400647 0.967727 0.967727 0.967727
4490 11.400647 11.400647 11.400647 0.967727 0.967727 0.967727
4500 11.400647 11.400647 11.400647 0.967727 0.967727 0.967727
4510 11.400647 11.400647 11.400647 0.967727 0.967727 0.967727
4520 11.400647 11.400647 11.400647 0.967727 0.967727 0.967727
4530 11.400647 11.400647 11.400647 0.967727 0.967727 0.967727
4540 11.400647 11.400647 11.400647 0.967727 0.967727 0.967727
4550 11.400647 11.400647 11.400647 0.967727 0.967727 0.967727
4560 11.400647 11.400647 11.400647 0.967727 0.967727 0.967727
4570 11.400647 11.400647 11.400647 0.967727 0.967727 0.967727
4580 11.400647 11.400647 11.400647 0.967727 0.967727 0.967727
4590 11.400647 11.400647 11.400647 0.967727 0.967727 0.967727
4600 11.400647 11.400647 11.400647 0.967727 0.967727 0.967727
4610 11.400647 11.400647 11.400647 0.967727 0.967727 0.967727
4620 11.400647 11.400647 11.400647 0.967727 0.967727 0.967727
4630 11.400647 11.400647 11.400647 0.967727 0.967727 0.967727
4640 11.400647 11.400647 11.400647 0.967727 0.967727 0.967727
4650 11.400647 11.400647 11.400647 0.967727 0.967727 0.967727
4660 11.400647 11.400647 11.400647 0.967727 0.967727 0.967727
4670 11.400647 11.400647 11.400647 0.967727 0.967727 0.967727
4680 11.400647 11.400647 11.400647 0.967727 0.967727 0.967727
4690 11.400647 11.400647 11.400647 0.967727 0.967727 0.967727
4700 11.400647 11.400647 11.400647 0.967727 0.967727 0.967727
4710 11.400647 11.400647 11.400647 0.967727 0.967727 0.967727
4720 11.400647 11.400647 11.400647 0.967727 0.967727 0.967727
4730 11.400647 11.400647 11.400647 0.967727 0.967727 0.967727
4740 11.400647 11.400647 11.400647 0.967727 0.967727 0.967727
4750 11.400647 11.400647 11.400647 0.967727 0.967727 0.967727
4760 11.400647 11.400647 11.400647 0.967727 0.967727 0.967727
4770 11.400647 11.400647 11.400647 0.967727 0.967727 0.967727
4780 11.400647 11.400647 11.400647 0.967727 0.967727 0.967727
4790 11.400647 11.400647 11.400647 0.967727 0.967727 0.967727
4800 11.400647 11.400647 11.400647 0.967727 0.967727 0.967727
4810 11.400647 11.400647 11.400647 0.967727 0.967727 0.967727
4820 11.400647 11.400647 11.400647 0.967727 0.967727 0.967727
4830 11.400647 11.400647 11.400647 0.967727 0.967727 0.967727
4840 11.400647 11.400647 11.400647 0.967727 0.967727 0.967727
4850 11.400647 11.400647 11.400647 0.967727 0.967727 0.967727
4860 11.400647 11.400647 11.400647 0.967727 0.967727 0.967727
4870 11.400647 11.400647 11.400647 0.967727 0.967727 0.967727
4880 11.400647 11.400647 11.400647 0.967727 0.967727 0.967727
4890 11.400647 11.400647 11.400647 0.967727 0.967727 0.967727
4900 11.400647 11.400647 11.400647 0.967727 0.967727 0.967727
4910 11.400647 11.400647 11.400647 0.967727 0.967727 0.967727
4920 11.400647 11.400647 11.400647 0.967727 0.967727 0.967727
4930 11.400647 11.400647 11.400647 0.967727 0.967727 0.967727
4940 11.400647 11.400647 11.400647 0.967727 0.967727 0.967727
4950 11.400647 11.400647 11.400647 0.967727 0.967727 0.967727
4960 11.400647 11.400647 11.400647 0.967727 0.967727 0.967727
4970 11.400647 11.400647 11.400647 0.967727 0.967727 0.967727
4980 11.400647 11.400647 11.400647 0.967727 0.967727 0.967727
4990 11.400647 11.400647 11.400647 0.967727 0.967727 0.967727
5000 11.400647 11.400647 11.400647 0.967727 0.967727 0.967727
5010 11.400647 11.400647 11.400647 0.967727 0.967727 0.967727
5020 11.400647 11.400647 11.400647 0.967727 0.967727 0.967727
5030 11.400647 11.400647 11.400647 0.967727 0.967727 0.967727
5040 11.400647 11.400647 11.400647 0.967727 0.967727 0.967727
5050 11.400647 11.400647 11.400647 0.967727 0.967727 0.967727
5060 11.400647 11.400647 11.400647 0.967727 0.967727 0.967727
5070 11.400647 11.400647 11.400647 0.967727 0.967727 0.967727
5080 11.400647 11.400647 11.400647 0.967727 0.967727 0.967727
5090 11.400647 11.400647 11.400647 0.967727 0.967727 0.967727
5100 11.400647 11.400647 11.400647 0.967727 0.967727 0.967727
5110 11.400647 11.400647 11.400647 0.967727 0.967727 0.967727
5120 11.400647 11.400647 11.400647 0.967727 0.967727 0.967727
5130 11.400647 11.400647 11.400647 0.967727 0.967727 0.967727
5140 11.400647 11.400647 11.400647 0.967727 0.967727 0.967727
5150 11.400647 11.400647 11.400647 0.967727 0.967727 0.967727
5160 11.400647 11.400647 11.400647 0.967727 0.967727 0.967727
5170 11.400647 11.400647 11.400647 0.967727 0.967727 0.967727
5180 11.400647 11.400647 11.400647 0.967727 0.967727 0.967727
5190 11.400647 11.400647 11.400647 0.967727 0.967727 0.967727
5200 11.400647 11.400647 11.400647 0.967727 0.967727 0.967727
5210 11.400647 11.400647 11.400647 0.967727 0.967727 0.967727
5220 11.400647 11.400647 11.400647 0.967727 0.967727 0.967727
5230 11.400647 11.400647 11.400647 0.967727 0.967727 0.967727
5240 11.400647 11.400647 11.400647 0.967727 0.967727 0.967727
5250 11.400647 11.400647 11.400647 0.967727 0.967727 0.967727
5260 11.400647 11.400647 11.400647 0.967727 0.967727 0.967727
5270 11.400647 11.400647 11.400647 0.967727 0.967727 0.967727
5280 11.400647 11.400647 11.400647 0.967727 0.967727 0.967727
5290 11.400647 11.400647 11.400647 0.967727 0.967727 0.967727
5300 11.400647 11.400647 11.400647 0.967727 0.967727 0.967727
5310 11.400647 11.400647 11.400647 0.967727 0.967727 0.967727
5320 11.400647 11.400647 11.400647 0.967727 0.967727 0.967727
5330 11.400647 11.400647 11.400647 0.967727 0.967727 0.967727
5340 11.400647 11.400647 11.400647 0.967727 0.967727 0.967727
5350 11.400647 11.400647 11.400647 0.967727 0.967727 0.967727
5360 11.400647 11.400647 11.400647 0.967727 0.967727 0.967727
5370 11.400647 11.400647 11.400647 0.967727 0.967727 0.967727
5380 11.400647 11.400647 11.400647 0.967727 0.967727 0.967727
5390 11.400647 11.400647 11.400647 0.967727 0.967727 0.967727
5400 11.400647 11.400647 11.400647 0.967727 0.967727 0.967727
5410 11.400647 11.400647 11.400647 0.967727 0.967727 0.967727
5420 11.400647 11.400647 11.400647 0.967727 0.967727 0.967727
5430 11.400647 11.400647 11.400647 0.967727 0.967727 0.967727
5440 11.400647 11.400647 11.400647 0.967727 0.967727 0.967727
5450 11.400647 11.400647 11.400647 0.967727 0.967727 0.967727
5460 11.400647 11.400647 11.400647 0.967727 0.967727 0.967727
5470 11.400647 11.400647 11.400647 0.967727 0.967727 0.967727
5480 11.400647 11.400647 11.400647 0.967727 0.967727 0.967727
5490 11.400647 11.400647 11.400647 0.967727 0.967727 0.967727
5500 11.400647 11.400647 11.400647 0.967727 0.967727 0.967727
5510 11.400647 11.400647 11.400647 0.967727 0.967727 0.967727
5520 11.400647 11.400647 11.400647 0.967727 0.967727 0.967727
5530 11.400647 11.400647 11.400647 0.967727 0.967727 0.967727
5540 11.400647 11.400647 11.400647 0.967727 0.967727 0.967727
5550 11.400647 11.400647 11.400647 0.967727 0.967727 0.967727
5560 11.400647 11.400647 11.400647 0.967727 0.967727 0.967727
5570 11.400647 11.400647 11.400647 0.967727 0.967727 0.967727
5580 11.400647 11.400647 11.400647 0.967727 0.967727 0.967727
5590 11.400647 11.400647 11.400647 0.967727 0.967727 0.967727
5600 11.400647 11.400647 11.400647 0.967727 0.967727 0.967727
5610 11.400647 11.400647 11.400647 0.967727 0.967727 0.967727
5620 11.400647 11.400647 11.400647 0.967727 0.967727 0.967727
5630 11.400647 11.400647 11.400647 0.967727 0.967727 0.967727
5640 11.400647 11.400647 11.400647 0.967727 0.967727 0.967727
5650 11.400647 11.400647 11.400647 0.967727 0.967727 0.967727
5660 11.400647 11.400647 11.400647 0.967727 0.967727 0.967727
5670 11.400647 11.400647 11.400647 0.967727 0.967727 0.967727
5680 11.400647 11.400647 11.400647 0.967727 0.967727 0.967727
5690 11.400647 11.400647 11.400647 0.967727 0.967727 0.967727
5700 11.400647 11.400647 11.400647 0.967727 0.967727 0.967727
5710 11.400647 11.400647 11.400647 0.967727 0.967727 0.967727
5720 11.400647 11.400647 11.400647 0.967727 0.967727 0.967727
5730 11.400647 11.400647 11.400647 0.967727 0.967727 0.967727
5740 11.400647 11.400647 11.400647 0.967727 0.967727 0.967727
5750 11.400647 11.400647 11.400647 0.967727 0.967727 0.967727
5760 11.400647 11.400647 11.400647 0.967727 0.967727 0.967727
5770 11.400647 11.400647 11.400647 0.967727 0.967727 0.967727
5780 11.400647 11.400647 11.400647 0.967727 0.967727 0.967727
5790 11.400647 11.400647 11.400647 0.967727 0.967727 0.967727
5800 11.400647 11.400647 11.400647 0.967727 0.967727 0.967727
5810 11.400647 11.400647 11.400647 0.967727 0.967727 0.967727
5820 11.400647 11.400647 11.400647 0.967727 0.967727 0.967727
5830 11.400647 11.400647 11.400647 0.967727 0.967727 0.967727
5840 11.400647 11.400647 11.400647 0.967727 0.967727 0.967727
5850 11.400647 11.400647 11.400647 0.967727 0.967727 0.967727
5860 11.400647 11.400647 11.400647 0.967727 0.967727 0.967727
5870 11.400647 11.400647 11.400647 0.967727 0.967727 0.967727
5880 11.400647 11.400647 11.400647 0.967727 0.967727 0.967727
5890 11.400647 11.400647 11.400647 0.967727 0.967727 0.967727
5900 11.400647 11.400647 11.400647 0.967727 0.967727 0.967727
5910 11.400647 11.400647 11.400647 0.967727 0.967727 0.967727
5920 11.400647 11.400647 11.400647 0.967727 0.967727 0.967727
5930 11.400647 11.400647 11.400647 0.967727 0.967727 0.967727
5940 11.400647 11.400647 11.400647 0.967727 0.967727 0.967727
5950 11.400647 11.400647 11.400647 0.967727 0.967727 0.967727
5960 11.400647 11.400647 11.400647 0.967727 0.967727 0.967727
5970 11.400647 11.400647 11.400647 0.967727 0.967727 0.967727
5980 11.400647 11.400647 11.400647 0.967727 0.967727 0.967727
5990 11.400647 11.400647 11.400647 0.967727 0.967727 0.967727
6000 11.400647 11.400647 11.400647 0.967727 0.967727 0.967727
6010 11.400647 11.400647 11.400647 0.967727 0.967727 0.967727
6020 11.400647 11.400647 11.400647 0.967727 0.967727 0.967727
6030 11.400647 11.400647 11.400647 0.967727 0.967727 0.967727
6040 11.400647 11.400647 11.400647 0.967727 0.967727 0.967727
6050 11.400647 11.400647 11.400647 0.967727 0.967727 0.967727
6060 11.400647 11.400647 11.400647 0.967727 0.967727 0.967727
6070 11.400647 11.400647 11.400647 0.967727 0.967727 0.967727
6080 11.400647 11.400647 11.400647 0.967727 0.967727 0.967727
6090 11.400647 11.400647 11.400647 0.967727 0.967727 0.967727
6100 11.400647 11.400647 11.400647 0.967727 0.967727 0.967727
6110 11.400647 11.400647 11.400647 0.967727 0.967727 0.967727
6120 11.400647 11.400647 11.400647 0.967727 0.967727 0.967727
6130 11.400647 11.400647 11.400647 0.967727 0.967727 0.967727
6140 11.400647 11.400647 11.400647 0.967727 0.967727 0.967727
6150 11.400647 11.400647 11.400647 0.967727 0.967727 0.967727
6160 11.400647 11.400647 11.400647 0.967727 0.967727 0.967727
6170 11.400647 11.400647 11.400647 0.967727 0.967727 0.967727
6180 11.400647 11.400647 11.400647 0.967727 0.967727 0.967727
6190 11.400647 11.400647 11.400647 0.967727 0.967727 0.967727
6200 11.400647 11.400647 11.400647 0.967727 0.967727 0.967727
6210 11.400647 11.400647 11.400647 0.967727 0.967727 0.967727
6220 11.400647 11.400647 11.400647 0.967727 0.967727 0.967727
6230 11.400647 11.400647 11.400647 0.967727 0.967727 0.967727
6240 11.400647 11.400647 11.400647 0.967727 0.967727 0.967727
6250 11.400647 11.400647 11.400647 0.967727 0.967727 0.967727
6260 11.400647 11.400647 11.400647 0.967727 0.967727 0.967727
6270 11.400647 11.400647 11.400647 0.967727 0.967727 0.967727
6280 11.400647 11.400647 11.400647 0.967727 0.967727 0.967727
6290 11.400647 11.400647 11.400647 0.967727 0.967727 0.967727
6300 11.400647 11.400647 11.400647 0.967727 0.967727 0.967727
6310 11.400647 11.400647 11.400647 0.967727 0.967727 0.967727
6320 11.400647 11.400647 11.400647 0.967727 0.967727 0.967727
6330 11.400647 11.400647 11.400647 0.967727 0.967727 0.967727
6340 11.400647 11.400647 11.400647 0.967727 0.967727 0.967727
6350 11.400647 11.400647 11.400647 0.967727 0.967727 0.967727
6360 11.400647 11.400647 11.400647 0.967727 0.967727 0.967727
6370 11.400647 11.400647 11.400647 0.967727 0.967727 0.967727
6380 11.400647 11.400647 11.400647 0.967727 0.967727 0.967727
6390 11.400647 11.400647 11.400647 0.967727 0.967727 0.967727
6400 11.400647 11.400647 11.400647 0.967727 0.967727 0.967727
6410 11.400647 11.400647 11.400647 0.967727 0.967727 0.967727
6420 11.400647 11.400647 11.400647 0.967727 0.967727 0.967727
6430 11.400647 11.400647 11.400647 0.967727 0.967727 0.967727
6440 11.400647 11.400647 11.400647 0.967727 0.967727 0.967727
6450 11.400647 11.400647 11.400647 0.967727 0.967727 0.967727
6460 11.400647 11.400647 11.400647 0.967727 0.967727 0.967727
6470 11.400647 11.400647 11.400647 0.967727 0.967727 0.967727
6480 11.400647 11.400647 11.400647 0.967727 0.967727 0.967727
6490 11.400647 11.400647 11.400647 0.967727 0.967727 0.967727
6500 11.400647 11.400647 11.400647 0.967727 0.967727 0.967727
6510 11.400647 11.400647 11.400647 0.967727 0.967727 0.967727
6520 11.400647 11.400647 11.400647 0.967727 0.967727 0.967727
6530 11.400647 11.400647 11.400647 0.967727 0.967727 0.967727
6540 11.400647 11.400647 11.400647 0.967727 0.967727 0.967727
6550 11.400647 11.400647 11.400647 0.967727 0.967727 0.967727
6560 11.400647 11.400647 11.400647 0.967727 0.967727 0.967727
6570 11.400647 11.400647 11.400647 0.967727 0.967727 0.967727
6580 11.400647 11.400647 11.400647 0.967727 0.967727 0.967727
6590 11.400647 11.400647 11.400647 0.967727 0.967727 0.967727
6600 11.400647 11.400647 11.400647 0.967727 0.967727 0.967727
6610 11.400647 11.400647 11.400647 0.967727 0.967727 0.967727
6620 11.400647 11.400647 11.400647 0.967727 0.967727 0.967727
6630 11.400647 11.400647 11.400647 0.967727 0.967727 0.967727
6640 11.400647 11.400647 11.400647 0.967727 0.967727 0.967727
6650 11.400647 11.400647 11.400647 0.967727 0.967727 0.967727
6660 11.400647 11.400647 11.400647 0.967727 0.967727 0.967727
6670 11.400647 11.400647 11.400647 0.967727 0.967727 0.967727
6680 11.400647 11.400647 11.400647 0.967727 0.967727 0.967727
6690 11.400647 11.400647 11.400647 0.967727 0.967727 0.967727
6700 11.400647 11.400647 11.400647 0.967727 0.967727 0.967727
6710 11.400647 11.400647 11.400647 0.967727 0.967727 0.967727
6720 11.400647 11.400647 11.400647 0.967727 0.967727 0.967727
6730 11.400647 11.400647 11.400647 0.967727 0.967727 0.967727
6740 11.400647 11.400647 11.400647 0.967727 0.967727 0.967727
6750 11.400647 11.400647 11.400647 0.967727 0.967727 0.967727
6760 11.400647 11.400647 11.400647 0.967727 0.967727 0.967727
6770 11.400647 11.400647 11.400647 0.967727 0.967727 0.967727
6780 11.400647 11.400647 11.400647 0.967727 0.967727 0.967727
6790 11.400647 11.400647 11.400647 0.967727 0.967727 0.967727
6800 11.400647 11.400647 11.400647 0.967727 0.967727 0.967727
6810 11.400647 11.400647 11.400647 0.967727 0.967727 0.967727
6820 11.400647 11.400647 11.400647 0.967727 0.967727 0.967727
6830 11.400647 11.400647 11.400647 0.967727 0.967727 0.967727
6840 11.400647 11.400647 11.400647 0.967727 0.967727 0.967727
6850 11.400647 11.400647 11.400647 0.967727 0.967727 0.967727
6860 11.400647 11.400647 11.400647 0.967727 0.967727 0.967727
6870 11.400647 11.400647 11.400647 0.967727 0.967727 0.967727
6880 11.400647 11.400647 11.400647 0.967727 0.967727 0.967727
6890 11.400647 11.400647 11.400647 0.967727 0.967727 0.967727
6900 11.400647 11.400647 11.400647 0.967727 0.967727 0.967727
6910 11.400647 11.400647 11.400647 0.967727 0.967727 0.967727
6920 11.400647 11.400647 11.400647 0.967727 0.967727 0.967727
6930 11.400647 11.400647 11.400647 0.967727 0.967727 0.967727
6940 11.400647 11.400647 11.400647 0.967727 0.967727 0.967727
6950 11.400647 11.400647 11.400647 0.967727 0.967727 0.967727
6960 11.400647 11.400647 11.400647 0.967727 0.967727 0.967727
6970 11.400647 11.400647 11.400647 0.967727 0.967727 0.967727
6980 11.400647 11.400647 11.400647 0.967727 0.967727 0.967727
6990 11.400647 11.400647 11.400647 0.967727 0.967727 0.967727
7000 11.400647 11.400647 11.400647 0.967727 0.967727 0.967727
7010 11.400647 11.400647 11.400647 0.967727 0.967727 0.967727
7020 11.400647 11.400647 11.400647 0.967727 0.967727 0.967727
7030 11.400647 11.400647 11.400647 0.967727 0.967727 0.967727
7040 11.400647 11.400647 11.400647 0.967727 0.967727 0.967727
7050 11.400647 11.400647 11.400647 0.967727 0.967727 0.967727
7060 11.400647 11.400647 11.400647 0.967727 0.967727 0.967727
7070 11.400647 11.400647 11.400647 0.967727 0.967727 0.967727
7080 11.400647 11.400647 11.400647 0.967727 0.967727 0.967727
7090 11.400647 11.400647 11.400647 0.967727 0.967727 0.967727
7100 11.400647 11.400647 11.400647 0.967727 0.967727 0.967727
7110 11.400647 11.400647 11.400647 0.967727 0.967727 0.967727
7120 11.400647 11.400647 11.400647 0.967727 0.967727 0.967727
7130 11.400647 11.400647 11.400647 0.967727 0.967727 0.967727
7140 11.400647 11.400647 11.400647 0.967727 0.967727 0.967727
7150 11.400647 11.400647 11.400647 0.967727 0.967727 0.967727
7160 11.400647 11.400647 11.400647 0.967727 0.967727 0.967727
7170 11.400647 11.400647 11.400647 0.967727 0.967727 0.967727
7180 11.400647 11.400647 11.400647 0.967727 0.967727 0.967727
7190 11.400647 11.400647 11.400647 0.967727 0.967727 0.967727
7200 11.400647 11.400647 11.400647 0.967727 0.967727 0.967727
7210 11.400647 11.400647 11.400647 0.967727 0.967727 0.967727
7220 11.400647 11.400647 11.400647 0.967727 0.967727 0.967727
7230 11.400647 11.400647 11.400647 0.967727 0.967727 0.967727
7240 11.400647 11.400647 11.400647 0.967727 0.967727 0.967727
7250 11.400647 11.400647 11.400647 0.967727 0.967727 0.967727
7260 11.400647 11.400647 11.400647 0.967727 0.967727 0.967727
7270 11.400647 11.400647 11.400647 0.967727 0.967727 0.967727
7280 11.400647 11.400647 11.400647 0.967727 0.967727 0.967727
7290 11.400647 11.400647 11.400647 0.967727 0.967727 0.967727
7300 11.400647 11.400647 11.400647 0.967727 0.967727 0.967727
7310 11.400647 11.400647 11.400647 0.967727 0.967727 0.967727
7320 11.400647 11.400647 11.400647 0.967727 0.967727 0.967727
7330 11.400647 11.400647 11.400647 0.967727 0.967727 0.967727
7340 11.400647 11.400647 11.400647 0.967727 0.967727 0.967727
7350 11.400647 11.400647 11.400647 0.967727 0.967727 0.967727
7360 11.400647 11.400647 11.400647 0.967727 0.967727 0.967727
7370 11.400647 11.400647 11.400647 0.967727 0.967727 0.967727
7380 11.400647 11.400647 11.400647 0.967727 0.967727 0.967727
7390 11.400647 11.400647 11.400647 0.967727 0.967727 0.967727
7400 11.400647 11.400647 11.400647 0.967727 0.967727 0.967727
7410 11.400647 11.400647 11.400647 0.967727 0.967727 0.967727
7420 11.400647 11.400647 11.400647 0.967727 0.967727 0.967727
7430 11.400647 11.400647 11.400647 0.967727 0.967727 0.967727
7440 11.400647 11.400647 11.400647 0.967727 0.967727 0.967727
7450 11.400647 11.400647 11.400647 0.967727 0.967727 0.967727
7460 11.400647 11.400647 11.400647 0.967727 0.967727 0.967727
7470 11.400647 11.400647 11.400647 0.967727 0.967727 0.967727
7480 11.400647 11.400647 11.400647 0.967727 0.967727 0.967727
7490 11.400647 11.400647 11.400647 0.967727 0.967727 0.967727
7500 11.400647 11.400647 11.400647 0.967727 0.967727 0.967727
7510 11.400647 11.400647 11.400647 0.967727 0.967727 0.967727
7520 11.400647 11.400647 11.400647 0.967727 0.967727 0.967727
7530 11.400647 11.400647 11.400647 0.967727 0.967727 0.967727
7540 11.400647 11.400647 11.400647 0.967727 0.967727 0.967727
7550 11.400647 11.400647 11.400647 0.967727 0.967727 0.967727
7560 11.400647 11.400647 11.400647 0.967727 0.967727 0.967727
7570 11.400647 11.400647 11.400647 0.967727 0.967727 0.967727
7580 11.400647 11.400647 11.400647 0.967727 0.967727 0.967727
7590 11.400647 11.400647 11.400647 0.967727 0.967727 0.967727
7600 11.400647 11.400647 11.400647 0.967727 0.967727 0.967727
7610 11.400647 11.400647 11.400647 0.967727 0.967727 0.967727
7620 11.400647 11.400647 11.400647 0.967727 0.967727 0.967727
7630 11.400647 11.400647 11.400647 0.967727 0.967727 0.967727
7640 11.400647 11.400647 11.400647 0.967727 0.967727 0.967727
7650 11.400647 11.400647 11.400647 0.967727 0.967727 0.967727
7660 11.400647 11.400647 11.400647 0.967727 0.967727 0.967727
7670 11.400647 11.400647 11.400647 0.967727 0.967727 0.967727
7680 11.400647 11.400647 11.400647 0.967727 0.967727 0.967727
7690 11.400647 11.400647 11.400647 0.967727 0.967727 0.967727
7700 11.400647 11.400647 11.400647 0.967727 0.967727 0.967727
7710 11.400647 11.400647 11.400647 0.967727 0.967727 0.967727
7720 11.400647 11.400647 11.400647 0.967727 0.967727 0.967727
7730 11.400647 11.400647 11.400647 0.967727 0.967727 0.967727
7740 11.400647 11.400647 11.400647 0.967727 0.967727 0.967727
7750 11.400647 11.400647 11.400647 0.967727 0.967727 0.967727
7760 11.400647 11.400647 11.400647 0.967727 0.967727 0.967727
7770 11.400647 11.400647 11.400647 0.967727 0.967727 0.967727
7780 11.400647 11.400647 11.400647 0.967727 0.967727 0.967727
7790 11.400647 11.400647 11.400647 0.967727 0.967727 0.967727
7800 11.400647 11.400647 11.400647 0.967727 0.967727 0.967727
7810 11.400647 11.400647 11.400647 0.967727 0.967727 0.967727
7820 11.400647 11.400647 11.400647 0.967727 0.967727 0.967727
7830 11.400647 11.400647 11.400647 0.967727 0.967727 0.967727
7840 11.400647 11.400647 11.400647 0.967727 0.967727 0.967727
7850 11.400647 11.400647 11.400647 0.967727 0.967727 0.967727
7860 11.400647 11.400647 11.400647 0.967727 0.967727 0.967727
7870 11.400647 11.400647 11.400647 0.967727 0.967727 0.967727
7880 11.400647 11.400647 11.400647 0.967727 0.967727 0.967727
7890 11.400647 11.400647 11.400647 0.967727 0.967727 0.967727
7900 11.400647 11.400647 11.400647 0.967727 0.967727 0.967727
7910 11.400647 11.400647 11.400647 0.967727 0.967727 0.967727
7920 11.400647 11.400647 11.400647 0.967727 0.967727 0.967727
7930 11.400647 11.400647 11.400647 0.967727 0.967727 0.967727
7940 11.400647 11.400647 11.400647 0.967727 0.967727 0.967727
7950 11.400647 11.400647 11.400647 0.967727 0.967727 0.967727
7960 11.400647 11.400647 11.400647 0.967727 0.967727 0.967727
7970 11.400647 11.400647 11.400647 0.967727 0.967727 0.967727
7980 11.400647 11.400647 11.400647 0.967727 0.967727 0.967727
7990 11.400647 11.400647 11.400647 0.967727 0.967727 0.967727
8000 11.400647 11.400647 11.400647 0.967727 0.967727 0.967727
8010 11.400647 11.400647 11.400647 0.967727 0.967727 0.967727
8020 11.400647 11.400647 11.400647 0.967727 0.967727 0.967727
8030 11.400647 11.400647 11.400647 0.967727 0.967727 0.967727
8040 11.400647 11.400647 11.400647 0.967727 0.967727 0.967727
8050 11.400647 11.400647 11.400647 0.967727 0.967727 0.967727
8060 11.400647 11.400647 11.400647 0.967727 0.967727 0.967727
8070 11.400647 11.400647 11.400647 0.967727 0.967727 0.967727
8080 11.400647 11.400647 11.400647 0.967727 0.967727 0.967727
8090 11.400647 11.400647 11.400647 0.967727 0.967727 0.967727
8100 11.400647 11.400647 11.400647 0.967727 0.967727 0.967727
8110 11.400647 11.400647 11.400647 0.967727 0.967727 0.967727
8120 11.400647 11.400647 11.400647 0.967727 0.967727 0.967727
8130 11.400647 11.400647 11.400647 0.967727 0.967727 0.967727
8140 11.400647 11.400647 11.400647 0.967727 0.967727 0.967727
8150 11.400647 11.400647 11.400647 0.967727 0.967727 0.967727
8160 11.400647 11.400647 11.400647 0.967727 0.967727 0.967727
8170 11.400647 11.400647 11.400647 0.967727 0.967727 0.967727
8180 11.400647 11.400647 11.400647 0.967727 0.967727 0.967727
8190 11.400647 11.400647 11.400647 0.967727 0.967727 0.967727
8200 11.400647 11.400647 11.400647 0.967727 0.967727 0.967727
8210 11.400647 11.400647 11.400647 0.967727 0.967727 0.967727
8220 11.400647 11.400647 11.400647 0.967727 0.967727 0.967727
8230 11.400647 11.400647 11.400647 0.967727 0.967727 0.967727
8240 11.400647 11.400647 11.400647 0.967727 0.967727 0.967727
8250 11.400647 11.400647 11.400647 0.967727 0.967727 0.967727
8260 11.400647 11.400647 11.400647 0.967727 0.967727 0.967727
8270 11.400647 11.400647 11.400647 0.967727 0.967727 0.967727
8280 11.400647 11.400647 11.400647 0.967727 0.967727 0.967727
8290 11.400647 11.400647 11.400647 0.967727 0.967727 0.967727
8300 11.400647 11.400647 11.400647 0.967727 0.967727 0.967727
8310 11.400647 11.400647 11.400647 0.967727 0.967727 0.967727
8320 11.400647 11.400647 11.400647 0.967727 0.967727 0.967727
8330 11.400647 11.400647 11.400647 0.967727 0.967727 0.967727
8340 11.400647 11.400647 11.400647 0.967727 0.967727 0.967727
8350 11.400647 11.400647 11.400647 0.967727 0.967727 0.967727
8360 11.400647 11.400647 11.400647 0.967727 0.967727 0.967727
8370 11.400647 11.400647 11.400647 0.967727 0.967727 0.967727
8380 11.400647 11.400647 11.400647 0.967727 0.967727 0.967727
8390 11.400647 11.400647 11.400647 0.967727 0.967727 0.967727
8400 11.400647 11.400647 11.400647 0.967727 0.967727 0.967727
8410 11.400647 11.400647 11.400647 0.967727 0.967727 0.967727
8420 11.400647 11.400647 11.400647 0.967727 0.967727 0.967727
8430 11.400647 11.400647 11.400647 0.967727 0.967727 0.967727
8440 11.400647 11.400647 11.400647 0.967727 0.967727 0.967727
8450 11.400647 11.400647 11.400647 0.967727 0.967727 0.967727
8460 11.400647 11.400647 11.400647 0.967727 0.967727 0.967727
8470 11.400647 11.400647 11.400647 0.967727 0.967727 0.967727
8480 11.400647 11.400647 11.400647 0.967727 0.967727 0.967727
8490 11.400647 11.400647 11.400647 0.967727 0.967727 0.967727
8500 11.400647 11.400647 11.400647 0.967727 0.967727 0.967727
8510 11.400647 11.400647 11.400647 0.967727 0.967727 0.967727
8520 11.400647 11.400647 11.400647 0.967727 0.967727 0.967727
8530 11.400647 11.400647 11.400647 0.967727 0.967727 0.967727
8540 11.400647 11.400647 11.400647 0.967727 0.967727 0.967727
8550 11.400647 11.400647 11.400647 0.967727 0.967727 0.967727
8560 11.400647 11.400647 11.400647 0.967727 0.967727 0.967727
8570 11.400647 11.400647 11.400647 0.967727 0.967727 0.967727
8580 11.400647 11.400647 11.400647 0.967727 0.967727 0.967727
8590 11.400647 11.400647 11.400647 0.967727 0.967727 0.967727
8600 11.400647 11.400647 11.400647 0.967727 0.967727 0.967727
8610 11.400647 11.400647 11.400647 0.967727 0.967727 0.967727
8620 11.400647 11.400647 11.400647 0.967727 0.967727 0.967727
8630 11.400647 11.400647 11.400647 0.967727 0.967727 0.967727
8640 11.400647 11.400647 11.400647 0.967727 0.967727 0.967727
8650 11.400647 11.400647 11.400647 0.967727 0.967727 0.967727
8660 11.400647 11.400647 11.400647 0.967727 0.967727 0.967727
8670 11.400647 11.400647 11.400647 0.967727 0.967727 0.967727
8680 11.400647 11.400647 11.400647 0.967727 0.967727 0.967727
8690 11.400647 11.400647 11.400647 0.967727 0.967727 0.967727
8700 11.400647 11.400647 11.400647 0.967727 0.967727 0.967727
8710 11.400647 11.400647 11.400647 0.967727 0.967727 0.967727
8720 11.400647 11.400647 11.400647 0.967727 0.967727 0.967727
8730 11.400647 11.400647 11.400647 0.967727 0.967727 0.967727
8740 11.400647 11.400647 11.400647 0.967727 0.967727 0.967727
8750 11.400647 11.400647 11.400647 0.967727 0.967727 0.967727
8760 11.400647 11.400647 11.400647 0.967727 0.967727 0.967727
8770 11.400647 11.400647 11.400647 0.967727 0.967727 0.967727
8780 11.400647 11.400647 11.400647 0.967727 0.967727 0.967727
8790 11.400647 11.400647 11.400647 0.967727 0.967727 0.967727
8800 11.400647 11.400647 11.400647 0.967727 0.967727 0.967727
8810 11.400647 11.400647 11.400647 0.967727 0.967727 0.967727
8820 11.400647 11.400647 11.400647 0.967727 0.967727 0.967727
8830 11.400647 11.400647 11.400647 0.967727 0.967727 0.967727
8840 11.400647 11.400647 11.400647 0.967727 0.967727 0.967727
8850 11.400647 11.400647 11.400647 0.967727 0.967727 0.967727
8860 11.400647 11.400647 11.400647 0.967727 0.967727 0.967727
8870 11.400647 11.400647 11.400647 0.967727 0.967727 0.967727
8880 11.400647 11.400647 11.400647 0.967727 0.967727 0.967727
8890 11.400647 11.400647 11.400647 0.967727 0.967727 0.967727
8900 11.400647 11.400647 11.400647 0.967727 0.967727 0.967727
8910 11.400647 11.400647 11.400647 0.967727 0.967727 0.967727
8920 11.400647 11.400647 11.400647 0.967727 0.967727 0.967727
8930 11.400647 11.400647 11.400647 0.967727 0.967727 0.967727
8940 11.400647 11.400647 11.400647 0.967727 0.967727 0.967727
8950 11.400647 11.400647 11.400647 0.967727 0.967727 0.967727
8960 11.400647 11.400647 11.400647 0.967727 0.967727 0.967727
8970 11.400647 11.400647 11.400647 0.967727 0.967727 0.967727
8980 11.400647 11.400647 11.400647 0.967727 0.967727 0.967727
8990 11.400647 11.400647 11.400647 0.967727 0.967727 0.967727
9000 11.400647 11.400647 11.400647 0.967727 0.967727 0.967727
9010 11.400647 11.400647 11.400647 0.967727 0.967727 0.967727
9020 11.400647 11.400647 11.400647 0.967727 0.967727 0.967727
9030 11.400647 11.400647 11.400647 0.967727 0.967727 0.967727
9040 11.400647 11.400647 11.400647 0.967727 0.967727 0.967727
9050 11.400647 11.400647 11.400647 0.967727 0.967727 0.967727
9060 11.400647 11.400647 11.400647 0.967727 0.967727 0.967727
9070 11.400647 11.400647 11.400647 0.967727 0.967727 0.967727
9080 11.400647 11.400647 11.400647 0.967727 0.967727 0.967727
9090 11.400647 11.400647 11.400647 0.967727 0.967727 0.967727
9100 11.400647 11.400647 11.400647 0.967727 0.967727 0.967727
9110 11.400647 11.400647 11.400647 0.967727 0.967727 0.967727
9120 11.400647 11.400647 11.400647 0.967727 0.967727 0.967727
9130 11.400647 11.400647 11.400647 0.967727 0.967727 0.967727
9140 11.400647 11.400647 11.400647 0.967727 0.967727 0.967727
9150 11.400647 11.400647 11.400647 0.967727 0.967727 0.967727
9160 11.400647 11.400647 11.400647 0.967727 0.967727 0.967727
9170 11.400647 11.400647 11.400647 0.967727 0.967727 0.967727
9180 11.400647 11.400647 11.400647 0.967727 0.967727 0.967727
9190 11.400647 11.400647 11.400647 0.967727 0.967727 0.967727
9200 11.400647 11.400647 11.400647 0.967727 0.967727 0.967727
9210 11.400647 11.400647 11.400647 0.967727 0.967727 0.967727
9220 11.400647 11.400647 11.400647 0.967727 0.967727 0.967727
9230 11.400647 11.400647 11.400647 0.967727 0.967727 0.967727
9240 11.400647 11.400647 11.400647 0.967727 0.967727 0.967727
9250 11.400647 11.400647 11.400647 0.967727 0.967727 0.967727
9260 11.400647 11.400647 11.400647 0.967727 0.967727 0.967727
9270 11.400647 11.400647 11.400647 0.967727 0.967727 0.967727
9280 11.400647 11.400647 11.400647 0.967727 0.967727 0.967727
9290 11.400647 11.400647 11.400647 0.967727 0.967727 0.967727
9300 11.400647 11.400647 11.400647 0.967727 0.967727 0.967727
9310 11.400647 11.400647 11.400647 0.967727 0.967727 0.967727
9320 11.400647 11.400647 11.400647 0.967727 0.967727 0.967727
9330 11.400647 11.400647 11.400647 0.967727 0.967727 0.967727
9340 11.400647 11.400647 11.400647 0.967727 0.967727 0.967727
9350 11.400647 11.400647 11.400647 0.967727 0.967727 0.967727
9360 11.400647 11.400647 11.400647 0.967727 0.967727 0.967727
9370 11.400647 11.400647 11.400647 0.967727 0.967727 0.967727
9380 11.400647 11.400647 11.400647 0.967727 0.967727 0.967727
9390 11.400647 11.400647 11.400647 0.967727 0.967727 0.967727
9400 11.400647 11.400647 11.400647 0.967727 0.967727 0.967727
9410 11.400647 11.400647 11.400647 0.967727 0.967727 0.967727
9420 11.400647 11.400647 11.400647 0.967727 0.967727 0.967727
9430 11.400647 11.400647 11.400647 0.967727 0.967727 0.967727
9440 11.400647 11.400647 11.400647 0.967727 0.967727 0.967727
9450 11.400647 11.400647 11.400647 0.967727 0.967727 0.967727
9460 11.400647 11.400647 11.400647 0.967727 0.967727 0.967727
9470 11.400647 11.400647 11.400647 0.967727 0.967727 0.967727
9480 11.400647 11.400647 11.400647 0.967727 0.967727 0.967727
9490 11.400647 11.400647 11.400647 0.967727 0.967727 0.967727
9500 11.400647 11.400647 11.400647 0.967727 0.967727 0.967727
9510 11.400647 11.400647 11.400647 0.967727 0.967727 0.967727
9520 11.400647 11.400647 11.400647 0.967727 0.967727 0.967727
9530 11.400647 11.400647 11.400647 0.967727 0.967727 0.967727
9540 11.400647 11.400647 11.400647 0.967727 0.967727 0.967727
9550 11.400647 11.400647 11.400647 0.967727 0.967727 0.967727
9560 11.400647 11.400647 11.400647 0.967727 0.967727 0.967727
9570 11.400647 11.400647 11.400647 0.967727 0.967727 0.967727
9580 11.400647 11.400647 11.400647 0.967727 0.967727 0.967727
9590 11.400647 11.400647 11.400647 0.967727 0.967727 0.967727
9600 11.400647 11.400647 11.400647 0.967727 0.967727 0.967727
9610 11.400647 11.400647 11.400647 0.967727 0.967727 0.967727
9620 11.400647 11.400647 11.400647 0.967727 0.967727 0.967727
9630 11.400647 11.400647 11.400647 0.967727 0.967727 0.967727
9640 11.400647 11.400647 11.400647 0.967727 0.967727 0.967727
9650 11.400647 11.400647 11.400647 0.967727 0.967727 0.967727
9660 11.400647 11.400647 11.400647 0.967727 0.967727 0.967727
9670 11.400647 11.400647 11.400647 0.967727 0.967727 0.967727
9680 11.400647 11.400647 11.400647 0.967727 0.967727 0.967727
9690 11.400647 11.400647 11.400647 0.967727 0.967727 0.967727
9700 11.400647 11.400647 11.400647 0.967727 0.967727 0.967727
9710 11.400647 11.400647 11.400647 0.967727 0.967727 0.967727
9720 11.400647 11.400647 11.400647 0.967727 0.967727 0.967727
9730 11.400647 11.400647 11.400647 0.967727 0.967727 0.967727
9740 11.400647 11.400647 11.400647 0.967727 0.967727 0.967727
9750 11.400647 11.400647 11.400647 0.967727 0.967727 0.967727
9760 11.400647 11.400647 11.400647 0.967727 0.967727 0.967727
9770 11.400647 11.400647 11.400647 0.967727 0.967727 0.967727
9780 11.400647 11.400647 11.400647 0.967727 0.967727 0.967727
9790 11.400647 11.400647 11.400647 0.967727 0.967727 0.967727
9800 11.400647 11.400647 11.400647 0.967727 0.967727 0.967727
9810 11.400647 11.400647 11.400647 0.967727 0.967727 0.967727
9820 11.400647 11.400647 11.400647 0.967727 0.967727 0.967727
9830 11.400647 11.400647 11.400647 0.967727 0.967727 0.967727
9840 11.400647 11.400647 11.400647 0.967727 0.967727 0.967727
9850 11.400647 11.400647 11.400647 0.967727 0.967727 0.967727
9860 11.400647 11.400647 11.400647 0.967727 0.967727 0.967727
9870 11.400647 11.400647 11.400647 0.967727 0.967727 0.967727
9880 11.400647 11.400647 11.400647 0.967727 0.967727 0.967727
9890 11.400647 11.400647 11.400647 0.967727 0.967727 0.967727
9900 11.400647 11.400647 11.400647 0.967727 0.967727 0.967727
9910 11.400647 11.400647 11.400647 0.967727 0.967727 0.967727
9920 11.400647 11.400647 11.400647 0.967727 0.967727 0.967727
9930 11.400647 11.400647 11.400647 0.967727 0.967727 0.967727
9940 11.400647 11.400647 11.400647 0.967727 0.967727 0.967727
9950 11.400647 11.400647 11.400647 0.967727 0.967727 0.967727
9960 11.400647 11.400647 11.400647 0.967727 0.967727 0.967727
9970 11.400647 11.400647 11.400647 0.967727 0.967727 0.967727
9980 11.400647 11.400647 11.400647 0.967727 0.967727 0.967727
9990 11.400647 11.400647 11.400647 0.967727 0.967727 0.967727
10000 11.526588 11.526588 11.526588 0.982124 0.982124 0.982124
