# generation power_min power_avg power_max util_min util_avg util_max
1 37.992527 37.992527 37.992527 1.019523 1.455763 1.499945
10 37.680359 37.680359 37.680359 1.019523 1.431186 1.499945
20 37.680359 23.007599 37.680359 0.913843 1.404062 1.499945
30 36.795913 20.205079 36.795913 0.908635 1.370684 1.499592
40 36.795913 18.467783 36.795913 0.908635 1.328402 1.499592
50 36.795913 17.906434 36.795913 0.873448 1.289517 1.499285
60 30.769424 17.664759 30.769424 0.869276 1.246498 1.497537
70 27.722505 17.765093 27.722505 0.869276 1.207521 1.497126
80 23.144343 17.244546 23.144343 0.857784 1.160068 1.488284
90 14.043960 16.759188 23.144343 0.810718 1.112429 1.483775
100 13.704752 16.636755 23.007599 0.810718 1.074252 1.483775
110 23.007599 16.417921 23.007599 0.810718 1.037937 1.445890
120 23.007599 16.319144 23.007599 0.810718 1.012337 1.368295
130 19.713233 16.065723 19.713233 0.810718 0.988121 1.227212
140 18.981506 15.964730 18.981506 0.810718 0.972164 1.181577
150 18.303140 15.701159 18.303140 0.742787 0.960056 1.160712
160 17.415300 15.373271 17.415300 0.742787 0.949688 1.057879
170 16.703043 15.049387 16.703043 0.727992 0.944553 1.057879
180 12.462458 14.702317 16.386794 0.727992 0.941666 1.052256
190 12.462458 14.489158 15.936132 0.727992 0.937716 1.044644
200 12.462458 14.252897 15.602783 0.727992 0.932280 1.044644
210 12.169390 14.037375 15.264230 0.727992 0.928517 1.044644
220 12.169390 13.833324 15.053138 0.727992 0.926092 1.044644
230 12.169390 13.607236 14.823951 0.727992 0.928553 1.029442
240 11.893140 13.359154 14.624983 0.727992 0.926629 1.029442
250 11.697606 13.151115 14.430227 0.727992 0.923494 1.029442
260 11.525092 12.939102 14.153054 0.727992 0.924686 1.029442
270 11.525092 12.729388 13.751136 0.727992 0.925642 1.029442
280 13.575567 12.582584 13.575567 0.750052 0.926592 1.029442
290 11.209201 12.438296 13.379292 0.701132 0.924091 1.029043
300 11.209201 12.308922 13.156494 0.701132 0.923945 1.029043
310 10.868400 12.185541 12.964349 0.701132 0.918945 1.029043
320 10.868400 12.052654 12.765990 0.701132 0.913532 1.029043
330 10.674741 11.918001 12.557624 0.701132 0.910196 1.029043
340 10.573522 11.796087 12.449488 0.701132 0.906831 1.029043
350 10.573522 11.653840 12.393948 0.701132 0.898654 1.029043
360 10.309016 11.517501 12.206886 0.701132 0.888347 1.029043
370 9.811749 11.342467 12.124693 0.701132 0.887251 1.029043
380 9.811749 11.195144 12.014079 0.684561 0.879643 1.007084
390 9.799094 11.042368 11.893140 0.684561 0.871659 1.007084
400 9.662027 10.881190 11.742541 0.684561 0.864588 1.007084
410 9.662027 10.743741 11.473678 0.684561 0.856598 1.007084
420 9.298873 10.610740 11.299802 0.681278 0.850660 1.007047
430 9.298873 10.492574 11.217241 0.681278 0.848056 1.012588
440 11.094139 10.362112 11.094139 0.681278 0.851076 1.024430
450 9.037967 10.199738 10.940974 0.681278 0.847996 1.024430
460 9.037967 10.048292 10.806180 0.681278 0.846092 1.024430
470 8.437837 9.913880 10.645933 0.681278 0.845573 1.024430
480 8.437837 9.785989 10.545664 0.681278 0.844534 1.024430
490 8.437837 9.659731 10.391424 0.692666 0.854198 1.024430
500 8.437837 9.528972 10.265027 0.666737 0.852508 1.024430
510 8.388559 9.403954 10.122862 0.666737 0.842796 1.024430
520 8.231136 9.278105 9.963361 0.666737 0.843688 1.024430
530 8.231136 9.169298 9.824515 0.666737 0.839383 1.024430
540 8.185930 9.057834 9.698008 0.666737 0.837490 1.024430
550 8.038289 8.958204 9.495747 0.666737 0.831953 1.000289
560 8.038289 8.862414 9.374506 0.711668 0.828549 1.000289
570 8.038289 8.774418 9.283496 0.711668 0.824940 1.000289
580 7.814259 8.684996 9.150222 0.735849 0.821875 1.000289
590 7.814259 8.588935 9.150222 0.735849 0.817475 1.000289
600 7.814259 8.495184 9.029350 0.735849 0.811190 1.000289
610 7.625531 8.394130 8.919341 0.735849 0.808425 1.000289
620 7.625531 8.316150 8.823327 0.737547 0.806289 1.000289
630 7.466077 8.222114 8.726722 0.737547 0.803131 1.000289
640 7.466077 8.140197 8.687826 0.737547 0.800698 1.000289
650 7.466077 8.082630 8.448477 0.737547 0.797032 0.963090
660 7.466077 8.016473 8.351155 0.744477 0.793876 0.938681
670 7.466077 7.963688 8.314603 0.744477 0.794420 0.938681
680 7.309406 7.900535 8.232043 0.740345 0.790275 0.870711
690 7.309406 7.840683 8.161057 0.733770 0.788383 0.870711
700 7.309406 7.792906 8.099520 0.733770 0.787054 0.870711
710 7.209599 7.734608 8.029414 0.733770 0.784032 0.870711
720 7.209599 7.681759 7.993281 0.733770 0.778245 0.808717
730 7.209599 7.635398 7.915277 0.733770 0.775258 0.797000
740 7.209599 7.601647 7.814259 0.733770 0.772621 0.797000
750 7.209599 7.561519 7.814104 0.733770 0.770192 0.797000
760 7.209599 7.523397 7.713829 0.733770 0.767030 0.797000
770 7.147894 7.485876 7.713829 0.733770 0.764298 0.797000
780 7.147894 7.444083 7.713829 0.733770 0.760411 0.797000
790 7.147894 7.404980 7.641208 0.733770 0.756426 0.797000
800 7.147894 7.372339 7.588198 0.733770 0.752114 0.795804
810 7.147894 7.339791 7.545565 0.733770 0.751289 0.795622
820 7.147894 7.315450 7.466077 0.740345 0.750037 0.787605
830 7.147894 7.292508 7.413350 0.740162 0.747921 0.787605
840 7.113113 7.271399 7.371512 0.740162 0.747204 0.776894
850 7.113113 7.258000 7.344342 0.740162 0.747061 0.755869
860 7.113113 7.243732 7.309561 0.740162 0.747964 0.755869
870 7.058997 7.229512 7.309561 0.740162 0.749159 0.759295
880 7.058997 7.214726 7.309561 0.740162 0.750543 0.759295
890 7.058997 7.199073 7.287719 0.740162 0.752039 0.759295
900 7.058842 7.183241 7.252937 0.740162 0.752216 0.759295
910 7.058842 7.167397 7.252937 0.740162 0.752488 0.759295
920 7.058842 7.154974 7.252782 0.740162 0.752721 0.759295
930 7.058842 7.141588 7.209599 0.743501 0.753546 0.759478
940 7.058842 7.128305 7.204518 0.743684 0.754684 0.759478
950 7.058842 7.118924 7.167916 0.743684 0.754825 0.759478
960 7.058842 7.109969 7.152975 0.743684 0.755134 0.759478
970 7.058842 7.101393 7.148049 0.743684 0.755084 0.759478
980 7.058842 7.092483 7.147894 0.743684 0.755072 0.759478
990 7.043975 7.083676 7.147894 0.743684 0.755097 0.759478
1000 7.043975 7.074905 7.133027 0.743684 0.755071 0.759478
1010 7.043975 7.068405 7.113268 0.752118 0.755127 0.757706
1020 7.043975 7.062974 7.113113 0.752118 0.755452 0.757706
1030 7.043975 7.057975 7.058997 0.755457 0.755633 0.757706
1040 7.043975 7.057811 7.058997 0.755457 0.755610 0.757706
1050 7.043975 7.057506 7.058842 0.755457 0.755626 0.757706
1060 7.043975 7.057357 7.058842 0.755457 0.755645 0.757706
1070 7.043975 7.056762 7.058842 0.755457 0.755718 0.757706
1080 7.043975 7.056465 7.058842 0.755457 0.755755 0.757706
1090 7.043975 7.055722 7.058842 0.755457 0.755847 0.757706
1100 7.043975 7.054681 7.058842 0.755457 0.755975 0.757706
1110 7.043975 7.053194 7.058842 0.755457 0.756159 0.757706
1120 7.043975 7.051856 7.058842 0.755457 0.756325 0.757706
1130 7.043975 7.050370 7.058842 0.755457 0.756508 0.757706
1140 7.043975 7.048883 7.058842 0.755457 0.756692 0.757706
1150 7.043975 7.047396 7.058842 0.755457 0.756876 0.757706
1160 7.043975 7.045910 7.058842 0.755457 0.757060 0.757706
1170 7.043975 7.044423 7.058842 0.755457 0.757243 0.757706
1180 7.043975 7.043975 7.043975 0.757294 0.757294 0.757294
1190 7.043975 7.043975 7.043975 0.757294 0.757294 0.757294
1200 7.043975 7.043975 7.043975 0.757294 0.757294 0.757294
1210 7.043975 7.043975 7.043975 0.757294 0.757294 0.757294
1220 7.043975 7.043975 7.043975 0.757294 0.757294 0.757294
1230 7.043975 7.043975 7.043975 0.757294 0.757294 0.757294
1240 7.043975 7.043975 7.043975 0.757294 0.757294 0.757294
1250 7.043975 7.043975 7.043975 0.757294 0.757294 0.757294
1260 7.043975 7.043975 7.043975 0.757294 0.757294 0.757294
1270 7.043975 7.043975 7.043975 0.757294 0.757294 0.757294
1280 7.043975 7.043975 7.043975 0.757294 0.757294 0.757294
1290 7.043975 7.043975 7.043975 0.757294 0.757294 0.757294
1300 7.043975 7.043975 7.043975 0.757294 0.757294 0.757294
1310 7.043975 7.043975 7.043975 0.757294 0.757294 0.757294
1320 7.043975 7.043975 7.043975 0.757294 0.757294 0.757294
1330 7.043975 7.043975 7.043975 0.757294 0.757294 0.757294
1340 7.043975 7.043975 7.043975 0.757294 0.757294 0.757294
1350 7.043975 7.043975 7.043975 0.757294 0.757294 0.757294
1360 7.043975 7.043975 7.043975 0.757294 0.757294 0.757294
1370 7.043975 7.043975 7.043975 0.757294 0.757294 0.757294
1380 7.043975 7.043975 7.043975 0.757294 0.757294 0.757294
1390 7.043975 7.043975 7.043975 0.757294 0.757294 0.757294
1400 7.043975 7.043975 7.043975 0.757294 0.757294 0.757294
1410 7.043975 7.043975 7.043975 0.757294 0.757294 0.757294
1420 7.043975 7.043975 7.043975 0.757294 0.757294 0.757294
1430 7.043975 7.043975 7.043975 0.757294 0.757294 0.757294
1440 7.043975 7.043975 7.043975 0.757294 0.757294 0.757294
1450 7.043975 7.043975 7.043975 0.757294 0.757294 0.757294
1460 7.043975 7.043975 7.043975 0.757294 0.757294 0.757294
1470 7.043975 7.043975 7.043975 0.757294 0.757294 0.757294
1480 7.043975 7.043975 7.043975 0.757294 0.757294 0.757294
1490 7.043975 7.043975 7.043975 0.757294 0.757294 0.757294
1500 7.043975 7.043975 7.043975 0.757294 0.757294 0.757294
1510 7.043975 7.043975 7.043975 0.757294 0.757294 0.757294
1520 7.043975 7.043975 7.043975 0.757294 0.757294 0.757294
1530 7.043975 7.043975 7.043975 0.757294 0.757294 0.757294
1540 7.043975 7.043975 7.043975 0.757294 0.757294 0.757294
1550 7.043975 7.043975 7.043975 0.757294 0.757294 0.757294
1560 7.043975 7.043975 7.043975 0.757294 0.757294 0.757294
1570 7.043975 7.043975 7.043975 0.757294 0.757294 0.757294
1580 7.043975 7.043975 7.043975 0.757294 0.757294 0.757294
1590 7.043975 7.043975 7.043975 0.757294 0.757294 0.757294
1600 7.043975 7.043975 7.043975 0.757294 0.757294 0.757294
1610 7.043975 7.043975 7.043975 0.757294 0.757294 0.757294
1620 7.043975 7.043975 7.043975 0.757294 0.757294 0.757294
1630 7.043975 7.043975 7.043975 0.757294 0.757294 0.757294
1640 7.043975 7.043975 7.043975 0.757294 0.757294 0.757294
1650 7.043975 7.043975 7.043975 0.757294 0.757294 0.757294
1660 7.043975 7.043975 7.043975 0.757294 0.757294 0.757294
1670 7.043975 7.043975 7.043975 0.757294 0.757294 0.757294
1680 7.043975 7.043975 7.043975 0.757294 0.757294 0.757294
1690 7.043975 7.043975 7.043975 0.757294 0.757294 0.757294
1700 7.043975 7.043975 7.043975 0.757294 0.757294 0.757294
1710 7.043975 7.043975 7.043975 0.757294 0.757294 0.757294
1720 7.043975 7.043975 7.043975 0.757294 0.757294 0.757294
1730 7.043975 7.043975 7.043975 0.757294 0.757294 0.757294
1740 7.043975 7.043975 7.043975 0.757294 0.757294 0.757294
1750 7.043975 7.043975 7.043975 0.757294 0.757294 0.757294
1760 7.043975 7.043975 7.043975 0.757294 0.757294 0.757294
1770 7.043975 7.043975 7.043975 0.757294 0.757294 0.757294
1780 7.043975 7.043975 7.043975 0.757294 0.757294 0.757294
1790 7.043975 7.043975 7.043975 0.757294 0.757294 0.757294
1800 7.043975 7.043975 7.043975 0.757294 0.757294 0.757294
1810 7.043975 7.043975 7.043975 0.757294 0.757294 0.757294
1820 7.043975 7.043975 7.043975 0.757294 0.757294 0.757294
1830 7.043975 7.043975 7.043975 0.757294 0.757294 0.757294
1840 7.043975 7.043975 7.043975 0.757294 0.757294 0.757294
1850 7.043975 7.043975 7.043975 0.757294 0.757294 0.757294
1860 7.043975 7.043975 7.043975 0.757294 0.757294 0.757294
1870 7.043975 7.043975 7.043975 0.757294 0.757294 0.757294
1880 7.043975 7.043975 7.043975 0.757294 0.757294 0.757294
1890 7.043975 7.043975 7.043975 0.757294 0.757294 0.757294
1900 7.043975 7.043975 7.043975 0.757294 0.757294 0.757294
1910 7.043975 7.043975 7.043975 0.757294 0.757294 0.757294
1920 7.043975 7.043975 7.043975 0.757294 0.757294 0.757294
1930 7.043975 7.043975 7.043975 0.757294 0.757294 0.757294
1940 7.043975 7.043975 7.043975 0.757294 0.757294 0.757294
1950 7.043975 7.043975 7.043975 0.757294 0.757294 0.757294
1960 7.043975 7.043975 7.043975 0.757294 0.757294 0.757294
1970 7.043975 7.043975 7.043975 0.757294 0.757294 0.757294
1980 7.043975 7.043975 7.043975 0.757294 0.757294 0.757294
1990 7.043975 7.043975 7.043975 0.757294 0.757294 0.757294
2000 7.043975 7.043975 7.043975 0.757294 0.757294 0.757294
2010 7.043975 7.043975 7.043975 0.757294 0.757294 0.757294
2020 7.043975 7.043975 7.043975 0.757294 0.757294 0.757294
2030 7.043975 7.043975 7.043975 0.757294 0.757294 0.757294
2040 7.043975 7.043975 7.043975 0.757294 0.757294 0.757294
2050 7.043975 7.043975 7.043975 0.757294 0.757294 0.757294
2060 7.043975 7.043975 7.043975 0.757294 0.757294 0.757294
2070 7.043975 7.043975 7.043975 0.757294 0.757294 0.757294
2080 7.043975 7.043975 7.043975 0.757294 0.757294 0.757294
2090 7.043975 7.043975 7.043975 0.757294 0.757294 0.757294
2100 7.043975 7.043975 7.043975 0.757294 0.757294 0.757294
2110 7.043975 7.043975 7.043975 0.757294 0.757294 0.757294
2120 7.043975 7.043975 7.043975 0.757294 0.757294 0.757294
2130 7.043975 7.043975 7.043975 0.757294 0.757294 0.757294
2140 7.043975 7.043975 7.043975 0.757294 0.757294 0.757294
2150 7.043975 7.043975 7.043975 0.757294 0.757294 0.757294
2160 7.043975 7.043975 7.043975 0.757294 0.757294 0.757294
2170 7.043975 7.043975 7.043975 0.757294 0.757294 0.757294
2180 7.043975 7.043975 7.043975 0.757294 0.757294 0.757294
2190 7.043975 7.043975 7.043975 0.757294 0.757294 0.757294
2200 7.043975 7.043975 7.043975 0.757294 0.757294 0.757294
2210 7.043975 7.043975 7.043975 0.757294 0.757294 0.757294
2220 7.043975 7.043975 7.043975 0.757294 0.757294 0.757294
2230 7.043975 7.043975 7.043975 0.757294 0.757294 0.757294
2240 7.043975 7.043975 7.043975 0.757294 0.757294 0.757294
2250 7.043975 7.043975 7.043975 0.757294 0.757294 0.757294
2260 7.043975 7.043975 7.043975 0.757294 0.757294 0.757294
2270 7.043975 7.043975 7.043975 0.757294 0.757294 0.757294
2280 7.043975 7.043975 7.043975 0.757294 0.757294 0.757294
2290 7.043975 7.043975 7.043975 0.757294 0.757294 0.757294
2300 7.043975 7.043975 7.043975 0.757294 0.757294 0.757294
2310 7.043975 7.043975 7.043975 0.757294 0.757294 0.757294
2320 7.043975 7.043975 7.043975 0.757294 0.757294 0.757294
2330 7.043975 7.043975 7.043975 0.757294 0.757294 0.757294
2340 7.043975 7.043975 7.043975 0.757294 0.757294 0.757294
2350 7.043975 7.043975 7.043975 0.757294 0.757294 0.757294
2360 7.043975 7.043975 7.043975 0.757294 0.757294 0.757294
2370 7.043975 7.043975 7.043975 0.757294 0.757294 0.757294
2380 7.043975 7.043975 7.043975 0.757294 0.757294 0.757294
2390 7.043975 7.043975 7.043975 0.757294 0.757294 0.757294
2400 7.043975 7.043975 7.043975 0.757294 0.757294 0.757294
2410 7.043975 7.043975 7.043975 0.757294 0.757294 0.757294
2420 7.043975 7.043975 7.043975 0.757294 0.757294 0.757294
2430 7.043975 7.043975 7.043975 0.757294 0.757294 0.757294
2440 7.043975 7.043975 7.043975 0.757294 0.757294 0.757294
2450 7.043975 7.043975 7.043975 0.757294 0.757294 0.757294
2460 7.043975 7.043975 7.043975 0.757294 0.757294 0.757294
2470 7.043975 7.043975 7.043975 0.757294 0.757294 0.757294
2480 7.043975 7.043975 7.043975 0.757294 0.757294 0.757294
2490 7.043975 7.043975 7.043975 0.757294 0.757294 0.757294
2500 7.043975 7.043975 7.043975 0.757294 0.757294 0.757294
2510 7.043975 7.043975 7.043975 0.757294 0.757294 0.757294
2520 7.043975 7.043975 7.043975 0.757294 0.757294 0.757294
2530 7.043975 7.043975 7.043975 0.757294 0.757294 0.757294
2540 7.043975 7.043975 7.043975 0.757294 0.757294 0.757294
2550 7.043975 7.043975 7.043975 0.757294 0.757294 0.757294
2560 7.043975 7.043975 7.043975 0.757294 0.757294 0.757294
2570 7.043975 7.043975 7.043975 0.757294 0.757294 0.757294
2580 7.043975 7.043975 7.043975 0.757294 0.757294 0.757294
2590 7.043975 7.043975 7.043975 0.757294 0.757294 0.757294
2600 7.043975 7.043975 7.043975 0.757294 0.757294 0.757294
2610 7.043975 7.043975 7.043975 0.757294 0.757294 0.757294
2620 7.043975 7.043975 7.043975 0.757294 0.757294 0.757294
2630 7.043975 7.043975 7.043975 0.757294 0.757294 0.757294
2640 7.043975 7.043975 7.043975 0.757294 0.757294 0.757294
2650 7.043975 7.043975 7.043975 0.757294 0.757294 0.757294
2660 7.043975 7.043975 7.043975 0.757294 0.757294 0.757294
2670 7.043975 7.043975 7.043975 0.757294 0.757294 0.757294
2680 7.043975 7.043975 7.043975 0.757294 0.757294 0.757294
2690 7.043975 7.043975 7.043975 0.757294 0.757294 0.757294
2700 7.043975 7.043975 7.043975 0.757294 0.757294 0.757294
2710 7.043975 7.043975 7.043975 0.757294 0.757294 0.757294
2720 7.043975 7.043975 7.043975 0.757294 0.757294 0.757294
2730 7.043975 7.043975 7.043975 0.757294 0.757294 0.757294
2740 7.043975 7.043975 7.043975 0.757294 0.757294 0.757294
2750 7.043975 7.043975 7.043975 0.757294 0.757294 0.757294
2760 7.043975 7.043975 7.043975 0.757294 0.757294 0.757294
2770 7.043975 7.043975 7.043975 0.757294 0.757294 0.757294
2780 7.043975 7.043975 7.043975 0.757294 0.757294 0.757294
2790 7.043975 7.043975 7.043975 0.757294 0.757294 0.757294
2800 7.043975 7.043975 7.043975 0.757294 0.757294 0.757294
2810 7.043975 7.043975 7.043975 0.757294 0.757294 0.757294
2820 7.043975 7.043975 7.043975 0.757294 0.757294 0.757294
2830 7.043975 7.043975 7.043975 0.757294 0.757294 0.757294
2840 7.043975 7.043975 7.043975 0.757294 0.757294 0.757294
2850 7.043975 7.043975 7.043975 0.757294 0.757294 0.757294
2860 7.043975 7.043975 7.043975 0.757294 0.757294 0.757294
2870 7.043975 7.043975 7.043975 0.757294 0.757294 0.757294
2880 7.043975 7.043975 7.043975 0.757294 0.757294 0.757294
2890 7.043975 7.043975 7.043975 0.757294 0.757294 0.757294
2900 7.043975 7.043975 7.043975 0.757294 0.757294 0.757294
2910 7.043975 7.043975 7.043975 0.757294 0.757294 0.757294
2920 7.043975 7.043975 7.043975 0.757294 0.757294 0.757294
2930 7.043975 7.043975 7.043975 0.757294 0.757294 0.757294
2940 7.043975 7.043975 7.043975 0.757294 0.757294 0.757294
2950 7.043975 7.043975 7.043975 0.757294 0.757294 0.757294
2960 7.043975 7.043975 7.043975 0.757294 0.757294 0.757294
2970 7.043975 7.043975 7.043975 0.757294 0.757294 0.757294
2980 7.043975 7.043975 7.043975 0.757294 0.757294 0.757294
2990 7.043975 7.043975 7.043975 0.757294 0.757294 0.757294
3000 7.043975 7.043975 7.043975 0.757294 0.757294 0.757294
3010 7.043975 7.043975 7.043975 0.757294 0.757294 0.757294
3020 7.043975 7.043975 7.043975 0.757294 0.757294 0.757294
3030 7.043975 7.043975 7.043975 0.757294 0.757294 0.757294
3040 7.043975 7.043975 7.043975 0.757294 0.757294 0.757294
3050 7.043975 7.043975 7.043975 0.757294 0.757294 0.757294
3060 7.043975 7.043975 7.043975 0.757294 0.757294 0.757294
3070 7.043975 7.043975 7.043975 0.757294 0.757294 0.757294
3080 7.043975 7.043975 7.043975 0.757294 0.757294 0.757294
3090 7.043975 7.043975 7.043975 0.757294 0.757294 0.757294
3100 7.043975 7.043975 7.043975 0.757294 0.757294 0.757294
3110 7.043975 7.043975 7.043975 0.757294 0.757294 0.757294
3120 7.043975 7.043975 7.043975 0.757294 0.757294 0.757294
3130 7.043975 7.043975 7.043975 0.757294 0.757294 0.757294
3140 7.043975 7.043975 7.043975 0.757294 0.757294 0.757294
3150 7.043975 7.043975 7.043975 0.757294 0.757294 0.757294
3160 7.043975 7.043975 7.043975 0.757294 0.757294 0.757294
3170 7.043975 7.043975 7.043975 0.757294 0.757294 0.757294
3180 7.043975 7.043975 7.043975 0.757294 0.757294 0.757294
3190 7.043975 7.043975 7.043975 0.757294 0.757294 0.757294
3200 7.043975 7.043975 7.043975 0.757294 0.757294 0.757294
3210 7.043975 7.043975 7.043975 0.757294 0.757294 0.757294
3220 7.043975 7.043975 7.043975 0.757294 0.757294 0.757294
3230 7.043975 7.043975 7.043975 0.757294 0.757294 0.757294
3240 7.043975 7.043975 7.043975 0.757294 0.757294 0.757294
3250 7.043975 7.043975 7.043975 0.757294 0.757294 0.757294
3260 7.043975 7.043975 7.043975 0.757294 0.757294 0.757294
3270 7.043975 7.043975 7.043975 0.757294 0.757294 0.757294
3280 7.043975 7.043975 7.043975 0.757294 0.757294 0.757294
3290 7.043975 7.043975 7.043975 0.757294 0.757294 0.757294
3300 7.043975 7.043975 7.043975 0.757294 0.757294 0.757294
3310 7.043975 7.043975 7.043975 0.757294 0.757294 0.757294
3320 7.043975 7.043975 7.043975 0.757294 0.757294 0.757294
3330 7.043975 7.043975 7.043975 0.757294 0.757294 0.757294
3340 7.043975 7.043975 7.043975 0.757294 0.757294 0.757294
3350 7.043975 7.043975 7.043975 0.757294 0.757294 0.757294
3360 7.043975 7.043975 7.043975 0.757294 0.757294 0.757294
3370 7.043975 7.043975 7.043975 0.757294 0.757294 0.757294
3380 7.043975 7.043975 7.043975 0.757294 0.757294 0.757294
3390 7.043975 7.043975 7.043975 0.757294 0.757294 0.757294
3400 7.043975 7.043975 7.043975 0.757294 0.757294 0.757294
3410 7.043975 7.043975 7.043975 0.757294 0.757294 0.757294
3420 7.043975 7.043975 7.043975 0.757294 0.757294 0.757294
3430 7.043975 7.043975 7.043975 0.757294 0.757294 0.757294
3440 7.043975 7.043975 7.043975 0.757294 0.757294 0.757294
3450 7.043975 7.043975 7.043975 0.757294 0.757294 0.757294
3460 7.043975 7.043975 7.043975 0.757294 0.757294 0.757294
3470 7.043975 7.043975 7.043975 0.757294 0.757294 0.757294
3480 7.043975 7.043975 7.043975 0.757294 0.757294 0.757294
3490 7.043975 7.043975 7.043975 0.757294 0.757294 0.757294
3500 7.043975 7.043975 7.043975 0.757294 0.757294 0.757294
3510 7.043975 7.043975 7.043975 0.757294 0.757294 0.757294
3520 7.043975 7.043975 7.043975 0.757294 0.757294 0.757294
3530 7.043975 7.043975 7.043975 0.757294 0.757294 0.757294
3540 7.043975 7.043975 7.043975 0.757294 0.757294 0.757294
3550 7.043975 7.043975 7.043975 0.757294 0.757294 0.757294
3560 7.043975 7.043975 7.043975 0.757294 0.757294 0.757294
3570 7.043975 7.043975 7.043975 0.757294 0.757294 0.757294
3580 7.043975 7.043975 7.043975 0.757294 0.757294 0.757294
3590 7.043975 7.043975 7.043975 0.757294 0.757294 0.757294
3600 7.043975 7.043975 7.043975 0.757294 0.757294 0.757294
3610 7.043975 7.043975 7.043975 0.757294 0.757294 0.757294
3620 7.043975 7.043975 7.043975 0.757294 0.757294 0.757294
3630 7.043975 7.043975 7.043975 0.757294 0.757294 0.757294
3640 7.043975 7.043975 7.043975 0.757294 0.757294 0.757294
3650 7.043975 7.043975 7.043975 0.757294 0.757294 0.757294
3660 7.043975 7.043975 7.043975 0.757294 0.757294 0.757294
3670 7.043975 7.043975 7.043975 0.757294 0.757294 0.757294
3680 7.043975 7.043975 7.043975 0.757294 0.757294 0.757294
3690 7.043975 7.043975 7.043975 0.757294 0.757294 0.757294
3700 7.043975 7.043975 7.043975 0.757294 0.757294 0.757294
3710 7.043975 7.043975 7.043975 0.757294 0.757294 0.757294
3720 7.043975 7.043975 7.043975 0.757294 0.757294 0.757294
3730 7.043975 7.043975 7.043975 0.757294 0.757294 0.757294
3740 7.043975 7.043975 7.043975 0.757294 0.757294 0.757294
3750 7.043975 7.043975 7.043975 0.757294 0.757294 0.757294
3760 7.043975 7.043975 7.043975 0.757294 0.757294 0.757294
3770 7.043975 7.043975 7.043975 0.757294 0.757294 0.757294
3780 7.043975 7.043975 7.043975 0.757294 0.757294 0.757294
3790 7.043975 7.043975 7.043975 0.757294 0.757294 0.757294
3800 7.043975 7.043975 7.043975 0.757294 0.757294 0.757294
3810 7.043975 7.043975 7.043975 0.757294 0.757294 0.757294
3820 7.043975 7.043975 7.043975 0.757294 0.757294 0.757294
3830 7.043975 7.043975 7.043975 0.757294 0.757294 0.757294
3840 7.043975 7.043975 7.043975 0.757294 0.757294 0.757294
3850 7.043975 7.043975 7.043975 0.757294 0.757294 0.757294
3860 7.043975 7.043975 7.043975 0.757294 0.757294 0.757294
3870 7.043975 7.043975 7.043975 0.757294 0.757294 0.757294
3880 7.043975 7.043975 7.043975 0.757294 0.757294 0.757294
3890 7.043975 7.043975 7.043975 0.757294 0.757294 0.757294
3900 7.043975 7.043975 7.043975 0.757294 0.757294 0.757294
3910 7.043975 7.043975 7.043975 0.757294 0.757294 0.757294
3920 7.043975 7.043975 7.043975 0.757294 0.757294 0.757294
3930 7.043975 7.043975 7.043975 0.757294 0.757294 0.757294
3940 7.043975 7.043975 7.043975 0.757294 0.757294 0.757294
3950 7.043975 7.043975 7.043975 0.757294 0.757294 0.757294
3960 7.043975 7.043975 7.043975 0.757294 0.757294 0.757294
3970 7.043975 7.043975 7.043975 0.757294 0.757294 0.757294
3980 7.043975 7.043975 7.043975 0.757294 0.757294 0.757294
3990 7.043975 7.043975 7.043975 0.757294 0.757294 0.757294
4000 7.043975 7.043975 7.043975 0.757294 0.757294 0.757294
4010 7.043975 7.043975 7.043975 0.757294 0.757294 0.757294
4020 7.043975 7.043975 7.043975 0.757294 0.757294 0.757294
4030 7.043975 7.043975 7.043975 0.757294 0.757294 0.757294
4040 7.043975 7.043975 7.043975 0.757294 0.757294 0.757294
4050 7.043975 7.043975 7.043975 0.757294 0.757294 0.757294
4060 7.043975 7.043975 7.043975 0.757294 0.757294 0.757294
4070 7.043975 7.043975 7.043975 0.757294 0.757294 0.757294
4080 7.043975 7.043975 7.043975 0.757294 0.757294 0.757294
4090 7.043975 7.043975 7.043975 0.757294 0.757294 0.757294
4100 7.043975 7.043975 7.043975 0.757294 0.757294 0.757294
4110 7.043975 7.043975 7.043975 0.757294 0.757294 0.757294
4120 7.043975 7.043975 7.043975 0.757294 0.757294 0.757294
4130 7.043975 7.043975 7.043975 0.757294 0.757294 0.757294
4140 7.043975 7.043975 7.043975 0.757294 0.757294 0.757294
4150 7.043975 7.043975 7.043975 0.757294 0.757294 0.757294
4160 7.043975 7.043975 7.043975 0.757294 0.757294 0.757294
4170 7.043975 7.043975 7.043975 0.757294 0.757294 0.757294
4180 7.043975 7.043975 7.043975 0.757294 0.757294 0.757294
4190 7.043975 7.043975 7.043975 0.757294 0.757294 0.757294
4200 7.043975 7.043975 7.043975 0.757294 0.757294 0.757294
4210 7.043975 7.043975 7.043975 0.757294 0.757294 0.757294
4220 7.043975 7.043975 7.043975 0.757294 0.757294 0.757294
4230 7.043975 7.043975 7.043975 0.757294 0.757294 0.757294
4240 7.043975 7.043975 7.043975 0.757294 0.757294 0.757294
4250 7.043975 7.043975 7.043975 0.757294 0.757294 0.757294
4260 7.043975 7.043975 7.043975 0.757294 0.757294 0.757294
4270 7.043975 7.043975 7.043975 0.757294 0.757294 0.757294
4280 7.043975 7.043975 7.043975 0.757294 0.757294 0.757294
4290 7.043975 7.043975 7.043975 0.757294 0.757294 0.757294
4300 7.043975 7.043975 7.043975 0.757294 0.757294 0.757294
4310 7.043975 7.043975 7.043975 0.757294 0.757294 0.757294
4320 7.043975 7.043975 7.043975 0.757294 0.757294 0.757294
4330 7.043975 7.043975 7.043975 0.757294 0.757294 0.757294
4340 7.043975 7.043975 7.043975 0.757294 0.757294 0.757294
4350 7.043975 7.043975 7.043975 0.757294 0.757294 0.757294
4360 7.043975 7.043975 7.043975 0.757294 0.757294 0.757294
4370 7.043975 7.043975 7.043975 0.757294 0.757294 0.757294
4380 7.043975 7.043975 7.043975 0.757294 0.757294 0.757294
4390 7.043975 7.043975 7.043975 0.757294 0.757294 0.757294
4400 7.043975 7.043975 7.043975 0.757294 0.757294 0.757294
4410 7.043975 7.043975 7.043975 0.757294 0.757294 0.757294
4420 7.043975 7.043975 7.043975 0.757294 0.757294 0.757294
4430 7.043975 7.043975 7.043975 0.757294 0.757294 0.757294
4440 7.043975 7.043975 7.043975 0.757294 0.757294 0.757294
4450 7.043975 7.043975 7.043975 0.757294 0.757294 0.757294
4460 7.043975 7.043975 7.043975 0.757294 0.757294 0.757294
4470 7.043975 7.043975 7.043975 0.757294 0.757294 0.757294
4480 7.043975 7.043975 7.043975 0.757294 0.757294 0.757294
4490 7.043975 7.043975 7.043975 0.757294 0.757294 0.757294
4500 7.043975 7.043975 7.043975 0.757294 0.757294 0.757294
4510 7.043975 7.043975 7.043975 0.757294 0.757294 0.757294
4520 7.043975 7.043975 7.043975 0.757294 0.757294 0.757294
4530 7.043975 7.043975 7.043975 0.757294 0.757294 0.757294
4540 7.043975 7.043975 7.043975 0.757294 0.757294 0.757294
4550 7.043975 7.043975 7.043975 0.757294 0.757294 0.757294
4560 7.043975 7.043975 7.043975 0.757294 0.757294 0.757294
4570 7.043975 7.043975 7.043975 0.757294 0.757294 0.757294
4580 7.043975 7.043975 7.043975 0.757294 0.757294 0.757294
4590 7.043975 7.043975 7.043975 0.757294 0.757294 0.757294
4600 7.043975 7.043975 7.043975 0.757294 0.757294 0.757294
4610 7.043975 7.043975 7.043975 0.757294 0.757294 0.757294
4620 7.043975 7.043975 7.043975 0.757294 0.757294 0.757294
4630 7.043975 7.043975 7.043975 0.757294 0.757294 0.757294
4640 7.043975 7.043975 7.043975 0.757294 0.757294 0.757294
4650 7.043975 7.043975 7.043975 0.757294 0.757294 0.757294
4660 7.043975 7.043975 7.043975 0.757294 0.757294 0.757294
4670 7.043975 7.043975 7.043975 0.757294 0.757294 0.757294
4680 7.043975 7.043975 7.043975 0.757294 0.757294 0.757294
4690 7.043975 7.043975 7.043975 0.757294 0.757294 0.757294
4700 7.043975 7.043975 7.043975 0.757294 0.757294 0.757294
4710 7.043975 7.043975 7.043975 0.757294 0.757294 0.757294
4720 7.043975 7.043975 7.043975 0.757294 0.757294 0.757294
4730 7.043975 7.043975 7.043975 0.757294 0.757294 0.757294
4740 7.043975 7.043975 7.043975 0.757294 0.757294 0.757294
4750 7.043975 7.043975 7.043975 0.757294 0.757294 0.757294
4760 7.043975 7.043975 7.043975 0.757294 0.757294 0.757294
4770 7.043975 7.043975 7.043975 0.757294 0.757294 0.757294
4780 7.043975 7.043975 7.043975 0.757294 0.757294 0.757294
4790 7.043975 7.043975 7.043975 0.757294 0.757294 0.757294
4800 7.043975 7.043975 7.043975 0.757294 0.757294 0.757294
4810 7.043975 7.043975 7.043975 0.757294 0.757294 0.757294
4820 7.043975 7.043975 7.043975 0.757294 0.757294 0.757294
4830 7.043975 7.043975 7.043975 0.757294 0.757294 0.757294
4840 7.043975 7.043975 7.043975 0.757294 0.757294 0.757294
4850 7.043975 7.043975 7.043975 0.757294 0.757294 0.757294
4860 7.043975 7.043975 7.043975 0.757294 0.757294 0.757294
4870 7.043975 7.043975 7.043975 0.757294 0.757294 0.757294
4880 7.043975 7.043975 7.043975 0.757294 0.757294 0.757294
4890 7.043975 7.043975 7.043975 0.757294 0.757294 0.757294
4900 7.043975 7.043975 7.043975 0.757294 0.757294 0.757294
4910 7.043975 7.043975 7.043975 0.757294 0.757294 0.757294
4920 7.043975 7.043975 7.043975 0.757294 0.757294 0.757294
4930 7.043975 7.043975 7.043975 0.757294 0.757294 0.757294
4940 7.043975 7.043975 7.043975 0.757294 0.757294 0.757294
4950 7.043975 7.043975 7.043975 0.757294 0.757294 0.757294
4960 7.043975 7.043975 7.043975 0.757294 0.757294 0.757294
4970 7.043975 7.043975 7.043975 0.757294 0.757294 0.757294
4980 7.043975 7.043975 7.043975 0.757294 0.757294 0.757294
4990 7.043975 7.043975 7.043975 0.757294 0.757294 0.757294
5000 7.043975 7.043975 7.043975 0.757294 0.757294 0.757294
5010 7.043975 7.043975 7.043975 0.757294 0.757294 0.757294
5020 7.043975 7.043975 7.043975 0.757294 0.757294 0.757294
5030 7.043975 7.043975 7.043975 0.757294 0.757294 0.757294
5040 7.043975 7.043975 7.043975 0.757294 0.757294 0.757294
5050 7.043975 7.043975 7.043975 0.757294 0.757294 0.757294
5060 7.043975 7.043975 7.043975 0.757294 0.757294 0.757294
5070 7.043975 7.043975 7.043975 0.757294 0.757294 0.757294
5080 7.043975 7.043975 7.043975 0.757294 0.757294 0.757294
5090 7.043975 7.043975 7.043975 0.757294 0.757294 0.757294
5100 7.043975 7.043975 7.043975 0.757294 0.757294 0.757294
5110 7.043975 7.043975 7.043975 0.757294 0.757294 0.757294
5120 7.043975 7.043975 7.043975 0.757294 0.757294 0.757294
5130 7.043975 7.043975 7.043975 0.757294 0.757294 0.757294
5140 7.043975 7.043975 7.043975 0.757294 0.757294 0.757294
5150 7.043975 7.043975 7.043975 0.757294 0.757294 0.757294
5160 7.043975 7.043975 7.043975 0.757294 0.757294 0.757294
5170 7.043975 7.043975 7.043975 0.757294 0.757294 0.757294
5180 7.043975 7.043975 7.043975 0.757294 0.757294 0.757294
5190 7.043975 7.043975 7.043975 0.757294 0.757294 0.757294
5200 7.043975 7.043975 7.043975 0.757294 0.757294 0.757294
5210 7.043975 7.043975 7.043975 0.757294 0.757294 0.757294
5220 7.043975 7.043975 7.043975 0.757294 0.757294 0.757294
5230 7.043975 7.043975 7.043975 0.757294 0.757294 0.757294
5240 7.043975 7.043975 7.043975 0.757294 0.757294 0.757294
5250 7.043975 7.043975 7.043975 0.757294 0.757294 0.757294
5260 7.043975 7.043975 7.043975 0.757294 0.757294 0.757294
5270 7.043975 7.043975 7.043975 0.757294 0.757294 0.757294
5280 7.043975 7.043975 7.043975 0.757294 0.757294 0.757294
5290 7.043975 7.043975 7.043975 0.757294 0.757294 0.757294
5300 7.043975 7.043975 7.043975 0.757294 0.757294 0.757294
5310 7.043975 7.043975 7.043975 0.757294 0.757294 0.757294
5320 7.043975 7.043975 7.043975 0.757294 0.757294 0.757294
5330 7.043975 7.043975 7.043975 0.757294 0.757294 0.757294
5340 7.043975 7.043975 7.043975 0.757294 0.757294 0.757294
5350 7.043975 7.043975 7.043975 0.757294 0.757294 0.757294
5360 7.043975 7.043975 7.043975 0.757294 0.757294 0.757294
5370 7.043975 7.043975 7.043975 0.757294 0.757294 0.757294
5380 7.043975 7.043975 7.043975 0.757294 0.757294 0.757294
5390 7.043975 7.043975 7.043975 0.757294 0.757294 0.757294
5400 7.043975 7.043975 7.043975 0.757294 0.757294 0.757294
5410 7.043975 7.043975 7.043975 0.757294 0.757294 0.757294
5420 7.043975 7.043975 7.043975 0.757294 0.757294 0.757294
5430 7.043975 7.043975 7.043975 0.757294 0.757294 0.757294
5440 7.043975 7.043975 7.043975 0.757294 0.757294 0.757294
5450 7.043975 7.043975 7.043975 0.757294 0.757294 0.757294
5460 7.043975 7.043975 7.043975 0.757294 0.757294 0.757294
5470 7.043975 7.043975 7.043975 0.757294 0.757294 0.757294
5480 7.043975 7.043975 7.043975 0.757294 0.757294 0.757294
5490 7.043975 7.043975 7.043975 0.757294 0.757294 0.757294
5500 7.043975 7.043975 7.043975 0.757294 0.757294 0.757294
5510 7.043975 7.043975 7.043975 0.757294 0.757294 0.757294
5520 7.043975 7.043975 7.043975 0.757294 0.757294 0.757294
5530 7.043975 7.043975 7.043975 0.757294 0.757294 0.757294
5540 7.043975 7.043975 7.043975 0.757294 0.757294 0.757294
5550 7.043975 7.043975 7.043975 0.757294 0.757294 0.757294
5560 7.043975 7.043975 7.043975 0.757294 0.757294 0.757294
5570 7.043975 7.043975 7.043975 0.757294 0.757294 0.757294
5580 7.043975 7.043975 7.043975 0.757294 0.757294 0.757294
5590 7.043975 7.043975 7.043975 0.757294 0.757294 0.757294
5600 7.043975 7.043975 7.043975 0.757294 0.757294 0.757294
5610 7.043975 7.043975 7.043975 0.757294 0.757294 0.757294
5620 7.043975 7.043975 7.043975 0.757294 0.757294 0.757294
5630 7.043975 7.043975 7.043975 0.757294 0.757294 0.757294
5640 7.043975 7.043975 7.043975 0.757294 0.757294 0.757294
5650 7.043975 7.043975 7.043975 0.757294 0.757294 0.757294
5660 7.043975 7.043975 7.043975 0.757294 0.757294 0.757294
5670 7.043975 7.043975 7.043975 0.757294 0.757294 0.757294
5680 7.043975 7.043975 7.043975 0.757294 0.757294 0.757294
5690 7.043975 7.043975 7.043975 0.757294 0.757294 0.757294
5700 7.043975 7.043975 7.043975 0.757294 0.757294 0.757294
5710 7.043975 7.043975 7.043975 0.757294 0.757294 0.757294
5720 7.043975 7.043975 7.043975 0.757294 0.757294 0.757294
5730 7.043975 7.043975 7.043975 0.757294 0.757294 0.757294
5740 7.043975 7.043975 7.043975 0.757294 0.757294 0.757294
5750 7.043975 7.043975 7.043975 0.757294 0.757294 0.757294
5760 7.043975 7.043975 7.043975 0.757294 0.757294 0.757294
5770 7.043975 7.043975 7.043975 0.757294 0.757294 0.757294
5780 7.043975 7.043975 7.043975 0.757294 0.757294 0.757294
5790 7.043975 7.043975 7.043975 0.757294 0.757294 0.757294
5800 7.043975 7.043975 7.043975 0.757294 0.757294 0.757294
5810 7.043975 7.043975 7.043975 0.757294 0.757294 0.757294
5820 7.043975 7.043975 7.043975 0.757294 0.757294 0.757294
5830 7.043975 7.043975 7.043975 0.757294 0.757294 0.757294
5840 7.043975 7.043975 7.043975 0.757294 0.757294 0.757294
5850 7.043975 7.043975 7.043975 0.757294 0.757294 0.757294
5860 7.043975 7.043975 7.043975 0.757294 0.757294 0.757294
5870 7.043975 7.043975 7.043975 0.757294 0.757294 0.757294
5880 7.043975 7.043975 7.043975 0.757294 0.757294 0.757294
5890 7.043975 7.043975 7.043975 0.757294 0.757294 0.757294
5900 7.043975 7.043975 7.043975 0.757294 0.757294 0.757294
5910 7.043975 7.043975 7.043975 0.757294 0.757294 0.757294
5920 7.043975 7.043975 7.043975 0.757294 0.757294 0.757294
5930 7.043975 7.043975 7.043975 0.757294 0.757294 0.757294
5940 7.043975 7.043975 7.043975 0.757294 0.757294 0.757294
5950 7.043975 7.043975 7.043975 0.757294 0.757294 0.757294
5960 7.043975 7.043975 7.043975 0.757294 0.757294 0.757294
5970 7.043975 7.043975 7.043975 0.757294 0.757294 0.757294
5980 7.043975 7.043975 7.043975 0.757294 0.757294 0.757294
5990 7.043975 7.043975 7.043975 0.757294 0.757294 0.757294
6000 7.043975 7.043975 7.043975 0.757294 0.757294 0.757294
6010 7.043975 7.043975 7.043975 0.757294 0.757294 0.757294
6020 7.043975 7.043975 7.043975 0.757294 0.757294 0.757294
6030 7.043975 7.043975 7.043975 0.757294 0.757294 0.757294
6040 7.043975 7.043975 7.043975 0.757294 0.757294 0.757294
6050 7.043975 7.043975 7.043975 0.757294 0.757294 0.757294
6060 7.043975 7.043975 7.043975 0.757294 0.757294 0.757294
6070 7.043975 7.043975 7.043975 0.757294 0.757294 0.757294
6080 7.043975 7.043975 7.043975 0.757294 0.757294 0.757294
6090 7.043975 7.043975 7.043975 0.757294 0.757294 0.757294
6100 7.043975 7.043975 7.043975 0.757294 0.757294 0.757294
6110 7.043975 7.043975 7.043975 0.757294 0.757294 0.757294
6120 7.043975 7.043975 7.043975 0.757294 0.757294 0.757294
6130 7.043975 7.043975 7.043975 0.757294 0.757294 0.757294
6140 7.043975 7.043975 7.043975 0.757294 0.757294 0.757294
6150 7.043975 7.043975 7.043975 0.757294 0.757294 0.757294
6160 7.043975 7.043975 7.043975 0.757294 0.757294 0.757294
6170 7.043975 7.043975 7.043975 0.757294 0.757294 0.757294
6180 7.043975 7.043975 7.043975 0.757294 0.757294 0.757294
6190 7.043975 7.043975 7.043975 0.757294 0.757294 0.757294
6200 7.043975 7.043975 7.043975 0.757294 0.757294 0.757294
6210 7.043975 7.043975 7.043975 0.757294 0.757294 0.757294
6220 7.043975 7.043975 7.043975 0.757294 0.757294 0.757294
6230 7.043975 7.043975 7.043975 0.757294 0.757294 0.757294
6240 7.043975 7.043975 7.043975 0.757294 0.757294 0.757294
6250 7.043975 7.043975 7.043975 0.757294 0.757294 0.757294
6260 7.043975 7.043975 7.043975 0.757294 0.757294 0.757294
6270 7.043975 7.043975 7.043975 0.757294 0.757294 0.757294
6280 7.043975 7.043975 7.043975 0.757294 0.757294 0.757294
6290 7.043975 7.043975 7.043975 0.757294 0.757294 0.757294
6300 7.043975 7.043975 7.043975 0.757294 0.757294 0.757294
6310 7.043975 7.043975 7.043975 0.757294 0.757294 0.757294
6320 7.043975 7.043975 7.043975 0.757294 0.757294 0.757294
6330 7.043975 7.043975 7.043975 0.757294 0.757294 0.757294
6340 7.043975 7.043975 7.043975 0.757294 0.757294 0.757294
6350 7.043975 7.043975 7.043975 0.757294 0.757294 0.757294
6360 7.043975 7.043975 7.043975 0.757294 0.757294 0.757294
6370 7.043975 7.043975 7.043975 0.757294 0.757294 0.757294
6380 7.043975 7.043975 7.043975 0.757294 0.757294 0.757294
6390 7.043975 7.043975 7.043975 0.757294 0.757294 0.757294
6400 7.043975 7.043975 7.043975 0.757294 0.757294 0.757294
6410 7.043975 7.043975 7.043975 0.757294 0.757294 0.757294
6420 7.043975 7.043975 7.043975 0.757294 0.757294 0.757294
6430 7.043975 7.043975 7.043975 0.757294 0.757294 0.757294
6440 7.043975 7.043975 7.043975 0.757294 0.757294 0.757294
6450 7.043975 7.043975 7.043975 0.757294 0.757294 0.757294
6460 7.043975 7.043975 7.043975 0.757294 0.757294 0.757294
6470 7.043975 7.043975 7.043975 0.757294 0.757294 0.757294
6480 7.043975 7.043975 7.043975 0.757294 0.757294 0.757294
6490 7.043975 7.043975 7.043975 0.757294 0.757294 0.757294
6500 7.043975 7.043975 7.043975 0.757294 0.757294 0.757294
6510 7.043975 7.043975 7.043975 0.757294 0.757294 0.757294
6520 7.043975 7.043975 7.043975 0.757294 0.757294 0.757294
6530 7.043975 7.043975 7.043975 0.757294 0.757294 0.757294
6540 7.043975 7.043975 7.043975 0.757294 0.757294 0.757294
6550 7.043975 7.043975 7.043975 0.757294 0.757294 0.757294
6560 7.043975 7.043975 7.043975 0.757294 0.757294 0.757294
6570 7.043975 7.043975 7.043975 0.757294 0.757294 0.757294
6580 7.043975 7.043975 7.043975 0.757294 0.757294 0.757294
6590 7.043975 7.043975 7.043975 0.757294 0.757294 0.757294
6600 7.043975 7.043975 7.043975 0.757294 0.757294 0.757294
6610 7.043975 7.043975 7.043975 0.757294 0.757294 0.757294
6620 7.043975 7.043975 7.043975 0.757294 0.757294 0.757294
6630 7.043975 7.043975 7.043975 0.757294 0.757294 0.757294
6640 7.043975 7.043975 7.043975 0.757294 0.757294 0.757294
6650 7.043975 7.043975 7.043975 0.757294 0.757294 0.757294
6660 7.043975 7.043975 7.043975 0.757294 0.757294 0.757294
6670 7.043975 7.043975 7.043975 0.757294 0.757294 0.757294
6680 7.043975 7.043975 7.043975 0.757294 0.757294 0.757294
6690 7.043975 7.043975 7.043975 0.757294 0.757294 0.757294
6700 7.043975 7.043975 7.043975 0.757294 0.757294 0.757294
6710 7.043975 7.043975 7.043975 0.757294 0.757294 0.757294
6720 7.043975 7.043975 7.043975 0.757294 0.757294 0.757294
6730 7.043975 7.043975 7.043975 0.757294 0.757294 0.757294
6740 7.043975 7.043975 7.043975 0.757294 0.757294 0.757294
6750 7.043975 7.043975 7.043975 0.757294 0.757294 0.757294
6760 7.043975 7.043975 7.043975 0.757294 0.757294 0.757294
6770 7.043975 7.043975 7.043975 0.757294 0.757294 0.757294
6780 7.043975 7.043975 7.043975 0.757294 0.757294 0.757294
6790 7.043975 7.043975 7.043975 0.757294 0.757294 0.757294
6800 7.043975 7.043975 7.043975 0.757294 0.757294 0.757294
6810 7.043975 7.043975 7.043975 0.757294 0.757294 0.757294
6820 7.043975 7.043975 7.043975 0.757294 0.757294 0.757294
6830 7.043975 7.043975 7.043975 0.757294 0.757294 0.757294
6840 7.043975 7.043975 7.043975 0.757294 0.757294 0.757294
6850 7.043975 7.043975 7.043975 0.757294 0.757294 0.757294
6860 7.043975 7.043975 7.043975 0.757294 0.757294 0.757294
6870 7.043975 7.043975 7.043975 0.757294 0.757294 0.757294
6880 7.043975 7.043975 7.043975 0.757294 0.757294 0.757294
6890 7.043975 7.043975 7.043975 0.757294 0.757294 0.757294
6900 7.043975 7.043975 7.043975 0.757294 0.757294 0.757294
6910 7.043975 7.043975 7.043975 0.757294 0.757294 0.757294
6920 7.043975 7.043975 7.043975 0.757294 0.757294 0.757294
6930 7.043975 7.043975 7.043975 0.757294 0.757294 0.757294
6940 7.043975 7.043975 7.043975 0.757294 0.757294 0.757294
6950 7.043975 7.043975 7.043975 0.757294 0.757294 0.757294
6960 7.043975 7.043975 7.043975 0.757294 0.757294 0.757294
6970 7.043975 7.043975 7.043975 0.757294 0.757294 0.757294
6980 7.043975 7.043975 7.043975 0.757294 0.757294 0.757294
6990 7.043975 7.043975 7.043975 0.757294 0.757294 0.757294
7000 7.043975 7.043975 7.043975 0.757294 0.757294 0.757294
7010 7.043975 7.043975 7.043975 0.757294 0.757294 0.757294
7020 7.043975 7.043975 7.043975 0.757294 0.757294 0.757294
7030 7.043975 7.043975 7.043975 0.757294 0.757294 0.757294
7040 7.043975 7.043975 7.043975 0.757294 0.757294 0.757294
7050 7.043975 7.043975 7.043975 0.757294 0.757294 0.757294
7060 7.043975 7.043975 7.043975 0.757294 0.757294 0.757294
7070 7.043975 7.043975 7.043975 0.757294 0.757294 0.757294
7080 7.043975 7.043975 7.043975 0.757294 0.757294 0.757294
7090 7.043975 7.043975 7.043975 0.757294 0.757294 0.757294
7100 7.043975 7.043975 7.043975 0.757294 0.757294 0.757294
7110 7.043975 7.043975 7.043975 0.757294 0.757294 0.757294
7120 7.043975 7.043975 7.043975 0.757294 0.757294 0.757294
7130 7.043975 7.043975 7.043975 0.757294 0.757294 0.757294
7140 7.043975 7.043975 7.043975 0.757294 0.757294 0.757294
7150 7.043975 7.043975 7.043975 0.757294 0.757294 0.757294
7160 7.043975 7.043975 7.043975 0.757294 0.757294 0.757294
7170 7.043975 7.043975 7.043975 0.757294 0.757294 0.757294
7180 7.043975 7.043975 7.043975 0.757294 0.757294 0.757294
7190 7.043975 7.043975 7.043975 0.757294 0.757294 0.757294
7200 7.043975 7.043975 7.043975 0.757294 0.757294 0.757294
7210 7.043975 7.043975 7.043975 0.757294 0.757294 0.757294
7220 7.043975 7.043975 7.043975 0.757294 0.757294 0.757294
7230 7.043975 7.043975 7.043975 0.757294 0.757294 0.757294
7240 7.043975 7.043975 7.043975 0.757294 0.757294 0.757294
7250 7.043975 7.043975 7.043975 0.757294 0.757294 0.757294
7260 7.043975 7.043975 7.043975 0.757294 0.757294 0.757294
7270 7.043975 7.043975 7.043975 0.757294 0.757294 0.757294
7280 7.043975 7.043975 7.043975 0.757294 0.757294 0.757294
7290 7.043975 7.043975 7.043975 0.757294 0.757294 0.757294
7300 7.043975 7.043975 7.043975 0.757294 0.757294 0.757294
7310 7.043975 7.043975 7.043975 0.757294 0.757294 0.757294
7320 7.043975 7.043975 7.043975 0.757294 0.757294 0.757294
7330 7.043975 7.043975 7.043975 0.757294 0.757294 0.757294
7340 7.043975 7.043975 7.043975 0.757294 0.757294 0.757294
7350 7.043975 7.043975 7.043975 0.757294 0.757294 0.757294
7360 7.043975 7.043975 7.043975 0.757294 0.757294 0.757294
7370 7.043975 7.043975 7.043975 0.757294 0.757294 0.757294
7380 7.043975 7.043975 7.043975 0.757294 0.757294 0.757294
7390 7.043975 7.043975 7.043975 0.757294 0.757294 0.757294
7400 7.043975 7.043975 7.043975 0.757294 0.757294 0.757294
7410 7.043975 7.043975 7.043975 0.757294 0.757294 0.757294
7420 7.043975 7.043975 7.043975 0.757294 0.757294 0.757294
7430 7.043975 7.043975 7.043975 0.757294 0.757294 0.757294
7440 7.043975 7.043975 7.043975 0.757294 0.757294 0.757294
7450 7.043975 7.043975 7.043975 0.757294 0.757294 0.757294
7460 7.043975 7.043975 7.043975 0.757294 0.757294 0.757294
7470 7.043975 7.043975 7.043975 0.757294 0.757294 0.757294
7480 7.043975 7.043975 7.043975 0.757294 0.757294 0.757294
7490 7.043975 7.043975 7.043975 0.757294 0.757294 0.757294
7500 7.043975 7.043975 7.043975 0.757294 0.757294 0.757294
7510 7.043975 7.043975 7.043975 0.757294 0.757294 0.757294
7520 7.043975 7.043975 7.043975 0.757294 0.757294 0.757294
7530 7.043975 7.043975 7.043975 0.757294 0.757294 0.757294
7540 7.043975 7.043975 7.043975 0.757294 0.757294 0.757294
7550 7.043975 7.043975 7.043975 0.757294 0.757294 0.757294
7560 7.043975 7.043975 7.043975 0.757294 0.757294 0.757294
7570 7.043975 7.043975 7.043975 0.757294 0.757294 0.757294
7580 7.043975 7.043975 7.043975 0.757294 0.757294 0.757294
7590 7.043975 7.043975 7.043975 0.757294 0.757294 0.757294
7600 7.043975 7.043975 7.043975 0.757294 0.757294 0.757294
7610 7.043975 7.043975 7.043975 0.757294 0.757294 0.757294
7620 7.043975 7.043975 7.043975 0.757294 0.757294 0.757294
7630 7.043975 7.043975 7.043975 0.757294 0.757294 0.757294
7640 7.043975 7.043975 7.043975 0.757294 0.757294 0.757294
7650 7.043975 7.043975 7.043975 0.757294 0.757294 0.757294
7660 7.043975 7.043975 7.043975 0.757294 0.757294 0.757294
7670 7.043975 7.043975 7.043975 0.757294 0.757294 0.757294
7680 7.043975 7.043975 7.043975 0.757294 0.757294 0.757294
7690 7.043975 7.043975 7.043975 0.757294 0.757294 0.757294
7700 7.043975 7.043975 7.043975 0.757294 0.757294 0.757294
7710 7.043975 7.043975 7.043975 0.757294 0.757294 0.757294
7720 7.043975 7.043975 7.043975 0.757294 0.757294 0.757294
7730 7.043975 7.043975 7.043975 0.757294 0.757294 0.757294
7740 7.043975 7.043975 7.043975 0.757294 0.757294 0.757294
7750 7.043975 7.043975 7.043975 0.757294 0.757294 0.757294
7760 7.043975 7.043975 7.043975 0.757294 0.757294 0.757294
7770 7.043975 7.043975 7.043975 0.757294 0.757294 0.757294
7780 7.043975 7.043975 7.043975 0.757294 0.757294 0.757294
7790 7.043975 7.043975 7.043975 0.757294 0.757294 0.757294
7800 7.043975 7.043975 7.043975 0.757294 0.757294 0.757294
7810 7.043975 7.043975 7.043975 0.757294 0.757294 0.757294
7820 7.043975 7.043975 7.043975 0.757294 0.757294 0.757294
7830 7.043975 7.043975 7.043975 0.757294 0.757294 0.757294
7840 7.043975 7.043975 7.043975 0.757294 0.757294 0.757294
7850 7.043975 7.043975 7.043975 0.757294 0.757294 0.757294
7860 7.043975 7.043975 7.043975 0.757294 0.757294 0.757294
7870 7.043975 7.043975 7.043975 0.757294 0.757294 0.757294
7880 7.043975 7.043975 7.043975 0.757294 0.757294 0.757294
7890 7.043975 7.043975 7.043975 0.757294 0.757294 0.757294
7900 7.043975 7.043975 7.043975 0.757294 0.757294 0.757294
7910 7.043975 7.043975 7.043975 0.757294 0.757294 0.757294
7920 7.043975 7.043975 7.043975 0.757294 0.757294 0.757294
7930 7.043975 7.043975 7.043975 0.757294 0.757294 0.757294
7940 7.043975 7.043975 7.043975 0.757294 0.757294 0.757294
7950 7.043975 7.043975 7.043975 0.757294 0.757294 0.757294
7960 7.043975 7.043975 7.043975 0.757294 0.757294 0.757294
7970 7.043975 7.043975 7.043975 0.757294 0.757294 0.757294
7980 7.043975 7.043975 7.043975 0.757294 0.757294 0.757294
7990 7.043975 7.043975 7.043975 0.757294 0.757294 0.757294
8000 7.043975 7.043975 7.043975 0.757294 0.757294 0.757294
8010 7.043975 7.043975 7.043975 0.757294 0.757294 0.757294
8020 7.043975 7.043975 7.043975 0.757294 0.757294 0.757294
8030 7.043975 7.043975 7.043975 0.757294 0.757294 0.757294
8040 7.043975 7.043975 7.043975 0.757294 0.757294 0.757294
8050 7.043975 7.043975 7.043975 0.757294 0.757294 0.757294
8060 7.043975 7.043975 7.043975 0.757294 0.757294 0.757294
8070 7.043975 7.043975 7.043975 0.757294 0.757294 0.757294
8080 7.043975 7.043975 7.043975 0.757294 0.757294 0.757294
8090 7.043975 7.043975 7.043975 0.757294 0.757294 0.757294
8100 7.043975 7.043975 7.043975 0.757294 0.757294 0.757294
8110 7.043975 7.043975 7.043975 0.757294 0.757294 0.757294
8120 7.043975 7.043975 7.043975 0.757294 0.757294 0.757294
8130 7.043975 7.043975 7.043975 0.757294 0.757294 0.757294
8140 7.043975 7.043975 7.043975 0.757294 0.757294 0.757294
8150 7.043975 7.043975 7.043975 0.757294 0.757294 0.757294
8160 7.043975 7.043975 7.043975 0.757294 0.757294 0.757294
8170 7.043975 7.043975 7.043975 0.757294 0.757294 0.757294
8180 7.043975 7.043975 7.043975 0.757294 0.757294 0.757294
8190 7.043975 7.043975 7.043975 0.757294 0.757294 0.757294
8200 7.043975 7.043975 7.043975 0.757294 0.757294 0.757294
8210 7.043975 7.043975 7.043975 0.757294 0.757294 0.757294
8220 7.043975 7.043975 7.043975 0.757294 0.757294 0.757294
8230 7.043975 7.043975 7.043975 0.757294 0.757294 0.757294
8240 7.043975 7.043975 7.043975 0.757294 0.757294 0.757294
8250 7.043975 7.043975 7.043975 0.757294 0.757294 0.757294
8260 7.043975 7.043975 7.043975 0.757294 0.757294 0.757294
8270 7.043975 7.043975 7.043975 0.757294 0.757294 0.757294
8280 7.043975 7.043975 7.043975 0.757294 0.757294 0.757294
8290 7.043975 7.043975 7.043975 0.757294 0.757294 0.757294
8300 7.043975 7.043975 7.043975 0.757294 0.757294 0.757294
8310 7.043975 7.043975 7.043975 0.757294 0.757294 0.757294
8320 7.043975 7.043975 7.043975 0.757294 0.757294 0.757294
8330 7.043975 7.043975 7.043975 0.757294 0.757294 0.757294
8340 7.043975 7.043975 7.043975 0.757294 0.757294 0.757294
8350 7.043975 7.043975 7.043975 0.757294 0.757294 0.757294
8360 7.043975 7.043975 7.043975 0.757294 0.757294 0.757294
8370 7.043975 7.043975 7.043975 0.757294 0.757294 0.757294
8380 7.043975 7.043975 7.043975 0.757294 0.757294 0.757294
8390 7.043975 7.043975 7.043975 0.757294 0.757294 0.757294
8400 7.043975 7.043975 7.043975 0.757294 0.757294 0.757294
8410 7.043975 7.043975 7.043975 0.757294 0.757294 0.757294
8420 7.043975 7.043975 7.043975 0.757294 0.757294 0.757294
8430 7.043975 7.043975 7.043975 0.757294 0.757294 0.757294
8440 7.043975 7.043975 7.043975 0.757294 0.757294 0.757294
8450 7.043975 7.043975 7.043975 0.757294 0.757294 0.757294
8460 7.043975 7.043975 7.043975 0.757294 0.757294 0.757294
8470 7.043975 7.043975 7.043975 0.757294 0.757294 0.757294
8480 7.043975 7.043975 7.043975 0.757294 0.757294 0.757294
8490 7.043975 7.043975 7.043975 0.757294 0.757294 0.757294
8500 7.043975 7.043975 7.043975 0.757294 0.757294 0.757294
8510 7.043975 7.043975 7.043975 0.757294 0.757294 0.757294
8520 7.043975 7.043975 7.043975 0.757294 0.757294 0.757294
8530 7.043975 7.043975 7.043975 0.757294 0.757294 0.757294
8540 7.043975 7.043975 7.043975 0.757294 0.757294 0.757294
8550 7.043975 7.043975 7.043975 0.757294 0.757294 0.757294
8560 7.043975 7.043975 7.043975 0.757294 0.757294 0.757294
8570 7.043975 7.043975 7.043975 0.757294 0.757294 0.757294
8580 7.043975 7.043975 7.043975 0.757294 0.757294 0.757294
8590 7.043975 7.043975 7.043975 0.757294 0.757294 0.757294
8600 7.043975 7.043975 7.043975 0.757294 0.757294 0.757294
8610 7.043975 7.043975 7.043975 0.757294 0.757294 0.757294
8620 7.043975 7.043975 7.043975 0.757294 0.757294 0.757294
8630 7.043975 7.043975 7.043975 0.757294 0.757294 0.757294
8640 7.043975 7.043975 7.043975 0.757294 0.757294 0.757294
8650 7.043975 7.043975 7.043975 0.757294 0.757294 0.757294
8660 7.043975 7.043975 7.043975 0.757294 0.757294 0.757294
8670 7.043975 7.043975 7.043975 0.757294 0.757294 0.757294
8680 7.043975 7.043975 7.043975 0.757294 0.757294 0.757294
8690 7.043975 7.043975 7.043975 0.757294 0.757294 0.757294
8700 7.043975 7.043975 7.043975 0.757294 0.757294 0.757294
8710 7.043975 7.043975 7.043975 0.757294 0.757294 0.757294
8720 7.043975 7.043975 7.043975 0.757294 0.757294 0.757294
8730 7.043975 7.043975 7.043975 0.757294 0.757294 0.757294
8740 7.043975 7.043975 7.043975 0.757294 0.757294 0.757294
8750 7.043975 7.043975 7.043975 0.757294 0.757294 0.757294
8760 7.043975 7.043975 7.043975 0.757294 0.757294 0.757294
8770 7.043975 7.043975 7.043975 0.757294 0.757294 0.757294
8780 7.043975 7.043975 7.043975 0.757294 0.757294 0.757294
8790 7.043975 7.043975 7.043975 0.757294 0.757294 0.757294
8800 7.043975 7.043975 7.043975 0.757294 0.757294 0.757294
8810 7.043975 7.043975 7.043975 0.757294 0.757294 0.757294
8820 7.043975 7.043975 7.043975 0.757294 0.757294 0.757294
8830 7.043975 7.043975 7.043975 0.757294 0.757294 0.757294
8840 7.043975 7.043975 7.043975 0.757294 0.757294 0.757294
8850 7.043975 7.043975 7.043975 0.757294 0.757294 0.757294
8860 7.043975 7.043975 7.043975 0.757294 0.757294 0.757294
8870 7.043975 7.043975 7.043975 0.757294 0.757294 0.757294
8880 7.043975 7.043975 7.043975 0.757294 0.757294 0.757294
8890 7.043975 7.043975 7.043975 0.757294 0.757294 0.757294
8900 7.043975 7.043975 7.043975 0.757294 0.757294 0.757294
8910 7.043975 7.043975 7.043975 0.757294 0.757294 0.757294
8920 7.043975 7.043975 7.043975 0.757294 0.757294 0.757294
8930 7.043975 7.043975 7.043975 0.757294 0.757294 0.757294
8940 7.043975 7.043975 7.043975 0.757294 0.757294 0.757294
8950 7.043975 7.043975 7.043975 0.757294 0.757294 0.757294
8960 7.043975 7.043975 7.043975 0.757294 0.757294 0.757294
8970 7.043975 7.043975 7.043975 0.757294 0.757294 0.757294
8980 7.043975 7.043975 7.043975 0.757294 0.757294 0.757294
8990 7.043975 7.043975 7.043975 0.757294 0.757294 0.757294
9000 7.043975 7.043975 7.043975 0.757294 0.757294 0.757294
9010 7.043975 7.043975 7.043975 0.757294 0.757294 0.757294
9020 7.043975 7.043975 7.043975 0.757294 0.757294 0.757294
9030 7.043975 7.043975 7.043975 0.757294 0.757294 0.757294
9040 7.043975 7.043975 7.043975 0.757294 0.757294 0.757294
9050 7.043975 7.043975 7.043975 0.757294 0.757294 0.757294
9060 7.043975 7.043975 7.043975 0.757294 0.757294 0.757294
9070 7.043975 7.043975 7.043975 0.757294 0.757294 0.757294
9080 7.043975 7.043975 7.043975 0.757294 0.757294 0.757294
9090 7.043975 7.043975 7.043975 0.757294 0.757294 0.757294
9100 7.043975 7.043975 7.043975 0.757294 0.757294 0.757294
9110 7.043975 7.043975 7.043975 0.757294 0.757294 0.757294
9120 7.043975 7.043975 7.043975 0.757294 0.757294 0.757294
9130 7.043975 7.043975 7.043975 0.757294 0.757294 0.757294
9140 7.043975 7.043975 7.043975 0.757294 0.757294 0.757294
9150 7.043975 7.043975 7.043975 0.757294 0.757294 0.757294
9160 7.043975 7.043975 7.043975 0.757294 0.757294 0.757294
9170 7.043975 7.043975 7.043975 0.757294 0.757294 0.757294
9180 7.043975 7.043975 7.043975 0.757294 0.757294 0.757294
9190 7.043975 7.043975 7.043975 0.757294 0.757294 0.757294
9200 7.043975 7.043975 7.043975 0.757294 0.757294 0.757294
9210 7.043975 7.043975 7.043975 0.757294 0.757294 0.757294
9220 7.043975 7.043975 7.043975 0.757294 0.757294 0.757294
9230 7.043975 7.043975 7.043975 0.757294 0.757294 0.757294
9240 7.043975 7.043975 7.043975 0.757294 0.757294 0.757294
9250 7.043975 7.043975 7.043975 0.757294 0.757294 0.757294
9260 7.043975 7.043975 7.043975 0.757294 0.757294 0.757294
9270 7.043975 7.043975 7.043975 0.757294 0.757294 0.757294
9280 7.043975 7.043975 7.043975 0.757294 0.757294 0.757294
9290 7.043975 7.043975 7.043975 0.757294 0.757294 0.757294
9300 7.043975 7.043975 7.043975 0.757294 0.757294 0.757294
9310 7.043975 7.043975 7.043975 0.757294 0.757294 0.757294
9320 7.043975 7.043975 7.043975 0.757294 0.757294 0.757294
9330 7.043975 7.043975 7.043975 0.757294 0.757294 0.757294
9340 7.043975 7.043975 7.043975 0.757294 0.757294 0.757294
9350 7.043975 7.043975 7.043975 0.757294 0.757294 0.757294
9360 7.043975 7.043975 7.043975 0.757294 0.757294 0.757294
9370 7.043975 7.043975 7.043975 0.757294 0.757294 0.757294
9380 7.043975 7.043975 7.043975 0.757294 0.757294 0.757294
9390 7.043975 7.043975 7.043975 0.757294 0.757294 0.757294
9400 7.043975 7.043975 7.043975 0.757294 0.757294 0.757294
9410 7.043975 7.043975 7.043975 0.757294 0.757294 0.757294
9420 7.043975 7.043975 7.043975 0.757294 0.757294 0.757294
9430 7.043975 7.043975 7.043975 0.757294 0.757294 0.757294
9440 7.043975 7.043975 7.043975 0.757294 0.757294 0.757294
9450 7.043975 7.043975 7.043975 0.757294 0.757294 0.757294
9460 7.043975 7.043975 7.043975 0.757294 0.757294 0.757294
9470 7.043975 7.043975 7.043975 0.757294 0.757294 0.757294
9480 7.043975 7.043975 7.043975 0.757294 0.757294 0.757294
9490 7.043975 7.043975 7.043975 0.757294 0.757294 0.757294
9500 7.043975 7.043975 7.043975 0.757294 0.757294 0.757294
9510 7.043975 7.043975 7.043975 0.757294 0.757294 0.757294
9520 7.043975 7.043975 7.043975 0.757294 0.757294 0.757294
9530 7.043975 7.043975 7.043975 0.757294 0.757294 0.757294
9540 7.043975 7.043975 7.043975 0.757294 0.757294 0.757294
9550 7.043975 7.043975 7.043975 0.757294 0.757294 0.757294
9560 7.043975 7.043975 7.043975 0.757294 0.757294 0.757294
9570 7.043975 7.043975 7.043975 0.757294 0.757294 0.757294
9580 7.043975 7.043975 7.043975 0.757294 0.757294 0.757294
9590 7.043975 7.043975 7.043975 0.757294 0.757294 0.757294
9600 7.043975 7.043975 7.043975 0.757294 0.757294 0.757294
9610 7.043975 7.043975 7.043975 0.757294 0.757294 0.757294
9620 7.043975 7.043975 7.043975 0.757294 0.757294 0.757294
9630 7.043975 7.043975 7.043975 0.757294 0.757294 0.757294
9640 7.043975 7.043975 7.043975 0.757294 0.757294 0.757294
9650 7.043975 7.043975 7.043975 0.757294 0.757294 0.757294
9660 7.043975 7.043975 7.043975 0.757294 0.757294 0.757294
9670 7.043975 7.043975 7.043975 0.757294 0.757294 0.757294
9680 7.043975 7.043975 7.043975 0.757294 0.757294 0.757294
9690 7.043975 7.043975 7.043975 0.757294 0.757294 0.757294
9700 7.043975 7.043975 7.043975 0.757294 0.757294 0.757294
9710 7.043975 7.043975 7.043975 0.757294 0.757294 0.757294
9720 7.043975 7.043975 7.043975 0.757294 0.757294 0.757294
9730 7.043975 7.043975 7.043975 0.757294 0.757294 0.757294
9740 7.043975 7.043975 7.043975 0.757294 0.757294 0.757294
9750 7.043975 7.043975 7.043975 0.757294 0.757294 0.757294
9760 7.043975 7.043975 7.043975 0.757294 0.757294 0.757294
9770 7.043975 7.043975 7.043975 0.757294 0.757294 0.757294
9780 7.043975 7.043975 7.043975 0.757294 0.757294 0.757294
9790 7.043975 7.043975 7.043975 0.757294 0.757294 0.757294
9800 7.043975 7.043975 7.043975 0.757294 0.757294 0.757294
9810 7.043975 7.043975 7.043975 0.757294 0.757294 0.757294
9820 7.043975 7.043975 7.043975 0.757294 0.757294 0.757294
9830 7.043975 7.043975 7.043975 0.757294 0.757294 0.757294
9840 7.043975 7.043975 7.043975 0.757294 0.757294 0.757294
9850 7.043975 7.043975 7.043975 0.757294 0.757294 0.757294
9860 7.043975 7.043975 7.043975 0.757294 0.757294 0.757294
9870 7.043975 7.043975 7.043975 0.757294 0.757294 0.757294
9880 7.043975 7.043975 7.043975 0.757294 0.757294 0.757294
9890 7.043975 7.043975 7.043975 0.757294 0.757294 0.757294
9900 7.043975 7.043975 7.043975 0.757294 0.757294 0.757294
9910 7.043975 7.043975 7.043975 0.757294 0.757294 0.757294
9920 7.043975 7.043975 7.043975 0.757294 0.757294 0.757294
9930 7.043975 7.043975 7.043975 0.757294 0.757294 0.757294
9940 7.043975 7.043975 7.043975 0.757294 0.757294 0.757294
9950 7.043975 7.043975 7.043975 0.757294 0.757294 0.757294
9960 7.043975 7.043975 7.043975 0.757294 0.757294 0.757294
9970 7.043975 7.043975 7.043975 0.757294 0.757294 0.757294
9980 7.043975 7.043975 7.043975 0.757294 0.757294 0.757294
9990 7.043975 7.043975 7.043975 0.757294 0.757294 0.757294
10000 7.043975 7.043975 7.043975 0.757294 0.757294 0.757294
