# generation power_min power_avg power_max util_min util_avg util_max
1 37.731929 37.731929 37.731929 1.459342 1.490050 1.499947
10 37.497316 37.497316 37.497316 1.277248 1.482951 1.499947
20 37.750851 37.750851 37.750851 1.277248 1.474265 1.499947
30 37.910506 37.910506 37.910506 1.199460 1.458420 1.499557
40 38.788589 38.788589 38.788589 1.129545 1.439640 1.499557
50 38.788589 38.788589 38.788589 1.129545 1.424104 1.499557
60 39.756246 39.756246 39.756246 1.069531 1.400765 1.499249
70 39.756246 39.756246 39.756246 1.062348 1.374882 1.499249
80 39.756246 39.756246 39.756246 1.010760 1.345762 1.496682
90 39.756246 39.756246 39.756246 1.010760 1.321645 1.496682
100 40.002491 40.002491 40.002491 1.010760 1.289023 1.494619
110 40.556996 40.556996 40.556996 0.997255 1.255514 1.452468
120 40.556996 40.447491 40.556996 0.991277 1.220353 1.430275
130 40.987691 40.567156 40.987691 0.945725 1.184391 1.397323
140 40.987691 40.415799 40.987691 0.945725 1.149443 1.377786
150 40.987691 40.454324 40.987691 0.945725 1.119594 1.302988
160 40.987691 40.435177 40.987691 0.945518 1.090824 1.302988
170 40.987691 40.384836 40.987691 0.945518 1.066349 1.221470
180 40.987691 40.344389 40.987691 0.917341 1.046567 1.178502
190 40.987691 40.268320 40.987691 0.917341 1.029742 1.131609
200 40.987691 40.228723 40.987691 0.917341 1.015477 1.113621
210 40.987691 40.185037 40.987691 0.917341 1.004682 1.083722
220 40.987691 40.156991 40.987691 0.917341 0.995365 1.065291
230 40.987691 40.127845 40.987691 0.917341 0.987779 1.048348
240 39.461142 40.078699 40.987691 0.917341 0.983038 1.015800
250 40.679475 40.014638 40.679475 0.917341 0.982243 1.013453
260 39.317383 39.906082 40.486446 0.943113 0.985360 1.013453
270 39.232810 39.852216 40.316618 0.943113 0.984543 1.013453
280 39.232810 39.791537 40.232245 0.943113 0.984737 1.010020
290 39.232810 39.737167 40.101791 0.943113 0.985289 1.010020
300 39.232810 39.687875 40.048463 0.943113 0.985066 1.008347
310 39.232810 39.631728 39.934121 0.963947 0.985956 1.008347
320 39.221282 39.583176 39.863483 0.963947 0.986471 1.008347
330 39.221282 39.537580 39.768814 0.963947 0.987211 1.004251
340 39.221282 39.497928 39.744477 0.963947 0.988870 1.004251
350 39.744477 39.453820 39.744477 0.963947 0.991852 1.004251
360 39.672574 39.411598 39.672574 0.967251 0.993394 1.004251
370 39.604594 39.383565 39.604594 0.978667 0.994077 1.001672
380 39.512740 39.350318 39.512740 0.980761 0.994341 1.001672
390 39.464585 39.326149 39.464585 0.988770 0.994650 1.001672
400 39.451802 39.302066 39.451802 0.990468 0.995009 1.001672
410 39.393676 39.282757 39.393676 0.990468 0.995101 1.001672
420 39.380123 39.267807 39.380123 0.990468 0.995236 1.001019
430 39.317383 39.253309 39.317383 0.990468 0.995284 1.001019
440 39.317383 39.239657 39.317383 0.990468 0.995905 1.001019
450 39.317383 39.224747 39.317383 0.990468 0.996519 1.001019
460 39.317383 39.207967 39.317383 0.990468 0.997116 1.001019
470 39.317383 39.189285 39.317383 0.990468 0.997747 1.001019
480 39.252437 39.176334 39.252437 0.990468 0.998114 1.001019
490 39.221282 39.166521 39.221282 0.990468 0.998360 1.001019
500 39.202573 39.157806 39.202573 0.996899 0.998514 1.001019
510 39.201376 39.151847 39.201376 0.996899 0.998396 1.001862
520 39.198793 39.145178 39.198793 0.996899 0.998466 1.001862
530 39.159924 39.141596 39.159924 0.996899 0.998495 1.001862
540 39.159924 39.138889 39.159924 0.996899 0.998530 1.001862
550 39.150924 39.136825 39.150924 0.996899 0.998659 1.001862
560 39.150924 39.135066 39.150924 0.996899 0.998875 1.001862
570 39.134916 39.134537 39.134916 0.998428 0.998920 1.001862
580 39.134916 39.134529 39.134916 0.998428 0.998981 1.001862
590 39.134916 39.132850 39.134916 0.994333 0.998969 1.001862
600 39.134916 39.132564 39.134916 0.994333 0.999020 1.001862
610 39.134916 39.131287 39.134916 0.994333 0.999028 1.001862
620 39.134916 39.130958 39.134916 0.994333 0.999063 1.001862
630 39.134916 39.130794 39.134916 0.994333 0.999056 1.001862
640 39.134916 39.130613 39.134916 0.994333 0.999114 1.001862
650 39.134916 39.128857 39.134916 0.994333 0.999104 1.001862
660 39.134916 39.127067 39.134916 0.994333 0.999232 1.001862
670 39.134916 39.123613 39.134916 0.994333 0.999353 1.001862
680 39.134916 39.118190 39.134916 0.994333 0.999504 1.001862
690 39.134916 39.111299 39.134916 0.994333 0.999648 1.001862
700 39.134916 39.104586 39.134916 0.994333 0.999705 1.001862
710 39.134916 39.091085 39.134916 0.994333 0.999882 1.001862
720 39.127799 39.078141 39.127799 0.994333 1.000109 1.001862
730 39.127799 39.061565 39.127799 0.994333 1.000284 1.001862
740 39.127799 39.044115 39.127799 0.994333 1.000440 1.001862
750 39.110488 39.030459 39.110488 0.994333 1.000630 1.001862
760 39.069807 39.028925 39.069807 0.999691 1.000539 1.001862
770 39.069807 39.028854 39.069807 0.999691 1.000370 1.001862
780 39.069807 39.028793 39.069807 0.999691 1.000183 1.001862
790 39.028336 39.028745 39.069807 0.999691 0.999996 1.000255
800 39.028336 39.028336 39.028336 0.999988 0.999988 0.999988
810 39.028336 39.028336 39.028336 0.999988 0.999988 0.999988
820 39.028336 39.028336 39.028336 0.999988 0.999988 0.999988
830 39.028336 39.028336 39.028336 0.999988 0.999988 0.999988
840 39.028336 39.028336 39.028336 0.999988 0.999988 0.999988
850 39.028336 39.028336 39.028336 0.999988 0.999988 0.999988
860 39.028336 39.028336 39.028336 0.999988 0.999988 0.999988
870 39.028336 39.028336 39.028336 0.999988 0.999988 0.999988
880 39.028336 39.028336 39.028336 0.999988 0.999988 0.999988
890 39.028336 39.028336 39.028336 0.999988 0.999988 0.999988
900 39.028336 39.028336 39.028336 0.999988 0.999988 0.999988
910 39.028336 39.028336 39.028336 0.999988 0.999988 0.999988
920 39.028336 39.028336 39.028336 0.999988 0.999988 0.999988
930 39.028336 39.028336 39.028336 0.999988 0.999988 0.999988
940 39.028336 39.028336 39.028336 0.999988 0.999988 0.999988
950 39.028336 39.028336 39.028336 0.999988 0.999988 0.999988
960 39.028336 39.028336 39.028336 0.999988 0.999988 0.999988
970 39.028336 39.028336 39.028336 0.999988 0.999988 0.999988
980 39.028336 39.028336 39.028336 0.999988 0.999988 0.999988
990 39.028336 39.028336 39.028336 0.999988 0.999988 0.999988
1000 39.028336 39.028336 39.028336 0.999988 0.999988 0.999988
1010 39.028336 39.028336 39.028336 0.999988 0.999988 0.999988
1020 39.028336 39.028336 39.028336 0.999988 0.999988 0.999988
1030 39.028336 39.028336 39.028336 0.999988 0.999988 0.999988
1040 39.028336 39.028336 39.028336 0.999988 0.999988 0.999988
1050 39.028336 39.028336 39.028336 0.999988 0.999988 0.999988
1060 39.028336 39.028336 39.028336 0.999988 0.999988 0.999988
1070 39.028336 39.028336 39.028336 0.999988 0.999988 0.999988
1080 39.028336 39.028336 39.028336 0.999988 0.999988 0.999988
1090 39.028336 39.028336 39.028336 0.999988 0.999988 0.999988
1100 39.028336 39.028336 39.028336 0.999988 0.999988 0.999988
1110 39.028336 39.028336 39.028336 0.999988 0.999988 0.999988
1120 39.028336 39.028336 39.028336 0.999988 0.999988 0.999988
1130 39.028336 39.028336 39.028336 0.999988 0.999988 0.999988
1140 39.028336 39.028336 39.028336 0.999988 0.999988 0.999988
1150 39.028336 39.028336 39.028336 0.999988 0.999988 0.999988
1160 39.028336 39.028336 39.028336 0.999988 0.999988 0.999988
1170 39.028336 39.028336 39.028336 0.999988 0.999988 0.999988
1180 39.028336 39.028336 39.028336 0.999988 0.999988 0.999988
1190 39.028336 39.028336 39.028336 0.999988 0.999988 0.999988
1200 39.028336 39.028336 39.028336 0.999988 0.999988 0.999988
1210 39.028336 39.028336 39.028336 0.999988 0.999988 0.999988
1220 39.028336 39.028336 39.028336 0.999988 0.999988 0.999988
1230 39.028336 39.028336 39.028336 0.999988 0.999988 0.999988
1240 39.028336 39.028336 39.028336 0.999988 0.999988 0.999988
1250 39.028336 39.028336 39.028336 0.999988 0.999988 0.999988
1260 39.028336 39.028336 39.028336 0.999988 0.999988 0.999988
1270 39.028336 39.028336 39.028336 0.999988 0.999988 0.999988
1280 39.028336 39.028336 39.028336 0.999988 0.999988 0.999988
1290 39.028336 39.028336 39.028336 0.999988 0.999988 0.999988
1300 39.028336 39.028336 39.028336 0.999988 0.999988 0.999988
1310 39.028336 39.028336 39.028336 0.999988 0.999988 0.999988
1320 39.028336 39.028336 39.028336 0.999988 0.999988 0.999988
1330 39.028336 39.028336 39.028336 0.999988 0.999988 0.999988
1340 39.028336 39.028336 39.028336 0.999988 0.999988 0.999988
1350 39.028336 39.028336 39.028336 0.999988 0.999988 0.999988
1360 39.028336 39.028336 39.028336 0.999988 0.999988 0.999988
1370 39.028336 39.028336 39.028336 0.999988 0.999988 0.999988
1380 39.028336 39.028336 39.028336 0.999988 0.999988 0.999988
1390 39.028336 39.028336 39.028336 0.999988 0.999988 0.999988
1400 39.028336 39.028336 39.028336 0.999988 0.999988 0.999988
1410 39.028336 39.028336 39.028336 0.999988 0.999988 0.999988
1420 39.028336 39.028336 39.028336 0.999988 0.999988 0.999988
1430 39.028336 39.028336 39.028336 0.999988 0.999988 0.999988
1440 39.028336 39.028336 39.028336 0.999988 0.999988 0.999988
1450 39.028336 39.028336 39.028336 0.999988 0.999988 0.999988
1460 39.028336 39.028336 39.028336 0.999988 0.999988 0.999988
1470 39.028336 39.028336 39.028336 0.999988 0.999988 0.999988
1480 39.028336 39.028336 39.028336 0.999988 0.999988 0.999988
1490 39.028336 39.028336 39.028336 0.999988 0.999988 0.999988
1500 39.028336 39.028336 39.028336 0.999988 0.999988 0.999988
1510 39.028336 39.028336 39.028336 0.999988 0.999988 0.999988
1520 39.028336 39.028336 39.028336 0.999988 0.999988 0.999988
1530 39.028336 39.028336 39.028336 0.999988 0.999988 0.999988
1540 39.028336 39.028336 39.028336 0.999988 0.999988 0.999988
1550 39.028336 39.028336 39.028336 0.999988 0.999988 0.999988
1560 39.028336 39.028336 39.028336 0.999988 0.999988 0.999988
1570 39.028336 39.028336 39.028336 0.999988 0.999988 0.999988
1580 39.028336 39.028336 39.028336 0.999988 0.999988 0.999988
1590 39.028336 39.028336 39.028336 0.999988 0.999988 0.999988
1600 39.028336 39.028336 39.028336 0.999988 0.999988 0.999988
1610 39.028336 39.028336 39.028336 0.999988 0.999988 0.999988
1620 39.028336 39.028336 39.028336 0.999988 0.999988 0.999988
1630 39.028336 39.028336 39.028336 0.999988 0.999988 0.999988
1640 39.028336 39.028336 39.028336 0.999988 0.999988 0.999988
1650 39.028336 39.028336 39.028336 0.999988 0.999988 0.999988
1660 39.028336 39.028336 39.028336 0.999988 0.999988 0.999988
1670 39.028336 39.028336 39.028336 0.999988 0.999988 0.999988
1680 39.028336 39.028336 39.028336 0.999988 0.999988 0.999988
1690 39.028336 39.028336 39.028336 0.999988 0.999988 0.999988
1700 39.028336 39.028336 39.028336 0.999988 0.999988 0.999988
1710 39.028336 39.028336 39.028336 0.999988 0.999988 0.999988
1720 39.028336 39.028336 39.028336 0.999988 0.999988 0.999988
1730 39.028336 39.028336 39.028336 0.999988 0.999988 0.999988
1740 39.028336 39.028336 39.028336 0.999988 0.999988 0.999988
1750 39.028336 39.028336 39.028336 0.999988 0.999988 0.999988
1760 39.028336 39.028336 39.028336 0.999988 0.999988 0.999988
1770 39.028336 39.028336 39.028336 0.999988 0.999988 0.999988
1780 39.028336 39.028336 39.028336 0.999988 0.999988 0.999988
1790 39.028336 39.028336 39.028336 0.999988 0.999988 0.999988
1800 39.028336 39.028336 39.028336 0.999988 0.999988 0.999988
1810 39.028336 39.028336 39.028336 0.999988 0.999988 0.999988
1820 39.028336 39.028336 39.028336 0.999988 0.999988 0.999988
1830 39.028336 39.028336 39.028336 0.999988 0.999988 0.999988
1840 39.028336 39.028336 39.028336 0.999988 0.999988 0.999988
1850 39.028336 39.028336 39.028336 0.999988 0.999988 0.999988
1860 39.028336 39.028336 39.028336 0.999988 0.999988 0.999988
1870 39.028336 39.028336 39.028336 0.999988 0.999988 0.999988
1880 39.028336 39.028336 39.028336 0.999988 0.999988 0.999988
1890 39.028336 39.028336 39.028336 0.999988 0.999988 0.999988
1900 39.028336 39.028336 39.028336 0.999988 0.999988 0.999988
1910 39.028336 39.028336 39.028336 0.999988 0.999988 0.999988
1920 39.028336 39.028336 39.028336 0.999988 0.999988 0.999988
1930 39.028336 39.028336 39.028336 0.999988 0.999988 0.999988
1940 39.028336 39.028336 39.028336 0.999988 0.999988 0.999988
1950 39.028336 39.028336 39.028336 0.999988 0.999988 0.999988
1960 39.028336 39.028336 39.028336 0.999988 0.999988 0.999988
1970 39.028336 39.028336 39.028336 0.999988 0.999988 0.999988
1980 39.028336 39.028336 39.028336 0.999988 0.999988 0.999988
1990 39.028336 39.028336 39.028336 0.999988 0.999988 0.999988
2000 39.028336 39.028336 39.028336 0.999988 0.999988 0.999988
2010 39.028336 39.028336 39.028336 0.999988 0.999988 0.999988
2020 39.028336 39.028336 39.028336 0.999988 0.999988 0.999988
2030 39.028336 39.028336 39.028336 0.999988 0.999988 0.999988
2040 39.028336 39.028336 39.028336 0.999988 0.999988 0.999988
2050 39.028336 39.028336 39.028336 0.999988 0.999988 0.999988
2060 39.028336 39.028336 39.028336 0.999988 0.999988 0.999988
2070 39.028336 39.028336 39.028336 0.999988 0.999988 0.999988
2080 39.028336 39.028336 39.028336 0.999988 0.999988 0.999988
2090 39.028336 39.028336 39.028336 0.999988 0.999988 0.999988
2100 39.028336 39.028336 39.028336 0.999988 0.999988 0.999988
2110 39.028336 39.028336 39.028336 0.999988 0.999988 0.999988
2120 39.028336 39.028336 39.028336 0.999988 0.999988 0.999988
2130 39.028336 39.028336 39.028336 0.999988 0.999988 0.999988
2140 39.028336 39.028336 39.028336 0.999988 0.999988 0.999988
2150 39.028336 39.028336 39.028336 0.999988 0.999988 0.999988
2160 39.028336 39.028336 39.028336 0.999988 0.999988 0.999988
2170 39.028336 39.028336 39.028336 0.999988 0.999988 0.999988
2180 39.028336 39.028336 39.028336 0.999988 0.999988 0.999988
2190 39.028336 39.028336 39.028336 0.999988 0.999988 0.999988
2200 39.028336 39.028336 39.028336 0.999988 0.999988 0.999988
2210 39.028336 39.028336 39.028336 0.999988 0.999988 0.999988
2220 39.028336 39.028336 39.028336 0.999988 0.999988 0.999988
2230 39.028336 39.028336 39.028336 0.999988 0.999988 0.999988
2240 39.028336 39.028336 39.028336 0.999988 0.999988 0.999988
2250 39.028336 39.028336 39.028336 0.999988 0.999988 0.999988
2260 39.028336 39.028336 39.028336 0.999988 0.999988 0.999988
2270 39.028336 39.028336 39.028336 0.999988 0.999988 0.999988
2280 39.028336 39.028336 39.028336 0.999988 0.999988 0.999988
2290 39.028336 39.028336 39.028336 0.999988 0.999988 0.999988
2300 39.028336 39.028336 39.028336 0.999988 0.999988 0.999988
2310 39.028336 39.028336 39.028336 0.999988 0.999988 0.999988
2320 39.028336 39.028336 39.028336 0.999988 0.999988 0.999988
2330 39.028336 39.028336 39.028336 0.999988 0.999988 0.999988
2340 39.028336 39.028336 39.028336 0.999988 0.999988 0.999988
2350 39.028336 39.028336 39.028336 0.999988 0.999988 0.999988
2360 39.028336 39.028336 39.028336 0.999988 0.999988 0.999988
2370 39.028336 39.028336 39.028336 0.999988 0.999988 0.999988
2380 39.028336 39.028336 39.028336 0.999988 0.999988 0.999988
2390 39.028336 39.028336 39.028336 0.999988 0.999988 0.999988
2400 39.028336 39.028336 39.028336 0.999988 0.999988 0.999988
2410 39.028336 39.028336 39.028336 0.999988 0.999988 0.999988
2420 39.028336 39.028336 39.028336 0.999988 0.999988 0.999988
2430 39.028336 39.028336 39.028336 0.999988 0.999988 0.999988
2440 39.028336 39.028336 39.028336 0.999988 0.999988 0.999988
2450 39.028336 39.028336 39.028336 0.999988 0.999988 0.999988
2460 39.028336 39.028336 39.028336 0.999988 0.999988 0.999988
2470 39.028336 39.028336 39.028336 0.999988 0.999988 0.999988
2480 39.028336 39.028336 39.028336 0.999988 0.999988 0.999988
2490 39.028336 39.028336 39.028336 0.999988 0.999988 0.999988
2500 39.028336 39.028336 39.028336 0.999988 0.999988 0.999988
2510 39.028336 39.028336 39.028336 0.999988 0.999988 0.999988
2520 39.028336 39.028336 39.028336 0.999988 0.999988 0.999988
2530 39.028336 39.028336 39.028336 0.999988 0.999988 0.999988
2540 39.028336 39.028336 39.028336 0.999988 0.999988 0.999988
2550 39.028336 39.028336 39.028336 0.999988 0.999988 0.999988
2560 39.028336 39.028336 39.028336 0.999988 0.999988 0.999988
2570 39.028336 39.028336 39.028336 0.999988 0.999988 0.999988
2580 39.028336 39.028336 39.028336 0.999988 0.999988 0.999988
2590 39.028336 39.028336 39.028336 0.999988 0.999988 0.999988
2600 39.028336 39.028336 39.028336 0.999988 0.999988 0.999988
2610 39.028336 39.028336 39.028336 0.999988 0.999988 0.999988
2620 39.028336 39.028336 39.028336 0.999988 0.999988 0.999988
2630 39.028336 39.028336 39.028336 0.999988 0.999988 0.999988
2640 39.028336 39.028336 39.028336 0.999988 0.999988 0.999988
2650 39.028336 39.028336 39.028336 0.999988 0.999988 0.999988
2660 39.028336 39.028336 39.028336 0.999988 0.999988 0.999988
2670 39.028336 39.028336 39.028336 0.999988 0.999988 0.999988
2680 39.028336 39.028336 39.028336 0.999988 0.999988 0.999988
2690 39.028336 39.028336 39.028336 0.999988 0.999988 0.999988
2700 39.028336 39.028336 39.028336 0.999988 0.999988 0.999988
2710 39.028336 39.028336 39.028336 0.999988 0.999988 0.999988
2720 39.028336 39.028336 39.028336 0.999988 0.999988 0.999988
2730 39.028336 39.028336 39.028336 0.999988 0.999988 0.999988
2740 39.028336 39.028336 39.028336 0.999988 0.999988 0.999988
2750 39.028336 39.028336 39.028336 0.999988 0.999988 0.999988
2760 39.028336 39.028336 39.028336 0.999988 0.999988 0.999988
2770 39.028336 39.028336 39.028336 0.999988 0.999988 0.999988
2780 39.028336 39.028336 39.028336 0.999988 0.999988 0.999988
2790 39.028336 39.028336 39.028336 0.999988 0.999988 0.999988
2800 39.028336 39.028336 39.028336 0.999988 0.999988 0.999988
2810 39.028336 39.028336 39.028336 0.999988 0.999988 0.999988
2820 39.028336 39.028336 39.028336 0.999988 0.999988 0.999988
2830 39.028336 39.028336 39.028336 0.999988 0.999988 0.999988
2840 39.028336 39.028336 39.028336 0.999988 0.999988 0.999988
2850 39.028336 39.028336 39.028336 0.999988 0.999988 0.999988
2860 39.028336 39.028336 39.028336 0.999988 0.999988 0.999988
2870 39.028336 39.028336 39.028336 0.999988 0.999988 0.999988
2880 39.028336 39.028336 39.028336 0.999988 0.999988 0.999988
2890 39.028336 39.028336 39.028336 0.999988 0.999988 0.999988
2900 39.028336 39.028336 39.028336 0.999988 0.999988 0.999988
2910 39.028336 39.028336 39.028336 0.999988 0.999988 0.999988
2920 39.028336 39.028336 39.028336 0.999988 0.999988 0.999988
2930 39.028336 39.028336 39.028336 0.999988 0.999988 0.999988
2940 39.028336 39.028336 39.028336 0.999988 0.999988 0.999988
2950 39.028336 39.028336 39.028336 0.999988 0.999988 0.999988
2960 39.028336 39.028336 39.028336 0.999988 0.999988 0.999988
2970 39.028336 39.028336 39.028336 0.999988 0.999988 0.999988
2980 39.028336 39.028336 39.028336 0.999988 0.999988 0.999988
2990 39.028336 39.028336 39.028336 0.999988 0.999988 0.999988
3000 39.028336 39.028336 39.028336 0.999988 0.999988 0.999988
3010 39.028336 39.028336 39.028336 0.999988 0.999988 0.999988
3020 39.028336 39.028336 39.028336 0.999988 0.999988 0.999988
3030 39.028336 39.028336 39.028336 0.999988 0.999988 0.999988
3040 39.028336 39.028336 39.028336 0.999988 0.999988 0.999988
3050 39.028336 39.028336 39.028336 0.999988 0.999988 0.999988
3060 39.028336 39.028336 39.028336 0.999988 0.999988 0.999988
3070 39.028336 39.028336 39.028336 0.999988 0.999988 0.999988
3080 39.028336 39.028336 39.028336 0.999988 0.999988 0.999988
3090 39.028336 39.028336 39.028336 0.999988 0.999988 0.999988
3100 39.028336 39.028336 39.028336 0.999988 0.999988 0.999988
3110 39.028336 39.028336 39.028336 0.999988 0.999988 0.999988
3120 39.028336 39.028336 39.028336 0.999988 0.999988 0.999988
3130 39.028336 39.028336 39.028336 0.999988 0.999988 0.999988
3140 39.028336 39.028336 39.028336 0.999988 0.999988 0.999988
3150 39.028336 39.028336 39.028336 0.999988 0.999988 0.999988
3160 39.028336 39.028336 39.028336 0.999988 0.999988 0.999988
3170 39.028336 39.028336 39.028336 0.999988 0.999988 0.999988
3180 39.028336 39.028336 39.028336 0.999988 0.999988 0.999988
3190 39.028336 39.028336 39.028336 0.999988 0.999988 0.999988
3200 39.028336 39.028336 39.028336 0.999988 0.999988 0.999988
3210 39.028336 39.028336 39.028336 0.999988 0.999988 0.999988
3220 39.028336 39.028336 39.028336 0.999988 0.999988 0.999988
3230 39.028336 39.028336 39.028336 0.999988 0.999988 0.999988
3240 39.028336 39.028336 39.028336 0.999988 0.999988 0.999988
3250 39.028336 39.028336 39.028336 0.999988 0.999988 0.999988
3260 39.028336 39.028336 39.028336 0.999988 0.999988 0.999988
3270 39.028336 39.028336 39.028336 0.999988 0.999988 0.999988
3280 39.028336 39.028336 39.028336 0.999988 0.999988 0.999988
3290 39.028336 39.028336 39.028336 0.999988 0.999988 0.999988
3300 39.028336 39.028336 39.028336 0.999988 0.999988 0.999988
3310 39.028336 39.028336 39.028336 0.999988 0.999988 0.999988
3320 39.028336 39.028336 39.028336 0.999988 0.999988 0.999988
3330 39.028336 39.028336 39.028336 0.999988 0.999988 0.999988
3340 39.028336 39.028336 39.028336 0.999988 0.999988 0.999988
3350 39.028336 39.028336 39.028336 0.999988 0.999988 0.999988
3360 39.028336 39.028336 39.028336 0.999988 0.999988 0.999988
3370 39.028336 39.028336 39.028336 0.999988 0.999988 0.999988
3380 39.028336 39.028336 39.028336 0.999988 0.999988 0.999988
3390 39.028336 39.028336 39.028336 0.999988 0.999988 0.999988
3400 39.028336 39.028336 39.028336 0.999988 0.999988 0.999988
3410 39.028336 39.028336 39.028336 0.999988 0.999988 0.999988
3420 39.028336 39.028336 39.028336 0.999988 0.999988 0.999988
3430 39.028336 39.028336 39.028336 0.999988 0.999988 0.999988
3440 39.028336 39.028336 39.028336 0.999988 0.999988 0.999988
3450 39.028336 39.028336 39.028336 0.999988 0.999988 0.999988
3460 39.028336 39.028336 39.028336 0.999988 0.999988 0.999988
3470 39.028336 39.028336 39.028336 0.999988 0.999988 0.999988
3480 39.028336 39.028336 39.028336 0.999988 0.999988 0.999988
3490 39.028336 39.028336 39.028336 0.999988 0.999988 0.999988
3500 39.028336 39.028336 39.028336 0.999988 0.999988 0.999988
3510 39.028336 39.028336 39.028336 0.999988 0.999988 0.999988
3520 39.028336 39.028336 39.028336 0.999988 0.999988 0.999988
3530 39.028336 39.028336 39.028336 0.999988 0.999988 0.999988
3540 39.028336 39.028336 39.028336 0.999988 0.999988 0.999988
3550 39.028336 39.028336 39.028336 0.999988 0.999988 0.999988
3560 39.028336 39.028336 39.028336 0.999988 0.999988 0.999988
3570 39.028336 39.028336 39.028336 0.999988 0.999988 0.999988
3580 39.028336 39.028336 39.028336 0.999988 0.999988 0.999988
3590 39.028336 39.028336 39.028336 0.999988 0.999988 0.999988
3600 39.028336 39.028336 39.028336 0.999988 0.999988 0.999988
3610 39.028336 39.028336 39.028336 0.999988 0.999988 0.999988
3620 39.028336 39.028336 39.028336 0.999988 0.999988 0.999988
3630 39.028336 39.028336 39.028336 0.999988 0.999988 0.999988
3640 39.028336 39.028336 39.028336 0.999988 0.999988 0.999988
3650 39.028336 39.028336 39.028336 0.999988 0.999988 0.999988
3660 39.028336 39.028336 39.028336 0.999988 0.999988 0.999988
3670 39.028336 39.028336 39.028336 0.999988 0.999988 0.999988
3680 39.028336 39.028336 39.028336 0.999988 0.999988 0.999988
3690 39.028336 39.028336 39.028336 0.999988 0.999988 0.999988
3700 39.028336 39.028336 39.028336 0.999988 0.999988 0.999988
3710 39.028336 39.028336 39.028336 0.999988 0.999988 0.999988
3720 39.028336 39.028336 39.028336 0.999988 0.999988 0.999988
3730 39.028336 39.028336 39.028336 0.999988 0.999988 0.999988
3740 39.028336 39.028336 39.028336 0.999988 0.999988 0.999988
3750 39.028336 39.028336 39.028336 0.999988 0.999988 0.999988
3760 39.028336 39.028336 39.028336 0.999988 0.999988 0.999988
3770 39.028336 39.028336 39.028336 0.999988 0.999988 0.999988
3780 39.028336 39.028336 39.028336 0.999988 0.999988 0.999988
3790 39.028336 39.028336 39.028336 0.999988 0.999988 0.999988
3800 39.028336 39.028336 39.028336 0.999988 0.999988 0.999988
3810 39.028336 39.028336 39.028336 0.999988 0.999988 0.999988
3820 39.028336 39.028336 39.028336 0.999988 0.999988 0.999988
3830 39.028336 39.028336 39.028336 0.999988 0.999988 0.999988
3840 39.028336 39.028336 39.028336 0.999988 0.999988 0.999988
3850 39.028336 39.028336 39.028336 0.999988 0.999988 0.999988
3860 39.028336 39.028336 39.028336 0.999988 0.999988 0.999988
3870 39.028336 39.028336 39.028336 0.999988 0.999988 0.999988
3880 39.028336 39.028336 39.028336 0.999988 0.999988 0.999988
3890 39.028336 39.028336 39.028336 0.999988 0.999988 0.999988
3900 39.028336 39.028336 39.028336 0.999988 0.999988 0.999988
3910 39.028336 39.028336 39.028336 0.999988 0.999988 0.999988
3920 39.028336 39.028336 39.028336 0.999988 0.999988 0.999988
3930 39.028336 39.028336 39.028336 0.999988 0.999988 0.999988
3940 39.028336 39.028336 39.028336 0.999988 0.999988 0.999988
3950 39.028336 39.028336 39.028336 0.999988 0.999988 0.999988
3960 39.028336 39.028336 39.028336 0.999988 0.999988 0.999988
3970 39.028336 39.028336 39.028336 0.999988 0.999988 0.999988
3980 39.028336 39.028336 39.028336 0.999988 0.999988 0.999988
3990 39.028336 39.028336 39.028336 0.999988 0.999988 0.999988
4000 39.028336 39.028336 39.028336 0.999988 0.999988 0.999988
4010 39.028336 39.028336 39.028336 0.999988 0.999988 0.999988
4020 39.028336 39.028336 39.028336 0.999988 0.999988 0.999988
4030 39.028336 39.028336 39.028336 0.999988 0.999988 0.999988
4040 39.028336 39.028336 39.028336 0.999988 0.999988 0.999988
4050 39.028336 39.028336 39.028336 0.999988 0.999988 0.999988
4060 39.028336 39.028336 39.028336 0.999988 0.999988 0.999988
4070 39.028336 39.028336 39.028336 0.999988 0.999988 0.999988
4080 39.028336 39.028336 39.028336 0.999988 0.999988 0.999988
4090 39.028336 39.028336 39.028336 0.999988 0.999988 0.999988
4100 39.028336 39.028336 39.028336 0.999988 0.999988 0.999988
4110 39.028336 39.028336 39.028336 0.999988 0.999988 0.999988
4120 39.028336 39.028336 39.028336 0.999988 0.999988 0.999988
4130 39.028336 39.028336 39.028336 0.999988 0.999988 0.999988
4140 39.028336 39.028336 39.028336 0.999988 0.999988 0.999988
4150 39.028336 39.028336 39.028336 0.999988 0.999988 0.999988
4160 39.028336 39.028336 39.028336 0.999988 0.999988 0.999988
4170 39.028336 39.028336 39.028336 0.999988 0.999988 0.999988
4180 39.028336 39.028336 39.028336 0.999988 0.999988 0.999988
4190 39.028336 39.028336 39.028336 0.999988 0.999988 0.999988
4200 39.028336 39.028336 39.028336 0.999988 0.999988 0.999988
4210 39.028336 39.028336 39.028336 0.999988 0.999988 0.999988
4220 39.028336 39.028336 39.028336 0.999988 0.999988 0.999988
4230 39.028336 39.028336 39.028336 0.999988 0.999988 0.999988
4240 39.028336 39.028336 39.028336 0.999988 0.999988 0.999988
4250 39.028336 39.028336 39.028336 0.999988 0.999988 0.999988
4260 39.028336 39.028336 39.028336 0.999988 0.999988 0.999988
4270 39.028336 39.028336 39.028336 0.999988 0.999988 0.999988
4280 39.028336 39.028336 39.028336 0.999988 0.999988 0.999988
4290 39.028336 39.028336 39.028336 0.999988 0.999988 0.999988
4300 39.028336 39.028336 39.028336 0.999988 0.999988 0.999988
4310 39.028336 39.028336 39.028336 0.999988 0.999988 0.999988
4320 39.028336 39.028336 39.028336 0.999988 0.999988 0.999988
4330 39.028336 39.028336 39.028336 0.999988 0.999988 0.999988
4340 39.028336 39.028336 39.028336 0.999988 0.999988 0.999988
4350 39.028336 39.028336 39.028336 0.999988 0.999988 0.999988
4360 39.028336 39.028336 39.028336 0.999988 0.999988 0.999988
4370 39.028336 39.028336 39.028336 0.999988 0.999988 0.999988
4380 39.028336 39.028336 39.028336 0.999988 0.999988 0.999988
4390 39.028336 39.028336 39.028336 0.999988 0.999988 0.999988
4400 39.028336 39.028336 39.028336 0.999988 0.999988 0.999988
4410 39.028336 39.028336 39.028336 0.999988 0.999988 0.999988
4420 39.028336 39.028336 39.028336 0.999988 0.999988 0.999988
4430 39.028336 39.028336 39.028336 0.999988 0.999988 0.999988
4440 39.028336 39.028336 39.028336 0.999988 0.999988 0.999988
4450 39.028336 39.028336 39.028336 0.999988 0.999988 0.999988
4460 39.028336 39.028336 39.028336 0.999988 0.999988 0.999988
4470 39.028336 39.028336 39.028336 0.999988 0.999988 0.999988
4480 39.028336 39.028336 39.028336 0.999988 0.999988 0.999988
4490 39.028336 39.028336 39.028336 0.999988 0.999988 0.999988
4500 39.028336 39.028336 39.028336 0.999988 0.999988 0.999988
4510 39.028336 39.028336 39.028336 0.999988 0.999988 0.999988
4520 39.028336 39.028336 39.028336 0.999988 0.999988 0.999988
4530 39.028336 39.028336 39.028336 0.999988 0.999988 0.999988
4540 39.028336 39.028336 39.028336 0.999988 0.999988 0.999988
4550 39.028336 39.028336 39.028336 0.999988 0.999988 0.999988
4560 39.028336 39.028336 39.028336 0.999988 0.999988 0.999988
4570 39.028336 39.028336 39.028336 0.999988 0.999988 0.999988
4580 39.028336 39.028336 39.028336 0.999988 0.999988 0.999988
4590 39.028336 39.028336 39.028336 0.999988 0.999988 0.999988
4600 39.028336 39.028336 39.028336 0.999988 0.999988 0.999988
4610 39.028336 39.028336 39.028336 0.999988 0.999988 0.999988
4620 39.028336 39.028336 39.028336 0.999988 0.999988 0.999988
4630 39.028336 39.028336 39.028336 0.999988 0.999988 0.999988
4640 39.028336 39.028336 39.028336 0.999988 0.999988 0.999988
4650 39.028336 39.028336 39.028336 0.999988 0.999988 0.999988
4660 39.028336 39.028336 39.028336 0.999988 0.999988 0.999988
4670 39.028336 39.028336 39.028336 0.999988 0.999988 0.999988
4680 39.028336 39.028336 39.028336 0.999988 0.999988 0.999988
4690 39.028336 39.028336 39.028336 0.999988 0.999988 0.999988
4700 39.028336 39.028336 39.028336 0.999988 0.999988 0.999988
4710 39.028336 39.028336 39.028336 0.999988 0.999988 0.999988
4720 39.028336 39.028336 39.028336 0.999988 0.999988 0.999988
4730 39.028336 39.028336 39.028336 0.999988 0.999988 0.999988
4740 39.028336 39.028336 39.028336 0.999988 0.999988 0.999988
4750 39.028336 39.028336 39.028336 0.999988 0.999988 0.999988
4760 39.028336 39.028336 39.028336 0.999988 0.999988 0.999988
4770 39.028336 39.028336 39.028336 0.999988 0.999988 0.999988
4780 39.028336 39.028336 39.028336 0.999988 0.999988 0.999988
4790 39.028336 39.028336 39.028336 0.999988 0.999988 0.999988
4800 39.028336 39.028336 39.028336 0.999988 0.999988 0.999988
4810 39.028336 39.028336 39.028336 0.999988 0.999988 0.999988
4820 39.028336 39.028336 39.028336 0.999988 0.999988 0.999988
4830 39.028336 39.028336 39.028336 0.999988 0.999988 0.999988
4840 39.028336 39.028336 39.028336 0.999988 0.999988 0.999988
4850 39.028336 39.028336 39.028336 0.999988 0.999988 0.999988
4860 39.028336 39.028336 39.028336 0.999988 0.999988 0.999988
4870 39.028336 39.028336 39.028336 0.999988 0.999988 0.999988
4880 39.028336 39.028336 39.028336 0.999988 0.999988 0.999988
4890 39.028336 39.028336 39.028336 0.999988 0.999988 0.999988
4900 39.028336 39.028336 39.028336 0.999988 0.999988 0.999988
4910 39.028336 39.028336 39.028336 0.999988 0.999988 0.999988
4920 39.028336 39.028336 39.028336 0.999988 0.999988 0.999988
4930 39.028336 39.028336 39.028336 0.999988 0.999988 0.999988
4940 39.028336 39.028336 39.028336 0.999988 0.999988 0.999988
4950 39.028336 39.028336 39.028336 0.999988 0.999988 0.999988
4960 39.028336 39.028336 39.028336 0.999988 0.999988 0.999988
4970 39.028336 39.028336 39.028336 0.999988 0.999988 0.999988
4980 39.028336 39.028336 39.028336 0.999988 0.999988 0.999988
4990 39.028336 39.028336 39.028336 0.999988 0.999988 0.999988
5000 39.028336 39.028336 39.028336 0.999988 0.999988 0.999988
5010 39.028336 39.028336 39.028336 0.999988 0.999988 0.999988
5020 39.028336 39.028336 39.028336 0.999988 0.999988 0.999988
5030 39.028336 39.028336 39.028336 0.999988 0.999988 0.999988
5040 39.028336 39.028336 39.028336 0.999988 0.999988 0.999988
5050 39.028336 39.028336 39.028336 0.999988 0.999988 0.999988
5060 39.028336 39.028336 39.028336 0.999988 0.999988 0.999988
5070 39.028336 39.028336 39.028336 0.999988 0.999988 0.999988
5080 39.028336 39.028336 39.028336 0.999988 0.999988 0.999988
5090 39.028336 39.028336 39.028336 0.999988 0.999988 0.999988
5100 39.028336 39.028336 39.028336 0.999988 0.999988 0.999988
5110 39.028336 39.028336 39.028336 0.999988 0.999988 0.999988
5120 39.028336 39.028336 39.028336 0.999988 0.999988 0.999988
5130 39.028336 39.028336 39.028336 0.999988 0.999988 0.999988
5140 39.028336 39.028336 39.028336 0.999988 0.999988 0.999988
5150 39.028336 39.028336 39.028336 0.999988 0.999988 0.999988
5160 39.028336 39.028336 39.028336 0.999988 0.999988 0.999988
5170 39.028336 39.028336 39.028336 0.999988 0.999988 0.999988
5180 39.028336 39.028336 39.028336 0.999988 0.999988 0.999988
5190 39.028336 39.028336 39.028336 0.999988 0.999988 0.999988
5200 39.028336 39.028336 39.028336 0.999988 0.999988 0.999988
5210 39.028336 39.028336 39.028336 0.999988 0.999988 0.999988
5220 39.028336 39.028336 39.028336 0.999988 0.999988 0.999988
5230 39.028336 39.028336 39.028336 0.999988 0.999988 0.999988
5240 39.028336 39.028336 39.028336 0.999988 0.999988 0.999988
5250 39.028336 39.028336 39.028336 0.999988 0.999988 0.999988
5260 39.028336 39.028336 39.028336 0.999988 0.999988 0.999988
5270 39.028336 39.028336 39.028336 0.999988 0.999988 0.999988
5280 39.028336 39.028336 39.028336 0.999988 0.999988 0.999988
5290 39.028336 39.028336 39.028336 0.999988 0.999988 0.999988
5300 39.028336 39.028336 39.028336 0.999988 0.999988 0.999988
5310 39.028336 39.028336 39.028336 0.999988 0.999988 0.999988
5320 39.028336 39.028336 39.028336 0.999988 0.999988 0.999988
5330 39.028336 39.028336 39.028336 0.999988 0.999988 0.999988
5340 39.028336 39.028336 39.028336 0.999988 0.999988 0.999988
5350 39.028336 39.028336 39.028336 0.999988 0.999988 0.999988
5360 39.028336 39.028336 39.028336 0.999988 0.999988 0.999988
5370 39.028336 39.028336 39.028336 0.999988 0.999988 0.999988
5380 39.028336 39.028336 39.028336 0.999988 0.999988 0.999988
5390 39.028336 39.028336 39.028336 0.999988 0.999988 0.999988
5400 39.028336 39.028336 39.028336 0.999988 0.999988 0.999988
5410 39.028336 39.028336 39.028336 0.999988 0.999988 0.999988
5420 39.028336 39.028336 39.028336 0.999988 0.999988 0.999988
5430 39.028336 39.028336 39.028336 0.999988 0.999988 0.999988
5440 39.028336 39.028336 39.028336 0.999988 0.999988 0.999988
5450 39.028336 39.028336 39.028336 0.999988 0.999988 0.999988
5460 39.028336 39.028336 39.028336 0.999988 0.999988 0.999988
5470 39.028336 39.028336 39.028336 0.999988 0.999988 0.999988
5480 39.028336 39.028336 39.028336 0.999988 0.999988 0.999988
5490 39.028336 39.028336 39.028336 0.999988 0.999988 0.999988
5500 39.028336 39.028336 39.028336 0.999988 0.999988 0.999988
5510 39.028336 39.028336 39.028336 0.999988 0.999988 0.999988
5520 39.028336 39.028336 39.028336 0.999988 0.999988 0.999988
5530 39.028336 39.028336 39.028336 0.999988 0.999988 0.999988
5540 39.028336 39.028336 39.028336 0.999988 0.999988 0.999988
5550 39.028336 39.028336 39.028336 0.999988 0.999988 0.999988
5560 39.028336 39.028336 39.028336 0.999988 0.999988 0.999988
5570 39.028336 39.028336 39.028336 0.999988 0.999988 0.999988
5580 39.028336 39.028336 39.028336 0.999988 0.999988 0.999988
5590 39.028336 39.028336 39.028336 0.999988 0.999988 0.999988
5600 39.028336 39.028336 39.028336 0.999988 0.999988 0.999988
5610 39.028336 39.028336 39.028336 0.999988 0.999988 0.999988
5620 39.028336 39.028336 39.028336 0.999988 0.999988 0.999988
5630 39.028336 39.028336 39.028336 0.999988 0.999988 0.999988
5640 39.028336 39.028336 39.028336 0.999988 0.999988 0.999988
5650 39.028336 39.028336 39.028336 0.999988 0.999988 0.999988
5660 39.028336 39.028336 39.028336 0.999988 0.999988 0.999988
5670 39.028336 39.028336 39.028336 0.999988 0.999988 0.999988
5680 39.028336 39.028336 39.028336 0.999988 0.999988 0.999988
5690 39.028336 39.028336 39.028336 0.999988 0.999988 0.999988
5700 39.028336 39.028336 39.028336 0.999988 0.999988 0.999988
5710 39.028336 39.028336 39.028336 0.999988 0.999988 0.999988
5720 39.028336 39.028336 39.028336 0.999988 0.999988 0.999988
5730 39.028336 39.028336 39.028336 0.999988 0.999988 0.999988
5740 39.028336 39.028336 39.028336 0.999988 0.999988 0.999988
5750 39.028336 39.028336 39.028336 0.999988 0.999988 0.999988
5760 39.028336 39.028336 39.028336 0.999988 0.999988 0.999988
5770 39.028336 39.028336 39.028336 0.999988 0.999988 0.999988
5780 39.028336 39.028336 39.028336 0.999988 0.999988 0.999988
5790 39.028336 39.028336 39.028336 0.999988 0.999988 0.999988
5800 39.028336 39.028336 39.028336 0.999988 0.999988 0.999988
5810 39.028336 39.028336 39.028336 0.999988 0.999988 0.999988
5820 39.028336 39.028336 39.028336 0.999988 0.999988 0.999988
5830 39.028336 39.028336 39.028336 0.999988 0.999988 0.999988
5840 39.028336 39.028336 39.028336 0.999988 0.999988 0.999988
5850 39.028336 39.028336 39.028336 0.999988 0.999988 0.999988
5860 39.028336 39.028336 39.028336 0.999988 0.999988 0.999988
5870 39.028336 39.028336 39.028336 0.999988 0.999988 0.999988
5880 39.028336 39.028336 39.028336 0.999988 0.999988 0.999988
5890 39.028336 39.028336 39.028336 0.999988 0.999988 0.999988
5900 39.028336 39.028336 39.028336 0.999988 0.999988 0.999988
5910 39.028336 39.028336 39.028336 0.999988 0.999988 0.999988
5920 39.028336 39.028336 39.028336 0.999988 0.999988 0.999988
5930 39.028336 39.028336 39.028336 0.999988 0.999988 0.999988
5940 39.028336 39.028336 39.028336 0.999988 0.999988 0.999988
5950 39.028336 39.028336 39.028336 0.999988 0.999988 0.999988
5960 39.028336 39.028336 39.028336 0.999988 0.999988 0.999988
5970 39.028336 39.028336 39.028336 0.999988 0.999988 0.999988
5980 39.028336 39.028336 39.028336 0.999988 0.999988 0.999988
5990 39.028336 39.028336 39.028336 0.999988 0.999988 0.999988
6000 39.028336 39.028336 39.028336 0.999988 0.999988 0.999988
6010 39.028336 39.028336 39.028336 0.999988 0.999988 0.999988
6020 39.028336 39.028336 39.028336 0.999988 0.999988 0.999988
6030 39.028336 39.028336 39.028336 0.999988 0.999988 0.999988
6040 39.028336 39.028336 39.028336 0.999988 0.999988 0.999988
6050 39.028336 39.028336 39.028336 0.999988 0.999988 0.999988
6060 39.028336 39.028336 39.028336 0.999988 0.999988 0.999988
6070 39.028336 39.028336 39.028336 0.999988 0.999988 0.999988
6080 39.028336 39.028336 39.028336 0.999988 0.999988 0.999988
6090 39.028336 39.028336 39.028336 0.999988 0.999988 0.999988
6100 39.028336 39.028336 39.028336 0.999988 0.999988 0.999988
6110 39.028336 39.028336 39.028336 0.999988 0.999988 0.999988
6120 39.028336 39.028336 39.028336 0.999988 0.999988 0.999988
6130 39.028336 39.028336 39.028336 0.999988 0.999988 0.999988
6140 39.028336 39.028336 39.028336 0.999988 0.999988 0.999988
6150 39.028336 39.028336 39.028336 0.999988 0.999988 0.999988
6160 39.028336 39.028336 39.028336 0.999988 0.999988 0.999988
6170 39.028336 39.028336 39.028336 0.999988 0.999988 0.999988
6180 39.028336 39.028336 39.028336 0.999988 0.999988 0.999988
6190 39.028336 39.028336 39.028336 0.999988 0.999988 0.999988
6200 39.028336 39.028336 39.028336 0.999988 0.999988 0.999988
6210 39.028336 39.028336 39.028336 0.999988 0.999988 0.999988
6220 39.028336 39.028336 39.028336 0.999988 0.999988 0.999988
6230 39.028336 39.028336 39.028336 0.999988 0.999988 0.999988
6240 39.028336 39.028336 39.028336 0.999988 0.999988 0.999988
6250 39.028336 39.028336 39.028336 0.999988 0.999988 0.999988
6260 39.028336 39.028336 39.028336 0.999988 0.999988 0.999988
6270 39.028336 39.028336 39.028336 0.999988 0.999988 0.999988
6280 39.028336 39.028336 39.028336 0.999988 0.999988 0.999988
6290 39.028336 39.028336 39.028336 0.999988 0.999988 0.999988
6300 39.028336 39.028336 39.028336 0.999988 0.999988 0.999988
6310 39.028336 39.028336 39.028336 0.999988 0.999988 0.999988
6320 39.028336 39.028336 39.028336 0.999988 0.999988 0.999988
6330 39.028336 39.028336 39.028336 0.999988 0.999988 0.999988
6340 39.028336 39.028336 39.028336 0.999988 0.999988 0.999988
6350 39.028336 39.028336 39.028336 0.999988 0.999988 0.999988
6360 39.028336 39.028336 39.028336 0.999988 0.999988 0.999988
6370 39.028336 39.028336 39.028336 0.999988 0.999988 0.999988
6380 39.028336 39.028336 39.028336 0.999988 0.999988 0.999988
6390 39.028336 39.028336 39.028336 0.999988 0.999988 0.999988
6400 39.028336 39.028336 39.028336 0.999988 0.999988 0.999988
6410 39.028336 39.028336 39.028336 0.999988 0.999988 0.999988
6420 39.028336 39.028336 39.028336 0.999988 0.999988 0.999988
6430 39.028336 39.028336 39.028336 0.999988 0.999988 0.999988
6440 39.028336 39.028336 39.028336 0.999988 0.999988 0.999988
6450 39.028336 39.028336 39.028336 0.999988 0.999988 0.999988
6460 39.028336 39.028336 39.028336 0.999988 0.999988 0.999988
6470 39.028336 39.028336 39.028336 0.999988 0.999988 0.999988
6480 39.028336 39.028336 39.028336 0.999988 0.999988 0.999988
6490 39.028336 39.028336 39.028336 0.999988 0.999988 0.999988
6500 39.028336 39.028336 39.028336 0.999988 0.999988 0.999988
6510 39.028336 39.028336 39.028336 0.999988 0.999988 0.999988
6520 39.028336 39.028336 39.028336 0.999988 0.999988 0.999988
6530 39.028336 39.028336 39.028336 0.999988 0.999988 0.999988
6540 39.028336 39.028336 39.028336 0.999988 0.999988 0.999988
6550 39.028336 39.028336 39.028336 0.999988 0.999988 0.999988
6560 39.028336 39.028336 39.028336 0.999988 0.999988 0.999988
6570 39.028336 39.028336 39.028336 0.999988 0.999988 0.999988
6580 39.028336 39.028336 39.028336 0.999988 0.999988 0.999988
6590 39.028336 39.028336 39.028336 0.999988 0.999988 0.999988
6600 39.028336 39.028336 39.028336 0.999988 0.999988 0.999988
6610 39.028336 39.028336 39.028336 0.999988 0.999988 0.999988
6620 39.028336 39.028336 39.028336 0.999988 0.999988 0.999988
6630 39.028336 39.028336 39.028336 0.999988 0.999988 0.999988
6640 39.028336 39.028336 39.028336 0.999988 0.999988 0.999988
6650 39.028336 39.028336 39.028336 0.999988 0.999988 0.999988
6660 39.028336 39.028336 39.028336 0.999988 0.999988 0.999988
6670 39.028336 39.028336 39.028336 0.999988 0.999988 0.999988
6680 39.028336 39.028336 39.028336 0.999988 0.999988 0.999988
6690 39.028336 39.028336 39.028336 0.999988 0.999988 0.999988
6700 39.028336 39.028336 39.028336 0.999988 0.999988 0.999988
6710 39.028336 39.028336 39.028336 0.999988 0.999988 0.999988
6720 39.028336 39.028336 39.028336 0.999988 0.999988 0.999988
6730 39.028336 39.028336 39.028336 0.999988 0.999988 0.999988
6740 39.028336 39.028336 39.028336 0.999988 0.999988 0.999988
6750 39.028336 39.028336 39.028336 0.999988 0.999988 0.999988
6760 39.028336 39.028336 39.028336 0.999988 0.999988 0.999988
6770 39.028336 39.028336 39.028336 0.999988 0.999988 0.999988
6780 39.028336 39.028336 39.028336 0.999988 0.999988 0.999988
6790 39.028336 39.028336 39.028336 0.999988 0.999988 0.999988
6800 39.028336 39.028336 39.028336 0.999988 0.999988 0.999988
6810 39.028336 39.028336 39.028336 0.999988 0.999988 0.999988
6820 39.028336 39.028336 39.028336 0.999988 0.999988 0.999988
6830 39.028336 39.028336 39.028336 0.999988 0.999988 0.999988
6840 39.028336 39.028336 39.028336 0.999988 0.999988 0.999988
6850 39.028336 39.028336 39.028336 0.999988 0.999988 0.999988
6860 39.028336 39.028336 39.028336 0.999988 0.999988 0.999988
6870 39.028336 39.028336 39.028336 0.999988 0.999988 0.999988
6880 39.028336 39.028336 39.028336 0.999988 0.999988 0.999988
6890 39.028336 39.028336 39.028336 0.999988 0.999988 0.999988
6900 39.028336 39.028336 39.028336 0.999988 0.999988 0.999988
6910 39.028336 39.028336 39.028336 0.999988 0.999988 0.999988
6920 39.028336 39.028336 39.028336 0.999988 0.999988 0.999988
6930 39.028336 39.028336 39.028336 0.999988 0.999988 0.999988
6940 39.028336 39.028336 39.028336 0.999988 0.999988 0.999988
6950 39.028336 39.028336 39.028336 0.999988 0.999988 0.999988
6960 39.028336 39.028336 39.028336 0.999988 0.999988 0.999988
6970 39.028336 39.028336 39.028336 0.999988 0.999988 0.999988
6980 39.028336 39.028336 39.028336 0.999988 0.999988 0.999988
6990 39.028336 39.028336 39.028336 0.999988 0.999988 0.999988
7000 39.028336 39.028336 39.028336 0.999988 0.999988 0.999988
7010 39.028336 39.028336 39.028336 0.999988 0.999988 0.999988
7020 39.028336 39.028336 39.028336 0.999988 0.999988 0.999988
7030 39.028336 39.028336 39.028336 0.999988 0.999988 0.999988
7040 39.028336 39.028336 39.028336 0.999988 0.999988 0.999988
7050 39.028336 39.028336 39.028336 0.999988 0.999988 0.999988
7060 39.028336 39.028336 39.028336 0.999988 0.999988 0.999988
7070 39.028336 39.028336 39.028336 0.999988 0.999988 0.999988
7080 39.028336 39.028336 39.028336 0.999988 0.999988 0.999988
7090 39.028336 39.028336 39.028336 0.999988 0.999988 0.999988
7100 39.028336 39.028336 39.028336 0.999988 0.999988 0.999988
7110 39.028336 39.028336 39.028336 0.999988 0.999988 0.999988
7120 39.028336 39.028336 39.028336 0.999988 0.999988 0.999988
7130 39.028336 39.028336 39.028336 0.999988 0.999988 0.999988
7140 39.028336 39.028336 39.028336 0.999988 0.999988 0.999988
7150 39.028336 39.028336 39.028336 0.999988 0.999988 0.999988
7160 39.028336 39.028336 39.028336 0.999988 0.999988 0.999988
7170 39.028336 39.028336 39.028336 0.999988 0.999988 0.999988
7180 39.028336 39.028336 39.028336 0.999988 0.999988 0.999988
7190 39.028336 39.028336 39.028336 0.999988 0.999988 0.999988
7200 39.028336 39.028336 39.028336 0.999988 0.999988 0.999988
7210 39.028336 39.028336 39.028336 0.999988 0.999988 0.999988
7220 39.028336 39.028336 39.028336 0.999988 0.999988 0.999988
7230 39.028336 39.028336 39.028336 0.999988 0.999988 0.999988
7240 39.028336 39.028336 39.028336 0.999988 0.999988 0.999988
7250 39.028336 39.028336 39.028336 0.999988 0.999988 0.999988
7260 39.028336 39.028336 39.028336 0.999988 0.999988 0.999988
7270 39.028336 39.028336 39.028336 0.999988 0.999988 0.999988
7280 39.028336 39.028336 39.028336 0.999988 0.999988 0.999988
7290 39.028336 39.028336 39.028336 0.999988 0.999988 0.999988
7300 39.028336 39.028336 39.028336 0.999988 0.999988 0.999988
7310 39.028336 39.028336 39.028336 0.999988 0.999988 0.999988
7320 39.028336 39.028336 39.028336 0.999988 0.999988 0.999988
7330 39.028336 39.028336 39.028336 0.999988 0.999988 0.999988
7340 39.028336 39.028336 39.028336 0.999988 0.999988 0.999988
7350 39.028336 39.028336 39.028336 0.999988 0.999988 0.999988
7360 39.028336 39.028336 39.028336 0.999988 0.999988 0.999988
7370 39.028336 39.028336 39.028336 0.999988 0.999988 0.999988
7380 39.028336 39.028336 39.028336 0.999988 0.999988 0.999988
7390 39.028336 39.028336 39.028336 0.999988 0.999988 0.999988
7400 39.028336 39.028336 39.028336 0.999988 0.999988 0.999988
7410 39.028336 39.028336 39.028336 0.999988 0.999988 0.999988
7420 39.028336 39.028336 39.028336 0.999988 0.999988 0.999988
7430 39.028336 39.028336 39.028336 0.999988 0.999988 0.999988
7440 39.028336 39.028336 39.028336 0.999988 0.999988 0.999988
7450 39.028336 39.028336 39.028336 0.999988 0.999988 0.999988
7460 39.028336 39.028336 39.028336 0.999988 0.999988 0.999988
7470 39.028336 39.028336 39.028336 0.999988 0.999988 0.999988
7480 39.028336 39.028336 39.028336 0.999988 0.999988 0.999988
7490 39.028336 39.028336 39.028336 0.999988 0.999988 0.999988
7500 39.028336 39.028336 39.028336 0.999988 0.999988 0.999988
7510 39.028336 39.028336 39.028336 0.999988 0.999988 0.999988
7520 39.028336 39.028336 39.028336 0.999988 0.999988 0.999988
7530 39.028336 39.028336 39.028336 0.999988 0.999988 0.999988
7540 39.028336 39.028336 39.028336 0.999988 0.999988 0.999988
7550 39.028336 39.028336 39.028336 0.999988 0.999988 0.999988
7560 39.028336 39.028336 39.028336 0.999988 0.999988 0.999988
7570 39.028336 39.028336 39.028336 0.999988 0.999988 0.999988
7580 39.028336 39.028336 39.028336 0.999988 0.999988 0.999988
7590 39.028336 39.028336 39.028336 0.999988 0.999988 0.999988
7600 39.028336 39.028336 39.028336 0.999988 0.999988 0.999988
7610 39.028336 39.028336 39.028336 0.999988 0.999988 0.999988
7620 39.028336 39.028336 39.028336 0.999988 0.999988 0.999988
7630 39.028336 39.028336 39.028336 0.999988 0.999988 0.999988
7640 39.028336 39.028336 39.028336 0.999988 0.999988 0.999988
7650 39.028336 39.028336 39.028336 0.999988 0.999988 0.999988
7660 39.028336 39.028336 39.028336 0.999988 0.999988 0.999988
7670 39.028336 39.028336 39.028336 0.999988 0.999988 0.999988
7680 39.028336 39.028336 39.028336 0.999988 0.999988 0.999988
7690 39.028336 39.028336 39.028336 0.999988 0.999988 0.999988
7700 39.028336 39.028336 39.028336 0.999988 0.999988 0.999988
7710 39.028336 39.028336 39.028336 0.999988 0.999988 0.999988
7720 39.028336 39.028336 39.028336 0.999988 0.999988 0.999988
7730 39.028336 39.028336 39.028336 0.999988 0.999988 0.999988
7740 39.028336 39.028336 39.028336 0.999988 0.999988 0.999988
7750 39.028336 39.028336 39.028336 0.999988 0.999988 0.999988
7760 39.028336 39.028336 39.028336 0.999988 0.999988 0.999988
7770 39.028336 39.028336 39.028336 0.999988 0.999988 0.999988
7780 39.028336 39.028336 39.028336 0.999988 0.999988 0.999988
7790 39.028336 39.028336 39.028336 0.999988 0.999988 0.999988
7800 39.028336 39.028336 39.028336 0.999988 0.999988 0.999988
7810 39.028336 39.028336 39.028336 0.999988 0.999988 0.999988
7820 39.028336 39.028336 39.028336 0.999988 0.999988 0.999988
7830 39.028336 39.028336 39.028336 0.999988 0.999988 0.999988
7840 39.028336 39.028336 39.028336 0.999988 0.999988 0.999988
7850 39.028336 39.028336 39.028336 0.999988 0.999988 0.999988
7860 39.028336 39.028336 39.028336 0.999988 0.999988 0.999988
7870 39.028336 39.028336 39.028336 0.999988 0.999988 0.999988
7880 39.028336 39.028336 39.028336 0.999988 0.999988 0.999988
7890 39.028336 39.028336 39.028336 0.999988 0.999988 0.999988
7900 39.028336 39.028336 39.028336 0.999988 0.999988 0.999988
7910 39.028336 39.028336 39.028336 0.999988 0.999988 0.999988
7920 39.028336 39.028336 39.028336 0.999988 0.999988 0.999988
7930 39.028336 39.028336 39.028336 0.999988 0.999988 0.999988
7940 39.028336 39.028336 39.028336 0.999988 0.999988 0.999988
7950 39.028336 39.028336 39.028336 0.999988 0.999988 0.999988
7960 39.028336 39.028336 39.028336 0.999988 0.999988 0.999988
7970 39.028336 39.028336 39.028336 0.999988 0.999988 0.999988
7980 39.028336 39.028336 39.028336 0.999988 0.999988 0.999988
7990 39.028336 39.028336 39.028336 0.999988 0.999988 0.999988
8000 39.028336 39.028336 39.028336 0.999988 0.999988 0.999988
8010 39.028336 39.028336 39.028336 0.999988 0.999988 0.999988
8020 39.028336 39.028336 39.028336 0.999988 0.999988 0.999988
8030 39.028336 39.028336 39.028336 0.999988 0.999988 0.999988
8040 39.028336 39.028336 39.028336 0.999988 0.999988 0.999988
8050 39.028336 39.028336 39.028336 0.999988 0.999988 0.999988
8060 39.028336 39.028336 39.028336 0.999988 0.999988 0.999988
8070 39.028336 39.028336 39.028336 0.999988 0.999988 0.999988
8080 39.028336 39.028336 39.028336 0.999988 0.999988 0.999988
8090 39.028336 39.028336 39.028336 0.999988 0.999988 0.999988
8100 39.028336 39.028336 39.028336 0.999988 0.999988 0.999988
8110 39.028336 39.028336 39.028336 0.999988 0.999988 0.999988
8120 39.028336 39.028336 39.028336 0.999988 0.999988 0.999988
8130 39.028336 39.028336 39.028336 0.999988 0.999988 0.999988
8140 39.028336 39.028336 39.028336 0.999988 0.999988 0.999988
8150 39.028336 39.028336 39.028336 0.999988 0.999988 0.999988
8160 39.028336 39.028336 39.028336 0.999988 0.999988 0.999988
8170 39.028336 39.028336 39.028336 0.999988 0.999988 0.999988
8180 39.028336 39.028336 39.028336 0.999988 0.999988 0.999988
8190 39.028336 39.028336 39.028336 0.999988 0.999988 0.999988
8200 39.028336 39.028336 39.028336 0.999988 0.999988 0.999988
8210 39.028336 39.028336 39.028336 0.999988 0.999988 0.999988
8220 39.028336 39.028336 39.028336 0.999988 0.999988 0.999988
8230 39.028336 39.028336 39.028336 0.999988 0.999988 0.999988
8240 39.028336 39.028336 39.028336 0.999988 0.999988 0.999988
8250 39.028336 39.028336 39.028336 0.999988 0.999988 0.999988
8260 39.028336 39.028336 39.028336 0.999988 0.999988 0.999988
8270 39.028336 39.028336 39.028336 0.999988 0.999988 0.999988
8280 39.028336 39.028336 39.028336 0.999988 0.999988 0.999988
8290 39.028336 39.028336 39.028336 0.999988 0.999988 0.999988
8300 39.028336 39.028336 39.028336 0.999988 0.999988 0.999988
8310 39.028336 39.028336 39.028336 0.999988 0.999988 0.999988
8320 39.028336 39.028336 39.028336 0.999988 0.999988 0.999988
8330 39.028336 39.028336 39.028336 0.999988 0.999988 0.999988
8340 39.028336 39.028336 39.028336 0.999988 0.999988 0.999988
8350 39.028336 39.028336 39.028336 0.999988 0.999988 0.999988
8360 39.028336 39.028336 39.028336 0.999988 0.999988 0.999988
8370 39.028336 39.028336 39.028336 0.999988 0.999988 0.999988
8380 39.028336 39.028336 39.028336 0.999988 0.999988 0.999988
8390 39.028336 39.028336 39.028336 0.999988 0.999988 0.999988
8400 39.028336 39.028336 39.028336 0.999988 0.999988 0.999988
8410 39.028336 39.028336 39.028336 0.999988 0.999988 0.999988
8420 39.028336 39.028336 39.028336 0.999988 0.999988 0.999988
8430 39.028336 39.028336 39.028336 0.999988 0.999988 0.999988
8440 39.028336 39.028336 39.028336 0.999988 0.999988 0.999988
8450 39.028336 39.028336 39.028336 0.999988 0.999988 0.999988
8460 39.028336 39.028336 39.028336 0.999988 0.999988 0.999988
8470 39.028336 39.028336 39.028336 0.999988 0.999988 0.999988
8480 39.028336 39.028336 39.028336 0.999988 0.999988 0.999988
8490 39.028336 39.028336 39.028336 0.999988 0.999988 0.999988
8500 39.028336 39.028336 39.028336 0.999988 0.999988 0.999988
8510 39.028336 39.028336 39.028336 0.999988 0.999988 0.999988
8520 39.028336 39.028336 39.028336 0.999988 0.999988 0.999988
8530 39.028336 39.028336 39.028336 0.999988 0.999988 0.999988
8540 39.028336 39.028336 39.028336 0.999988 0.999988 0.999988
8550 39.028336 39.028336 39.028336 0.999988 0.999988 0.999988
8560 39.028336 39.028336 39.028336 0.999988 0.999988 0.999988
8570 39.028336 39.028336 39.028336 0.999988 0.999988 0.999988
8580 39.028336 39.028336 39.028336 0.999988 0.999988 0.999988
8590 39.028336 39.028336 39.028336 0.999988 0.999988 0.999988
8600 39.028336 39.028336 39.028336 0.999988 0.999988 0.999988
8610 39.028336 39.028336 39.028336 0.999988 0.999988 0.999988
8620 39.028336 39.028336 39.028336 0.999988 0.999988 0.999988
8630 39.028336 39.028336 39.028336 0.999988 0.999988 0.999988
8640 39.028336 39.028336 39.028336 0.999988 0.999988 0.999988
8650 39.028336 39.028336 39.028336 0.999988 0.999988 0.999988
8660 39.028336 39.028336 39.028336 0.999988 0.999988 0.999988
8670 39.028336 39.028336 39.028336 0.999988 0.999988 0.999988
8680 39.028336 39.028336 39.028336 0.999988 0.999988 0.999988
8690 39.028336 39.028336 39.028336 0.999988 0.999988 0.999988
8700 39.028336 39.028336 39.028336 0.999988 0.999988 0.999988
8710 39.028336 39.028336 39.028336 0.999988 0.999988 0.999988
8720 39.028336 39.028336 39.028336 0.999988 0.999988 0.999988
8730 39.028336 39.028336 39.028336 0.999988 0.999988 0.999988
8740 39.028336 39.028336 39.028336 0.999988 0.999988 0.999988
8750 39.028336 39.028336 39.028336 0.999988 0.999988 0.999988
8760 39.028336 39.028336 39.028336 0.999988 0.999988 0.999988
8770 39.028336 39.028336 39.028336 0.999988 0.999988 0.999988
8780 39.028336 39.028336 39.028336 0.999988 0.999988 0.999988
8790 39.028336 39.028336 39.028336 0.999988 0.999988 0.999988
8800 39.028336 39.028336 39.028336 0.999988 0.999988 0.999988
8810 39.028336 39.028336 39.028336 0.999988 0.999988 0.999988
8820 39.028336 39.028336 39.028336 0.999988 0.999988 0.999988
8830 39.028336 39.028336 39.028336 0.999988 0.999988 0.999988
8840 39.028336 39.028336 39.028336 0.999988 0.999988 0.999988
8850 39.028336 39.028336 39.028336 0.999988 0.999988 0.999988
8860 39.028336 39.028336 39.028336 0.999988 0.999988 0.999988
8870 39.028336 39.028336 39.028336 0.999988 0.999988 0.999988
8880 39.028336 39.028336 39.028336 0.999988 0.999988 0.999988
8890 39.028336 39.028336 39.028336 0.999988 0.999988 0.999988
8900 39.028336 39.028336 39.028336 0.999988 0.999988 0.999988
8910 39.028336 39.028336 39.028336 0.999988 0.999988 0.999988
8920 39.028336 39.028336 39.028336 0.999988 0.999988 0.999988
8930 39.028336 39.028336 39.028336 0.999988 0.999988 0.999988
8940 39.028336 39.028336 39.028336 0.999988 0.999988 0.999988
8950 39.028336 39.028336 39.028336 0.999988 0.999988 0.999988
8960 39.028336 39.028336 39.028336 0.999988 0.999988 0.999988
8970 39.028336 39.028336 39.028336 0.999988 0.999988 0.999988
8980 39.028336 39.028336 39.028336 0.999988 0.999988 0.999988
8990 39.028336 39.028336 39.028336 0.999988 0.999988 0.999988
9000 39.028336 39.028336 39.028336 0.999988 0.999988 0.999988
9010 39.028336 39.028336 39.028336 0.999988 0.999988 0.999988
9020 39.028336 39.028336 39.028336 0.999988 0.999988 0.999988
9030 39.028336 39.028336 39.028336 0.999988 0.999988 0.999988
9040 39.028336 39.028336 39.028336 0.999988 0.999988 0.999988
9050 39.028336 39.028336 39.028336 0.999988 0.999988 0.999988
9060 39.028336 39.028336 39.028336 0.999988 0.999988 0.999988
9070 39.028336 39.028336 39.028336 0.999988 0.999988 0.999988
9080 39.028336 39.028336 39.028336 0.999988 0.999988 0.999988
9090 39.028336 39.028336 39.028336 0.999988 0.999988 0.999988
9100 39.028336 39.028336 39.028336 0.999988 0.999988 0.999988
9110 39.028336 39.028336 39.028336 0.999988 0.999988 0.999988
9120 39.028336 39.028336 39.028336 0.999988 0.999988 0.999988
9130 39.028336 39.028336 39.028336 0.999988 0.999988 0.999988
9140 39.028336 39.028336 39.028336 0.999988 0.999988 0.999988
9150 39.028336 39.028336 39.028336 0.999988 0.999988 0.999988
9160 39.028336 39.028336 39.028336 0.999988 0.999988 0.999988
9170 39.028336 39.028336 39.028336 0.999988 0.999988 0.999988
9180 39.028336 39.028336 39.028336 0.999988 0.999988 0.999988
9190 39.028336 39.028336 39.028336 0.999988 0.999988 0.999988
9200 39.028336 39.028336 39.028336 0.999988 0.999988 0.999988
9210 39.028336 39.028336 39.028336 0.999988 0.999988 0.999988
9220 39.028336 39.028336 39.028336 0.999988 0.999988 0.999988
9230 39.028336 39.028336 39.028336 0.999988 0.999988 0.999988
9240 39.028336 39.028336 39.028336 0.999988 0.999988 0.999988
9250 39.028336 39.028336 39.028336 0.999988 0.999988 0.999988
9260 39.028336 39.028336 39.028336 0.999988 0.999988 0.999988
9270 39.028336 39.028336 39.028336 0.999988 0.999988 0.999988
9280 39.028336 39.028336 39.028336 0.999988 0.999988 0.999988
9290 39.028336 39.028336 39.028336 0.999988 0.999988 0.999988
9300 39.028336 39.028336 39.028336 0.999988 0.999988 0.999988
9310 39.028336 39.028336 39.028336 0.999988 0.999988 0.999988
9320 39.028336 39.028336 39.028336 0.999988 0.999988 0.999988
9330 39.028336 39.028336 39.028336 0.999988 0.999988 0.999988
9340 39.028336 39.028336 39.028336 0.999988 0.999988 0.999988
9350 39.028336 39.028336 39.028336 0.999988 0.999988 0.999988
9360 39.028336 39.028336 39.028336 0.999988 0.999988 0.999988
9370 39.028336 39.028336 39.028336 0.999988 0.999988 0.999988
9380 39.028336 39.028336 39.028336 0.999988 0.999988 0.999988
9390 39.028336 39.028336 39.028336 0.999988 0.999988 0.999988
9400 39.028336 39.028336 39.028336 0.999988 0.999988 0.999988
9410 39.028336 39.028336 39.028336 0.999988 0.999988 0.999988
9420 39.028336 39.028336 39.028336 0.999988 0.999988 0.999988
9430 39.028336 39.028336 39.028336 0.999988 0.999988 0.999988
9440 39.028336 39.028336 39.028336 0.999988 0.999988 0.999988
9450 39.028336 39.028336 39.028336 0.999988 0.999988 0.999988
9460 39.028336 39.028336 39.028336 0.999988 0.999988 0.999988
9470 39.028336 39.028336 39.028336 0.999988 0.999988 0.999988
9480 39.028336 39.028336 39.028336 0.999988 0.999988 0.999988
9490 39.028336 39.028336 39.028336 0.999988 0.999988 0.999988
9500 39.028336 39.028336 39.028336 0.999988 0.999988 0.999988
9510 39.028336 39.028336 39.028336 0.999988 0.999988 0.999988
9520 39.028336 39.028336 39.028336 0.999988 0.999988 0.999988
9530 39.028336 39.028336 39.028336 0.999988 0.999988 0.999988
9540 39.028336 39.028336 39.028336 0.999988 0.999988 0.999988
9550 39.028336 39.028336 39.028336 0.999988 0.999988 0.999988
9560 39.028336 39.028336 39.028336 0.999988 0.999988 0.999988
9570 39.028336 39.028336 39.028336 0.999988 0.999988 0.999988
9580 39.028336 39.028336 39.028336 0.999988 0.999988 0.999988
9590 39.028336 39.028336 39.028336 0.999988 0.999988 0.999988
9600 39.028336 39.028336 39.028336 0.999988 0.999988 0.999988
9610 39.028336 39.028336 39.028336 0.999988 0.999988 0.999988
9620 39.028336 39.028336 39.028336 0.999988 0.999988 0.999988
9630 39.028336 39.028336 39.028336 0.999988 0.999988 0.999988
9640 39.028336 39.028336 39.028336 0.999988 0.999988 0.999988
9650 39.028336 39.028336 39.028336 0.999988 0.999988 0.999988
9660 39.028336 39.028336 39.028336 0.999988 0.999988 0.999988
9670 39.028336 39.028336 39.028336 0.999988 0.999988 0.999988
9680 39.028336 39.028336 39.028336 0.999988 0.999988 0.999988
9690 39.028336 39.028336 39.028336 0.999988 0.999988 0.999988
9700 39.028336 39.028336 39.028336 0.999988 0.999988 0.999988
9710 39.028336 39.028336 39.028336 0.999988 0.999988 0.999988
9720 39.028336 39.028336 39.028336 0.999988 0.999988 0.999988
9730 39.028336 39.028336 39.028336 0.999988 0.999988 0.999988
9740 39.028336 39.028336 39.028336 0.999988 0.999988 0.999988
9750 39.028336 39.028336 39.028336 0.999988 0.999988 0.999988
9760 39.028336 39.028336 39.028336 0.999988 0.999988 0.999988
9770 39.028336 39.028336 39.028336 0.999988 0.999988 0.999988
9780 39.028336 39.028336 39.028336 0.999988 0.999988 0.999988
9790 39.028336 39.028336 39.028336 0.999988 0.999988 0.999988
9800 39.028336 39.028336 39.028336 0.999988 0.999988 0.999988
9810 39.028336 39.028336 39.028336 0.999988 0.999988 0.999988
9820 39.028336 39.028336 39.028336 0.999988 0.999988 0.999988
9830 39.028336 39.028336 39.028336 0.999988 0.999988 0.999988
9840 39.028336 39.028336 39.028336 0.999988 0.999988 0.999988
9850 39.028336 39.028336 39.028336 0.999988 0.999988 0.999988
9860 39.028336 39.028336 39.028336 0.999988 0.999988 0.999988
9870 39.028336 39.028336 39.028336 0.999988 0.999988 0.999988
9880 39.028336 39.028336 39.028336 0.999988 0.999988 0.999988
9890 39.028336 39.028336 39.028336 0.999988 0.999988 0.999988
9900 39.028336 39.028336 39.028336 0.999988 0.999988 0.999988
9910 39.028336 39.028336 39.028336 0.999988 0.999988 0.999988
9920 39.028336 39.028336 39.028336 0.999988 0.999988 0.999988
9930 39.028336 39.028336 39.028336 0.999988 0.999988 0.999988
9940 39.028336 39.028336 39.028336 0.999988 0.999988 0.999988
9950 39.028336 39.028336 39.028336 0.999988 0.999988 0.999988
9960 39.028336 39.028336 39.028336 0.999988 0.999988 0.999988
9970 39.028336 39.028336 39.028336 0.999988 0.999988 0.999988
9980 39.028336 39.028336 39.028336 0.999988 0.999988 0.999988
9990 39.028336 39.028336 39.028336 0.999988 0.999988 0.999988
10000 39.028336 39.028336 39.028336 0.999988 0.999988 0.999988
