# generation power_min power_avg power_max util_min util_avg util_max
1 23.385262 27.325628 32.860018 0.345102 0.443037 0.564788
10 23.245807 26.764789 29.949410 0.345102 0.430007 0.516694
20 22.504901 26.362158 28.648193 0.334113 0.422303 0.496323
30 22.504901 26.019206 28.281513 0.334113 0.414776 0.481620
40 22.504901 25.641457 27.709961 0.334113 0.407993 0.469336
50 21.957199 25.250367 27.329816 0.323902 0.399241 0.456837
60 21.653389 24.812594 27.045151 0.323902 0.391397 0.454475
70 21.653389 24.484770 26.645677 0.323902 0.385052 0.448096
80 21.172090 24.100974 26.179663 0.316760 0.376870 0.438999
90 21.172090 23.749560 25.695567 0.316760 0.369823 0.424533
100 21.172090 23.484410 25.074060 0.316760 0.364273 0.418547
110 20.998261 23.198892 24.856480 0.316760 0.358742 0.418547
120 19.811225 22.905510 24.625163 0.300281 0.353795 0.402332
130 19.528875 22.556820 24.150246 0.288982 0.347367 0.397334
140 19.528875 22.283857 23.930517 0.288982 0.342690 0.386560
150 19.528875 21.993763 23.527070 0.288982 0.337200 0.385530
160 19.254079 21.721935 23.266582 0.283700 0.331534 0.383079
170 19.110175 21.388601 22.846501 0.275960 0.324310 0.378392
180 18.312893 21.089378 22.603357 0.258394 0.318239 0.365138
190 18.312893 20.830773 22.390077 0.258394 0.313734 0.365138
200 17.951180 20.536220 22.102116 0.253858 0.308045 0.365138
210 17.951180 20.237325 21.887667 0.253858 0.302741 0.352786
220 17.951180 19.955498 21.532764 0.253858 0.296795 0.339574
230 17.315500 19.674166 21.132010 0.247918 0.291126 0.336586
240 17.076149 19.421802 20.891637 0.240676 0.286291 0.336586
250 16.996053 19.136581 20.582094 0.234410 0.280964 0.336586
260 16.936103 18.891965 20.409400 0.234410 0.276213 0.312546
270 16.936103 18.634938 19.948229 0.234410 0.271533 0.305649
280 16.587306 18.447872 19.541361 0.225364 0.267708 0.297186
290 16.498232 18.236626 19.453506 0.222709 0.263817 0.297186
300 16.498232 18.030375 19.254079 0.220964 0.259784 0.297186
310 16.156637 17.794849 19.055751 0.219907 0.255521 0.297186
320 15.907262 17.555935 18.695564 0.218082 0.250876 0.279477
330 15.557381 17.350322 18.435144 0.212163 0.247204 0.273731
340 14.225767 17.153834 18.097666 0.192028 0.243661 0.273731
350 14.225767 16.940665 17.976583 0.192028 0.239142 0.268593
360 14.225767 16.753053 17.787369 0.192028 0.235583 0.258511
370 14.142113 16.520425 17.649431 0.178708 0.231101 0.258511
380 14.142113 16.311861 17.458064 0.178708 0.227035 0.250589
390 14.142113 16.112290 17.307236 0.178708 0.223006 0.249543
400 14.004713 15.873836 17.076149 0.176769 0.218235 0.248112
410 13.986349 15.660518 16.855468 0.175451 0.213748 0.244061
420 13.740892 15.426541 16.643934 0.171406 0.208528 0.242714
430 13.740892 15.217905 16.498232 0.171406 0.204716 0.235821
440 13.740892 14.981517 16.213577 0.171406 0.199992 0.228323
450 13.668137 14.759703 15.986791 0.167149 0.195443 0.223020
460 13.656977 14.548279 15.745925 0.167149 0.191343 0.220125
470 13.467413 14.358716 15.557381 0.167149 0.187327 0.213510
480 13.467413 14.187041 15.281614 0.167149 0.183728 0.208983
490 13.147950 14.023375 15.099770 0.163105 0.180307 0.199397
500 13.147950 13.902435 14.560003 0.163105 0.177779 0.192028
510 13.147950 13.817505 14.278563 0.159606 0.175894 0.192028
520 13.052418 13.744591 14.145706 0.159606 0.174139 0.192028
530 12.925627 13.672805 14.059209 0.159606 0.172736 0.182741
540 12.925627 13.603971 13.964387 0.155561 0.171397 0.182645
550 12.925627 13.547313 13.851162 0.155561 0.170255 0.182645
560 12.825370 13.481613 13.790996 0.155144 0.169067 0.182645
570 12.649778 13.414827 13.742217 0.152254 0.167552 0.182645
580 12.649778 13.363569 13.668137 0.152254 0.166398 0.177216
590 12.649778 13.318061 13.668137 0.152254 0.166293 0.177216
600 12.649778 13.261952 13.572337 0.152254 0.165339 0.177216
610 12.649778 13.208498 13.510891 0.152254 0.164694 0.177216
620 12.649778 13.154738 13.467413 0.152254 0.163531 0.173004
630 12.577460 13.095874 13.375704 0.150600 0.162307 0.171519
640 12.577460 13.050967 13.354496 0.150600 0.161844 0.171519
650 12.577460 12.993549 13.282548 0.150600 0.160823 0.171519
660 12.577460 12.944392 13.266194 0.150600 0.160025 0.171519
670 12.451078 12.893689 13.147950 0.150314 0.159033 0.166988
680 12.426490 12.849836 13.114657 0.150314 0.158088 0.166988
690 12.426490 12.802710 13.062438 0.150314 0.157187 0.166988
700 12.426490 12.760603 13.015329 0.150314 0.156158 0.166725
710 12.426490 12.721016 12.925627 0.150314 0.155239 0.166725
720 12.367928 12.681401 12.925627 0.150314 0.154580 0.166725
730 12.367928 12.641963 12.880860 0.150314 0.153928 0.166725
740 12.367928 12.604268 12.847190 0.150314 0.153504 0.162680
750 12.328787 12.569611 12.745310 0.150314 0.153130 0.162680
760 12.328787 12.543530 12.712016 0.150600 0.153003 0.162680
770 12.328787 12.521214 12.649778 0.150600 0.153046 0.162680
780 12.328787 12.499002 12.649778 0.150600 0.153115 0.162680
790 12.328787 12.476839 12.635382 0.150600 0.153243 0.162680
800 12.328787 12.455114 12.577460 0.150870 0.153253 0.157084
810 12.328787 12.436363 12.577460 0.150870 0.153470 0.157084
820 12.328787 12.422339 12.529514 0.150870 0.153526 0.157084
830 12.328787 12.409269 12.451078 0.150870 0.153367 0.157084
840 12.328787 12.401764 12.451078 0.150870 0.153433 0.157084
850 12.328787 12.391138 12.447989 0.150870 0.153227 0.157084
860 12.248726 12.379566 12.447989 0.150870 0.152619 0.157084
870 12.248726 12.368403 12.428115 0.150870 0.152571 0.157084
880 12.248726 12.359434 12.426490 0.150870 0.152571 0.157084
890 12.248726 12.348047 12.426490 0.150870 0.152116 0.157084
900 12.248726 12.335563 12.392516 0.150870 0.151678 0.157084
910 12.248726 12.328548 12.367928 0.150870 0.151378 0.157084
920 12.248726 12.321226 12.348054 0.150870 0.151019 0.153281
930 12.248726 12.313695 12.348054 0.150870 0.151019 0.153281
940 12.248726 12.303762 12.348054 0.150870 0.151019 0.153281
950 12.248726 12.295038 12.348054 0.150870 0.151033 0.153281
960 12.248726 12.285105 12.348054 0.150870 0.151033 0.153281
970 12.248726 12.276658 12.328787 0.150870 0.151033 0.153281
980 12.248726 12.268652 12.328787 0.150870 0.151033 0.153281
990 12.248726 12.260646 12.328787 0.150870 0.151033 0.153281
1000 12.248726 12.252803 12.289492 0.150870 0.151009 0.152255
1010 12.248726 12.248726 12.248726 0.150870 0.150870 0.150870
1020 12.248726 12.248726 12.248726 0.150870 0.150870 0.150870
1030 12.248726 12.248726 12.248726 0.150870 0.150870 0.150870
1040 12.248726 12.248726 12.248726 0.150870 0.150870 0.150870
1050 12.248726 12.248726 12.248726 0.150870 0.150870 0.150870
1060 12.248726 12.248726 12.248726 0.150870 0.150870 0.150870
1070 12.248726 12.248726 12.248726 0.150870 0.150870 0.150870
1080 12.248726 12.248726 12.248726 0.150870 0.150870 0.150870
1090 12.248726 12.248726 12.248726 0.150870 0.150870 0.150870
1100 12.248726 12.248726 12.248726 0.150870 0.150870 0.150870
1110 12.248726 12.248726 12.248726 0.150870 0.150870 0.150870
1120 12.248726 12.248726 12.248726 0.150870 0.150870 0.150870
1130 12.248726 12.248726 12.248726 0.150870 0.150870 0.150870
1140 12.248726 12.248726 12.248726 0.150870 0.150870 0.150870
1150 12.248726 12.248726 12.248726 0.150870 0.150870 0.150870
1160 12.248726 12.248726 12.248726 0.150870 0.150870 0.150870
1170 12.248726 12.248726 12.248726 0.150870 0.150870 0.150870
1180 12.248726 12.248726 12.248726 0.150870 0.150870 0.150870
1190 12.248726 12.248726 12.248726 0.150870 0.150870 0.150870
1200 12.248726 12.248726 12.248726 0.150870 0.150870 0.150870
1210 12.248726 12.248726 12.248726 0.150870 0.150870 0.150870
1220 12.248726 12.248726 12.248726 0.150870 0.150870 0.150870
1230 12.248726 12.248726 12.248726 0.150870 0.150870 0.150870
1240 12.248726 12.248726 12.248726 0.150870 0.150870 0.150870
1250 12.248726 12.248726 12.248726 0.150870 0.150870 0.150870
1260 12.248726 12.248726 12.248726 0.150870 0.150870 0.150870
1270 12.248726 12.248726 12.248726 0.150870 0.150870 0.150870
1280 12.248726 12.248726 12.248726 0.150870 0.150870 0.150870
1290 12.248726 12.248726 12.248726 0.150870 0.150870 0.150870
1300 12.248726 12.248726 12.248726 0.150870 0.150870 0.150870
1310 12.248726 12.248726 12.248726 0.150870 0.150870 0.150870
1320 12.248726 12.248726 12.248726 0.150870 0.150870 0.150870
1330 12.248726 12.248726 12.248726 0.150870 0.150870 0.150870
1340 12.248726 12.248726 12.248726 0.150870 0.150870 0.150870
1350 12.248726 12.248726 12.248726 0.150870 0.150870 0.150870
1360 12.248726 12.248726 12.248726 0.150870 0.150870 0.150870
1370 12.248726 12.248726 12.248726 0.150870 0.150870 0.150870
1380 12.248726 12.248726 12.248726 0.150870 0.150870 0.150870
1390 12.248726 12.248726 12.248726 0.150870 0.150870 0.150870
1400 12.248726 12.248726 12.248726 0.150870 0.150870 0.150870
1410 12.248726 12.248726 12.248726 0.150870 0.150870 0.150870
1420 12.248726 12.248726 12.248726 0.150870 0.150870 0.150870
1430 12.248726 12.248726 12.248726 0.150870 0.150870 0.150870
1440 12.248726 12.248726 12.248726 0.150870 0.150870 0.150870
1450 12.248726 12.248726 12.248726 0.150870 0.150870 0.150870
1460 12.248726 12.248726 12.248726 0.150870 0.150870 0.150870
1470 12.248726 12.248726 12.248726 0.150870 0.150870 0.150870
1480 12.248726 12.248726 12.248726 0.150870 0.150870 0.150870
1490 12.248726 12.248726 12.248726 0.150870 0.150870 0.150870
1500 12.248726 12.248726 12.248726 0.150870 0.150870 0.150870
1510 12.248726 12.248726 12.248726 0.150870 0.150870 0.150870
1520 12.248726 12.248726 12.248726 0.150870 0.150870 0.150870
1530 12.248726 12.248726 12.248726 0.150870 0.150870 0.150870
1540 12.248726 12.248726 12.248726 0.150870 0.150870 0.150870
1550 12.248726 12.248726 12.248726 0.150870 0.150870 0.150870
1560 12.248726 12.248726 12.248726 0.150870 0.150870 0.150870
1570 12.248726 12.248726 12.248726 0.150870 0.150870 0.150870
1580 12.248726 12.248726 12.248726 0.150870 0.150870 0.150870
1590 12.248726 12.248726 12.248726 0.150870 0.150870 0.150870
1600 12.248726 12.248726 12.248726 0.150870 0.150870 0.150870
1610 12.248726 12.248726 12.248726 0.150870 0.150870 0.150870
1620 12.248726 12.248726 12.248726 0.150870 0.150870 0.150870
1630 12.248726 12.248726 12.248726 0.150870 0.150870 0.150870
1640 12.248726 12.248726 12.248726 0.150870 0.150870 0.150870
1650 12.248726 12.248726 12.248726 0.150870 0.150870 0.150870
1660 12.248726 12.248726 12.248726 0.150870 0.150870 0.150870
1670 12.248726 12.248726 12.248726 0.150870 0.150870 0.150870
1680 12.248726 12.248726 12.248726 0.150870 0.150870 0.150870
1690 12.248726 12.248726 12.248726 0.150870 0.150870 0.150870
1700 12.248726 12.248726 12.248726 0.150870 0.150870 0.150870
1710 12.248726 12.248726 12.248726 0.150870 0.150870 0.150870
1720 12.248726 12.248726 12.248726 0.150870 0.150870 0.150870
1730 12.248726 12.248726 12.248726 0.150870 0.150870 0.150870
1740 12.248726 12.248726 12.248726 0.150870 0.150870 0.150870
1750 12.248726 12.248726 12.248726 0.150870 0.150870 0.150870
1760 12.248726 12.248726 12.248726 0.150870 0.150870 0.150870
1770 12.248726 12.248726 12.248726 0.150870 0.150870 0.150870
1780 12.248726 12.248726 12.248726 0.150870 0.150870 0.150870
1790 12.248726 12.248726 12.248726 0.150870 0.150870 0.150870
1800 12.248726 12.248726 12.248726 0.150870 0.150870 0.150870
1810 12.248726 12.248726 12.248726 0.150870 0.150870 0.150870
1820 12.248726 12.248726 12.248726 0.150870 0.150870 0.150870
1830 12.248726 12.248726 12.248726 0.150870 0.150870 0.150870
1840 12.248726 12.248726 12.248726 0.150870 0.150870 0.150870
1850 12.248726 12.248726 12.248726 0.150870 0.150870 0.150870
1860 12.248726 12.248726 12.248726 0.150870 0.150870 0.150870
1870 12.248726 12.248726 12.248726 0.150870 0.150870 0.150870
1880 12.248726 12.248726 12.248726 0.150870 0.150870 0.150870
1890 12.248726 12.248726 12.248726 0.150870 0.150870 0.150870
1900 12.248726 12.248726 12.248726 0.150870 0.150870 0.150870
1910 12.248726 12.248726 12.248726 0.150870 0.150870 0.150870
1920 12.248726 12.248726 12.248726 0.150870 0.150870 0.150870
1930 12.248726 12.248726 12.248726 0.150870 0.150870 0.150870
1940 12.248726 12.248726 12.248726 0.150870 0.150870 0.150870
1950 12.248726 12.248726 12.248726 0.150870 0.150870 0.150870
1960 12.248726 12.248726 12.248726 0.150870 0.150870 0.150870
1970 12.248726 12.248726 12.248726 0.150870 0.150870 0.150870
1980 12.248726 12.248726 12.248726 0.150870 0.150870 0.150870
1990 12.248726 12.248726 12.248726 0.150870 0.150870 0.150870
2000 12.248726 12.248726 12.248726 0.150870 0.150870 0.150870
2010 12.248726 12.248726 12.248726 0.150870 0.150870 0.150870
2020 12.248726 12.248726 12.248726 0.150870 0.150870 0.150870
2030 12.248726 12.248726 12.248726 0.150870 0.150870 0.150870
2040 12.248726 12.248726 12.248726 0.150870 0.150870 0.150870
2050 12.248726 12.248726 12.248726 0.150870 0.150870 0.150870
2060 12.248726 12.248726 12.248726 0.150870 0.150870 0.150870
2070 12.248726 12.248726 12.248726 0.150870 0.150870 0.150870
2080 12.248726 12.248726 12.248726 0.150870 0.150870 0.150870
2090 12.248726 12.248726 12.248726 0.150870 0.150870 0.150870
2100 12.248726 12.248726 12.248726 0.150870 0.150870 0.150870
2110 12.248726 12.248726 12.248726 0.150870 0.150870 0.150870
2120 12.248726 12.248726 12.248726 0.150870 0.150870 0.150870
2130 12.248726 12.248726 12.248726 0.150870 0.150870 0.150870
2140 12.248726 12.248726 12.248726 0.150870 0.150870 0.150870
2150 12.248726 12.248726 12.248726 0.150870 0.150870 0.150870
2160 12.248726 12.248726 12.248726 0.150870 0.150870 0.150870
2170 12.248726 12.248726 12.248726 0.150870 0.150870 0.150870
2180 12.248726 12.248726 12.248726 0.150870 0.150870 0.150870
2190 12.248726 12.248726 12.248726 0.150870 0.150870 0.150870
2200 12.248726 12.248726 12.248726 0.150870 0.150870 0.150870
2210 12.248726 12.248726 12.248726 0.150870 0.150870 0.150870
2220 12.248726 12.248726 12.248726 0.150870 0.150870 0.150870
2230 12.248726 12.248726 12.248726 0.150870 0.150870 0.150870
2240 12.248726 12.248726 12.248726 0.150870 0.150870 0.150870
2250 12.248726 12.248726 12.248726 0.150870 0.150870 0.150870
2260 12.248726 12.248726 12.248726 0.150870 0.150870 0.150870
2270 12.248726 12.248726 12.248726 0.150870 0.150870 0.150870
2280 12.248726 12.248726 12.248726 0.150870 0.150870 0.150870
2290 12.248726 12.248726 12.248726 0.150870 0.150870 0.150870
2300 12.248726 12.248726 12.248726 0.150870 0.150870 0.150870
2310 12.248726 12.248726 12.248726 0.150870 0.150870 0.150870
2320 12.248726 12.248726 12.248726 0.150870 0.150870 0.150870
2330 12.248726 12.248726 12.248726 0.150870 0.150870 0.150870
2340 12.248726 12.248726 12.248726 0.150870 0.150870 0.150870
2350 12.248726 12.248726 12.248726 0.150870 0.150870 0.150870
2360 12.248726 12.248726 12.248726 0.150870 0.150870 0.150870
2370 12.248726 12.248726 12.248726 0.150870 0.150870 0.150870
2380 12.248726 12.248726 12.248726 0.150870 0.150870 0.150870
2390 12.248726 12.248726 12.248726 0.150870 0.150870 0.150870
2400 12.248726 12.248726 12.248726 0.150870 0.150870 0.150870
2410 12.248726 12.248726 12.248726 0.150870 0.150870 0.150870
2420 12.248726 12.248726 12.248726 0.150870 0.150870 0.150870
2430 12.248726 12.248726 12.248726 0.150870 0.150870 0.150870
2440 12.248726 12.248726 12.248726 0.150870 0.150870 0.150870
2450 12.248726 12.248726 12.248726 0.150870 0.150870 0.150870
2460 12.248726 12.248726 12.248726 0.150870 0.150870 0.150870
2470 12.248726 12.248726 12.248726 0.150870 0.150870 0.150870
2480 12.248726 12.248726 12.248726 0.150870 0.150870 0.150870
2490 12.248726 12.248726 12.248726 0.150870 0.150870 0.150870
2500 12.248726 12.248726 12.248726 0.150870 0.150870 0.150870
2510 12.248726 12.248726 12.248726 0.150870 0.150870 0.150870
2520 12.248726 12.248726 12.248726 0.150870 0.150870 0.150870
2530 12.248726 12.248726 12.248726 0.150870 0.150870 0.150870
2540 12.248726 12.248726 12.248726 0.150870 0.150870 0.150870
2550 12.248726 12.248726 12.248726 0.150870 0.150870 0.150870
2560 12.248726 12.248726 12.248726 0.150870 0.150870 0.150870
2570 12.248726 12.248726 12.248726 0.150870 0.150870 0.150870
2580 12.248726 12.248726 12.248726 0.150870 0.150870 0.150870
2590 12.248726 12.248726 12.248726 0.150870 0.150870 0.150870
2600 12.248726 12.248726 12.248726 0.150870 0.150870 0.150870
2610 12.248726 12.248726 12.248726 0.150870 0.150870 0.150870
2620 12.248726 12.248726 12.248726 0.150870 0.150870 0.150870
2630 12.248726 12.248726 12.248726 0.150870 0.150870 0.150870
2640 12.248726 12.248726 12.248726 0.150870 0.150870 0.150870
2650 12.248726 12.248726 12.248726 0.150870 0.150870 0.150870
2660 12.248726 12.248726 12.248726 0.150870 0.150870 0.150870
2670 12.248726 12.248726 12.248726 0.150870 0.150870 0.150870
2680 12.248726 12.248726 12.248726 0.150870 0.150870 0.150870
2690 12.248726 12.248726 12.248726 0.150870 0.150870 0.150870
2700 12.248726 12.248726 12.248726 0.150870 0.150870 0.150870
2710 12.248726 12.248726 12.248726 0.150870 0.150870 0.150870
2720 12.248726 12.248726 12.248726 0.150870 0.150870 0.150870
2730 12.248726 12.248726 12.248726 0.150870 0.150870 0.150870
2740 12.248726 12.248726 12.248726 0.150870 0.150870 0.150870
2750 12.248726 12.248726 12.248726 0.150870 0.150870 0.150870
2760 12.248726 12.248726 12.248726 0.150870 0.150870 0.150870
2770 12.248726 12.248726 12.248726 0.150870 0.150870 0.150870
2780 12.248726 12.248726 12.248726 0.150870 0.150870 0.150870
2790 12.248726 12.248726 12.248726 0.150870 0.150870 0.150870
2800 12.248726 12.248726 12.248726 0.150870 0.150870 0.150870
2810 12.248726 12.248726 12.248726 0.150870 0.150870 0.150870
2820 12.248726 12.248726 12.248726 0.150870 0.150870 0.150870
2830 12.248726 12.248726 12.248726 0.150870 0.150870 0.150870
2840 12.248726 12.248726 12.248726 0.150870 0.150870 0.150870
2850 12.248726 12.248726 12.248726 0.150870 0.150870 0.150870
2860 12.248726 12.248726 12.248726 0.150870 0.150870 0.150870
2870 12.248726 12.248726 12.248726 0.150870 0.150870 0.150870
2880 12.248726 12.248726 12.248726 0.150870 0.150870 0.150870
2890 12.248726 12.248726 12.248726 0.150870 0.150870 0.150870
2900 12.248726 12.248726 12.248726 0.150870 0.150870 0.150870
2910 12.248726 12.248726 12.248726 0.150870 0.150870 0.150870
2920 12.248726 12.248726 12.248726 0.150870 0.150870 0.150870
2930 12.248726 12.248726 12.248726 0.150870 0.150870 0.150870
2940 12.248726 12.248726 12.248726 0.150870 0.150870 0.150870
2950 12.248726 12.248726 12.248726 0.150870 0.150870 0.150870
2960 12.248726 12.248726 12.248726 0.150870 0.150870 0.150870
2970 12.248726 12.248726 12.248726 0.150870 0.150870 0.150870
2980 12.248726 12.248726 12.248726 0.150870 0.150870 0.150870
2990 12.248726 12.248726 12.248726 0.150870 0.150870 0.150870
3000 12.248726 12.248726 12.248726 0.150870 0.150870 0.150870
3010 12.248726 12.248726 12.248726 0.150870 0.150870 0.150870
3020 12.248726 12.248726 12.248726 0.150870 0.150870 0.150870
3030 12.248726 12.248726 12.248726 0.150870 0.150870 0.150870
3040 12.248726 12.248726 12.248726 0.150870 0.150870 0.150870
3050 12.248726 12.248726 12.248726 0.150870 0.150870 0.150870
3060 12.248726 12.248726 12.248726 0.150870 0.150870 0.150870
3070 12.248726 12.248726 12.248726 0.150870 0.150870 0.150870
3080 12.248726 12.248726 12.248726 0.150870 0.150870 0.150870
3090 12.248726 12.248726 12.248726 0.150870 0.150870 0.150870
3100 12.248726 12.248726 12.248726 0.150870 0.150870 0.150870
3110 12.248726 12.248726 12.248726 0.150870 0.150870 0.150870
3120 12.248726 12.248726 12.248726 0.150870 0.150870 0.150870
3130 12.248726 12.248726 12.248726 0.150870 0.150870 0.150870
3140 12.248726 12.248726 12.248726 0.150870 0.150870 0.150870
3150 12.248726 12.248726 12.248726 0.150870 0.150870 0.150870
3160 12.248726 12.248726 12.248726 0.150870 0.150870 0.150870
3170 12.248726 12.248726 12.248726 0.150870 0.150870 0.150870
3180 12.248726 12.248726 12.248726 0.150870 0.150870 0.150870
3190 12.248726 12.248726 12.248726 0.150870 0.150870 0.150870
3200 12.248726 12.248726 12.248726 0.150870 0.150870 0.150870
3210 12.248726 12.248726 12.248726 0.150870 0.150870 0.150870
3220 12.248726 12.248726 12.248726 0.150870 0.150870 0.150870
3230 12.248726 12.248726 12.248726 0.150870 0.150870 0.150870
3240 12.248726 12.248726 12.248726 0.150870 0.150870 0.150870
3250 12.248726 12.248726 12.248726 0.150870 0.150870 0.150870
3260 12.248726 12.248726 12.248726 0.150870 0.150870 0.150870
3270 12.248726 12.248726 12.248726 0.150870 0.150870 0.150870
3280 12.248726 12.248726 12.248726 0.150870 0.150870 0.150870
3290 12.248726 12.248726 12.248726 0.150870 0.150870 0.150870
3300 12.248726 12.248726 12.248726 0.150870 0.150870 0.150870
3310 12.248726 12.248726 12.248726 0.150870 0.150870 0.150870
3320 12.248726 12.248726 12.248726 0.150870 0.150870 0.150870
3330 12.248726 12.248726 12.248726 0.150870 0.150870 0.150870
3340 12.248726 12.248726 12.248726 0.150870 0.150870 0.150870
3350 12.248726 12.248726 12.248726 0.150870 0.150870 0.150870
3360 12.248726 12.248726 12.248726 0.150870 0.150870 0.150870
3370 12.248726 12.248726 12.248726 0.150870 0.150870 0.150870
3380 12.248726 12.248726 12.248726 0.150870 0.150870 0.150870
3390 12.248726 12.248726 12.248726 0.150870 0.150870 0.150870
3400 12.248726 12.248726 12.248726 0.150870 0.150870 0.150870
3410 12.248726 12.248726 12.248726 0.150870 0.150870 0.150870
3420 12.248726 12.248726 12.248726 0.150870 0.150870 0.150870
3430 12.248726 12.248726 12.248726 0.150870 0.150870 0.150870
3440 12.248726 12.248726 12.248726 0.150870 0.150870 0.150870
3450 12.248726 12.248726 12.248726 0.150870 0.150870 0.150870
3460 12.248726 12.248726 12.248726 0.150870 0.150870 0.150870
3470 12.248726 12.248726 12.248726 0.150870 0.150870 0.150870
3480 12.248726 12.248726 12.248726 0.150870 0.150870 0.150870
3490 12.248726 12.248726 12.248726 0.150870 0.150870 0.150870
3500 12.248726 12.248726 12.248726 0.150870 0.150870 0.150870
3510 12.248726 12.248726 12.248726 0.150870 0.150870 0.150870
3520 12.248726 12.248726 12.248726 0.150870 0.150870 0.150870
3530 12.248726 12.248726 12.248726 0.150870 0.150870 0.150870
3540 12.248726 12.248726 12.248726 0.150870 0.150870 0.150870
3550 12.248726 12.248726 12.248726 0.150870 0.150870 0.150870
3560 12.248726 12.248726 12.248726 0.150870 0.150870 0.150870
3570 12.248726 12.248726 12.248726 0.150870 0.150870 0.150870
3580 12.248726 12.248726 12.248726 0.150870 0.150870 0.150870
3590 12.248726 12.248726 12.248726 0.150870 0.150870 0.150870
3600 12.248726 12.248726 12.248726 0.150870 0.150870 0.150870
3610 12.248726 12.248726 12.248726 0.150870 0.150870 0.150870
3620 12.248726 12.248726 12.248726 0.150870 0.150870 0.150870
3630 12.248726 12.248726 12.248726 0.150870 0.150870 0.150870
3640 12.248726 12.248726 12.248726 0.150870 0.150870 0.150870
3650 12.248726 12.248726 12.248726 0.150870 0.150870 0.150870
3660 12.248726 12.248726 12.248726 0.150870 0.150870 0.150870
3670 12.248726 12.248726 12.248726 0.150870 0.150870 0.150870
3680 12.248726 12.248726 12.248726 0.150870 0.150870 0.150870
3690 12.248726 12.248726 12.248726 0.150870 0.150870 0.150870
3700 12.248726 12.248726 12.248726 0.150870 0.150870 0.150870
3710 12.248726 12.248726 12.248726 0.150870 0.150870 0.150870
3720 12.248726 12.248726 12.248726 0.150870 0.150870 0.150870
3730 12.248726 12.248726 12.248726 0.150870 0.150870 0.150870
3740 12.248726 12.248726 12.248726 0.150870 0.150870 0.150870
3750 12.248726 12.248726 12.248726 0.150870 0.150870 0.150870
3760 12.248726 12.248726 12.248726 0.150870 0.150870 0.150870
3770 12.248726 12.248726 12.248726 0.150870 0.150870 0.150870
3780 12.248726 12.248726 12.248726 0.150870 0.150870 0.150870
3790 12.248726 12.248726 12.248726 0.150870 0.150870 0.150870
3800 12.248726 12.248726 12.248726 0.150870 0.150870 0.150870
3810 12.248726 12.248726 12.248726 0.150870 0.150870 0.150870
3820 12.248726 12.248726 12.248726 0.150870 0.150870 0.150870
3830 12.248726 12.248726 12.248726 0.150870 0.150870 0.150870
3840 12.248726 12.248726 12.248726 0.150870 0.150870 0.150870
3850 12.248726 12.248726 12.248726 0.150870 0.150870 0.150870
3860 12.248726 12.248726 12.248726 0.150870 0.150870 0.150870
3870 12.248726 12.248726 12.248726 0.150870 0.150870 0.150870
3880 12.248726 12.248726 12.248726 0.150870 0.150870 0.150870
3890 12.248726 12.248726 12.248726 0.150870 0.150870 0.150870
3900 12.248726 12.248726 12.248726 0.150870 0.150870 0.150870
3910 12.248726 12.248726 12.248726 0.150870 0.150870 0.150870
3920 12.248726 12.248726 12.248726 0.150870 0.150870 0.150870
3930 12.248726 12.248726 12.248726 0.150870 0.150870 0.150870
3940 12.248726 12.248726 12.248726 0.150870 0.150870 0.150870
3950 12.248726 12.248726 12.248726 0.150870 0.150870 0.150870
3960 12.248726 12.248726 12.248726 0.150870 0.150870 0.150870
3970 12.248726 12.248726 12.248726 0.150870 0.150870 0.150870
3980 12.248726 12.248726 12.248726 0.150870 0.150870 0.150870
3990 12.248726 12.248726 12.248726 0.150870 0.150870 0.150870
4000 12.248726 12.248726 12.248726 0.150870 0.150870 0.150870
4010 12.248726 12.248726 12.248726 0.150870 0.150870 0.150870
4020 12.248726 12.248726 12.248726 0.150870 0.150870 0.150870
4030 12.248726 12.248726 12.248726 0.150870 0.150870 0.150870
4040 12.248726 12.248726 12.248726 0.150870 0.150870 0.150870
4050 12.248726 12.248726 12.248726 0.150870 0.150870 0.150870
4060 12.248726 12.248726 12.248726 0.150870 0.150870 0.150870
4070 12.248726 12.248726 12.248726 0.150870 0.150870 0.150870
4080 12.248726 12.248726 12.248726 0.150870 0.150870 0.150870
4090 12.248726 12.248726 12.248726 0.150870 0.150870 0.150870
4100 12.248726 12.248726 12.248726 0.150870 0.150870 0.150870
4110 12.248726 12.248726 12.248726 0.150870 0.150870 0.150870
4120 12.248726 12.248726 12.248726 0.150870 0.150870 0.150870
4130 12.248726 12.248726 12.248726 0.150870 0.150870 0.150870
4140 12.248726 12.248726 12.248726 0.150870 0.150870 0.150870
4150 12.248726 12.248726 12.248726 0.150870 0.150870 0.150870
4160 12.248726 12.248726 12.248726 0.150870 0.150870 0.150870
4170 12.248726 12.248726 12.248726 0.150870 0.150870 0.150870
4180 12.248726 12.248726 12.248726 0.150870 0.150870 0.150870
4190 12.248726 12.248726 12.248726 0.150870 0.150870 0.150870
4200 12.248726 12.248726 12.248726 0.150870 0.150870 0.150870
4210 12.248726 12.248726 12.248726 0.150870 0.150870 0.150870
4220 12.248726 12.248726 12.248726 0.150870 0.150870 0.150870
4230 12.248726 12.248726 12.248726 0.150870 0.150870 0.150870
4240 12.248726 12.248726 12.248726 0.150870 0.150870 0.150870
4250 12.248726 12.248726 12.248726 0.150870 0.150870 0.150870
4260 12.248726 12.248726 12.248726 0.150870 0.150870 0.150870
4270 12.248726 12.248726 12.248726 0.150870 0.150870 0.150870
4280 12.248726 12.248726 12.248726 0.150870 0.150870 0.150870
4290 12.248726 12.248726 12.248726 0.150870 0.150870 0.150870
4300 12.248726 12.248726 12.248726 0.150870 0.150870 0.150870
4310 12.248726 12.248726 12.248726 0.150870 0.150870 0.150870
4320 12.248726 12.248726 12.248726 0.150870 0.150870 0.150870
4330 12.248726 12.248726 12.248726 0.150870 0.150870 0.150870
4340 12.248726 12.248726 12.248726 0.150870 0.150870 0.150870
4350 12.248726 12.248726 12.248726 0.150870 0.150870 0.150870
4360 12.248726 12.248726 12.248726 0.150870 0.150870 0.150870
4370 12.248726 12.248726 12.248726 0.150870 0.150870 0.150870
4380 12.248726 12.248726 12.248726 0.150870 0.150870 0.150870
4390 12.248726 12.248726 12.248726 0.150870 0.150870 0.150870
4400 12.248726 12.248726 12.248726 0.150870 0.150870 0.150870
4410 12.248726 12.248726 12.248726 0.150870 0.150870 0.150870
4420 12.248726 12.248726 12.248726 0.150870 0.150870 0.150870
4430 12.248726 12.248726 12.248726 0.150870 0.150870 0.150870
4440 12.248726 12.248726 12.248726 0.150870 0.150870 0.150870
4450 12.248726 12.248726 12.248726 0.150870 0.150870 0.150870
4460 12.248726 12.248726 12.248726 0.150870 0.150870 0.150870
4470 12.248726 12.248726 12.248726 0.150870 0.150870 0.150870
4480 12.248726 12.248726 12.248726 0.150870 0.150870 0.150870
4490 12.248726 12.248726 12.248726 0.150870 0.150870 0.150870
4500 12.248726 12.248726 12.248726 0.150870 0.150870 0.150870
4510 12.248726 12.248726 12.248726 0.150870 0.150870 0.150870
4520 12.248726 12.248726 12.248726 0.150870 0.150870 0.150870
4530 12.248726 12.248726 12.248726 0.150870 0.150870 0.150870
4540 12.248726 12.248726 12.248726 0.150870 0.150870 0.150870
4550 12.248726 12.248726 12.248726 0.150870 0.150870 0.150870
4560 12.248726 12.248726 12.248726 0.150870 0.150870 0.150870
4570 12.248726 12.248726 12.248726 0.150870 0.150870 0.150870
4580 12.248726 12.248726 12.248726 0.150870 0.150870 0.150870
4590 12.248726 12.248726 12.248726 0.150870 0.150870 0.150870
4600 12.248726 12.248726 12.248726 0.150870 0.150870 0.150870
4610 12.248726 12.248726 12.248726 0.150870 0.150870 0.150870
4620 12.248726 12.248726 12.248726 0.150870 0.150870 0.150870
4630 12.248726 12.248726 12.248726 0.150870 0.150870 0.150870
4640 12.248726 12.248726 12.248726 0.150870 0.150870 0.150870
4650 12.248726 12.248726 12.248726 0.150870 0.150870 0.150870
4660 12.248726 12.248726 12.248726 0.150870 0.150870 0.150870
4670 12.248726 12.248726 12.248726 0.150870 0.150870 0.150870
4680 12.248726 12.248726 12.248726 0.150870 0.150870 0.150870
4690 12.248726 12.248726 12.248726 0.150870 0.150870 0.150870
4700 12.248726 12.248726 12.248726 0.150870 0.150870 0.150870
4710 12.248726 12.248726 12.248726 0.150870 0.150870 0.150870
4720 12.248726 12.248726 12.248726 0.150870 0.150870 0.150870
4730 12.248726 12.248726 12.248726 0.150870 0.150870 0.150870
4740 12.248726 12.248726 12.248726 0.150870 0.150870 0.150870
4750 12.248726 12.248726 12.248726 0.150870 0.150870 0.150870
4760 12.248726 12.248726 12.248726 0.150870 0.150870 0.150870
4770 12.248726 12.248726 12.248726 0.150870 0.150870 0.150870
4780 12.248726 12.248726 12.248726 0.150870 0.150870 0.150870
4790 12.248726 12.248726 12.248726 0.150870 0.150870 0.150870
4800 12.248726 12.248726 12.248726 0.150870 0.150870 0.150870
4810 12.248726 12.248726 12.248726 0.150870 0.150870 0.150870
4820 12.248726 12.248726 12.248726 0.150870 0.150870 0.150870
4830 12.248726 12.248726 12.248726 0.150870 0.150870 0.150870
4840 12.248726 12.248726 12.248726 0.150870 0.150870 0.150870
4850 12.248726 12.248726 12.248726 0.150870 0.150870 0.150870
4860 12.248726 12.248726 12.248726 0.150870 0.150870 0.150870
4870 12.248726 12.248726 12.248726 0.150870 0.150870 0.150870
4880 12.248726 12.248726 12.248726 0.150870 0.150870 0.150870
4890 12.248726 12.248726 12.248726 0.150870 0.150870 0.150870
4900 12.248726 12.248726 12.248726 0.150870 0.150870 0.150870
4910 12.248726 12.248726 12.248726 0.150870 0.150870 0.150870
4920 12.248726 12.248726 12.248726 0.150870 0.150870 0.150870
4930 12.248726 12.248726 12.248726 0.150870 0.150870 0.150870
4940 12.248726 12.248726 12.248726 0.150870 0.150870 0.150870
4950 12.248726 12.248726 12.248726 0.150870 0.150870 0.150870
4960 12.248726 12.248726 12.248726 0.150870 0.150870 0.150870
4970 12.248726 12.248726 12.248726 0.150870 0.150870 0.150870
4980 12.248726 12.248726 12.248726 0.150870 0.150870 0.150870
4990 12.248726 12.248726 12.248726 0.150870 0.150870 0.150870
5000 12.248726 12.248726 12.248726 0.150870 0.150870 0.150870
5010 12.248726 12.248726 12.248726 0.150870 0.150870 0.150870
5020 12.248726 12.248726 12.248726 0.150870 0.150870 0.150870
5030 12.248726 12.248726 12.248726 0.150870 0.150870 0.150870
5040 12.248726 12.248726 12.248726 0.150870 0.150870 0.150870
5050 12.248726 12.248726 12.248726 0.150870 0.150870 0.150870
5060 12.248726 12.248726 12.248726 0.150870 0.150870 0.150870
5070 12.248726 12.248726 12.248726 0.150870 0.150870 0.150870
5080 12.248726 12.248726 12.248726 0.150870 0.150870 0.150870
5090 12.248726 12.248726 12.248726 0.150870 0.150870 0.150870
5100 12.248726 12.248726 12.248726 0.150870 0.150870 0.150870
5110 12.248726 12.248726 12.248726 0.150870 0.150870 0.150870
5120 12.248726 12.248726 12.248726 0.150870 0.150870 0.150870
5130 12.248726 12.248726 12.248726 0.150870 0.150870 0.150870
5140 12.248726 12.248726 12.248726 0.150870 0.150870 0.150870
5150 12.248726 12.248726 12.248726 0.150870 0.150870 0.150870
5160 12.248726 12.248726 12.248726 0.150870 0.150870 0.150870
5170 12.248726 12.248726 12.248726 0.150870 0.150870 0.150870
5180 12.248726 12.248726 12.248726 0.150870 0.150870 0.150870
5190 12.248726 12.248726 12.248726 0.150870 0.150870 0.150870
5200 12.248726 12.248726 12.248726 0.150870 0.150870 0.150870
5210 12.248726 12.248726 12.248726 0.150870 0.150870 0.150870
5220 12.248726 12.248726 12.248726 0.150870 0.150870 0.150870
5230 12.248726 12.248726 12.248726 0.150870 0.150870 0.150870
5240 12.248726 12.248726 12.248726 0.150870 0.150870 0.150870
5250 12.248726 12.248726 12.248726 0.150870 0.150870 0.150870
5260 12.248726 12.248726 12.248726 0.150870 0.150870 0.150870
5270 12.248726 12.248726 12.248726 0.150870 0.150870 0.150870
5280 12.248726 12.248726 12.248726 0.150870 0.150870 0.150870
5290 12.248726 12.248726 12.248726 0.150870 0.150870 0.150870
5300 12.248726 12.248726 12.248726 0.150870 0.150870 0.150870
5310 12.248726 12.248726 12.248726 0.150870 0.150870 0.150870
5320 12.248726 12.248726 12.248726 0.150870 0.150870 0.150870
5330 12.248726 12.248726 12.248726 0.150870 0.150870 0.150870
5340 12.248726 12.248726 12.248726 0.150870 0.150870 0.150870
5350 12.248726 12.248726 12.248726 0.150870 0.150870 0.150870
5360 12.248726 12.248726 12.248726 0.150870 0.150870 0.150870
5370 12.248726 12.248726 12.248726 0.150870 0.150870 0.150870
5380 12.248726 12.248726 12.248726 0.150870 0.150870 0.150870
5390 12.248726 12.248726 12.248726 0.150870 0.150870 0.150870
5400 12.248726 12.248726 12.248726 0.150870 0.150870 0.150870
5410 12.248726 12.248726 12.248726 0.150870 0.150870 0.150870
5420 12.248726 12.248726 12.248726 0.150870 0.150870 0.150870
5430 12.248726 12.248726 12.248726 0.150870 0.150870 0.150870
5440 12.248726 12.248726 12.248726 0.150870 0.150870 0.150870
5450 12.248726 12.248726 12.248726 0.150870 0.150870 0.150870
5460 12.248726 12.248726 12.248726 0.150870 0.150870 0.150870
5470 12.248726 12.248726 12.248726 0.150870 0.150870 0.150870
5480 12.248726 12.248726 12.248726 0.150870 0.150870 0.150870
5490 12.248726 12.248726 12.248726 0.150870 0.150870 0.150870
5500 12.248726 12.248726 12.248726 0.150870 0.150870 0.150870
5510 12.248726 12.248726 12.248726 0.150870 0.150870 0.150870
5520 12.248726 12.248726 12.248726 0.150870 0.150870 0.150870
5530 12.248726 12.248726 12.248726 0.150870 0.150870 0.150870
5540 12.248726 12.248726 12.248726 0.150870 0.150870 0.150870
5550 12.248726 12.248726 12.248726 0.150870 0.150870 0.150870
5560 12.248726 12.248726 12.248726 0.150870 0.150870 0.150870
5570 12.248726 12.248726 12.248726 0.150870 0.150870 0.150870
5580 12.248726 12.248726 12.248726 0.150870 0.150870 0.150870
5590 12.248726 12.248726 12.248726 0.150870 0.150870 0.150870
5600 12.248726 12.248726 12.248726 0.150870 0.150870 0.150870
5610 12.248726 12.248726 12.248726 0.150870 0.150870 0.150870
5620 12.248726 12.248726 12.248726 0.150870 0.150870 0.150870
5630 12.248726 12.248726 12.248726 0.150870 0.150870 0.150870
5640 12.248726 12.248726 12.248726 0.150870 0.150870 0.150870
5650 12.248726 12.248726 12.248726 0.150870 0.150870 0.150870
5660 12.248726 12.248726 12.248726 0.150870 0.150870 0.150870
5670 12.248726 12.248726 12.248726 0.150870 0.150870 0.150870
5680 12.248726 12.248726 12.248726 0.150870 0.150870 0.150870
5690 12.248726 12.248726 12.248726 0.150870 0.150870 0.150870
5700 12.248726 12.248726 12.248726 0.150870 0.150870 0.150870
5710 12.248726 12.248726 12.248726 0.150870 0.150870 0.150870
5720 12.248726 12.248726 12.248726 0.150870 0.150870 0.150870
5730 12.248726 12.248726 12.248726 0.150870 0.150870 0.150870
5740 12.248726 12.248726 12.248726 0.150870 0.150870 0.150870
5750 12.248726 12.248726 12.248726 0.150870 0.150870 0.150870
5760 12.248726 12.248726 12.248726 0.150870 0.150870 0.150870
5770 12.248726 12.248726 12.248726 0.150870 0.150870 0.150870
5780 12.248726 12.248726 12.248726 0.150870 0.150870 0.150870
5790 12.248726 12.248726 12.248726 0.150870 0.150870 0.150870
5800 12.248726 12.248726 12.248726 0.150870 0.150870 0.150870
5810 12.248726 12.248726 12.248726 0.150870 0.150870 0.150870
5820 12.248726 12.248726 12.248726 0.150870 0.150870 0.150870
5830 12.248726 12.248726 12.248726 0.150870 0.150870 0.150870
5840 12.248726 12.248726 12.248726 0.150870 0.150870 0.150870
5850 12.248726 12.248726 12.248726 0.150870 0.150870 0.150870
5860 12.248726 12.248726 12.248726 0.150870 0.150870 0.150870
5870 12.248726 12.248726 12.248726 0.150870 0.150870 0.150870
5880 12.248726 12.248726 12.248726 0.150870 0.150870 0.150870
5890 12.248726 12.248726 12.248726 0.150870 0.150870 0.150870
5900 12.248726 12.248726 12.248726 0.150870 0.150870 0.150870
5910 12.248726 12.248726 12.248726 0.150870 0.150870 0.150870
5920 12.248726 12.248726 12.248726 0.150870 0.150870 0.150870
5930 12.248726 12.248726 12.248726 0.150870 0.150870 0.150870
5940 12.248726 12.248726 12.248726 0.150870 0.150870 0.150870
5950 12.248726 12.248726 12.248726 0.150870 0.150870 0.150870
5960 12.248726 12.248726 12.248726 0.150870 0.150870 0.150870
5970 12.248726 12.248726 12.248726 0.150870 0.150870 0.150870
5980 12.248726 12.248726 12.248726 0.150870 0.150870 0.150870
5990 12.248726 12.248726 12.248726 0.150870 0.150870 0.150870
6000 12.248726 12.248726 12.248726 0.150870 0.150870 0.150870
6010 12.248726 12.248726 12.248726 0.150870 0.150870 0.150870
6020 12.248726 12.248726 12.248726 0.150870 0.150870 0.150870
6030 12.248726 12.248726 12.248726 0.150870 0.150870 0.150870
6040 12.248726 12.248726 12.248726 0.150870 0.150870 0.150870
6050 12.248726 12.248726 12.248726 0.150870 0.150870 0.150870
6060 12.248726 12.248726 12.248726 0.150870 0.150870 0.150870
6070 12.248726 12.248726 12.248726 0.150870 0.150870 0.150870
6080 12.248726 12.248726 12.248726 0.150870 0.150870 0.150870
6090 12.248726 12.248726 12.248726 0.150870 0.150870 0.150870
6100 12.248726 12.248726 12.248726 0.150870 0.150870 0.150870
6110 12.248726 12.248726 12.248726 0.150870 0.150870 0.150870
6120 12.248726 12.248726 12.248726 0.150870 0.150870 0.150870
6130 12.248726 12.248726 12.248726 0.150870 0.150870 0.150870
6140 12.248726 12.248726 12.248726 0.150870 0.150870 0.150870
6150 12.248726 12.248726 12.248726 0.150870 0.150870 0.150870
6160 12.248726 12.248726 12.248726 0.150870 0.150870 0.150870
6170 12.248726 12.248726 12.248726 0.150870 0.150870 0.150870
6180 12.248726 12.248726 12.248726 0.150870 0.150870 0.150870
6190 12.248726 12.248726 12.248726 0.150870 0.150870 0.150870
6200 12.248726 12.248726 12.248726 0.150870 0.150870 0.150870
6210 12.248726 12.248726 12.248726 0.150870 0.150870 0.150870
6220 12.248726 12.248726 12.248726 0.150870 0.150870 0.150870
6230 12.248726 12.248726 12.248726 0.150870 0.150870 0.150870
6240 12.248726 12.248726 12.248726 0.150870 0.150870 0.150870
6250 12.248726 12.248726 12.248726 0.150870 0.150870 0.150870
6260 12.248726 12.248726 12.248726 0.150870 0.150870 0.150870
6270 12.248726 12.248726 12.248726 0.150870 0.150870 0.150870
6280 12.248726 12.248726 12.248726 0.150870 0.150870 0.150870
6290 12.248726 12.248726 12.248726 0.150870 0.150870 0.150870
6300 12.248726 12.248726 12.248726 0.150870 0.150870 0.150870
6310 12.248726 12.248726 12.248726 0.150870 0.150870 0.150870
6320 12.248726 12.248726 12.248726 0.150870 0.150870 0.150870
6330 12.248726 12.248726 12.248726 0.150870 0.150870 0.150870
6340 12.248726 12.248726 12.248726 0.150870 0.150870 0.150870
6350 12.248726 12.248726 12.248726 0.150870 0.150870 0.150870
6360 12.248726 12.248726 12.248726 0.150870 0.150870 0.150870
6370 12.248726 12.248726 12.248726 0.150870 0.150870 0.150870
6380 12.248726 12.248726 12.248726 0.150870 0.150870 0.150870
6390 12.248726 12.248726 12.248726 0.150870 0.150870 0.150870
6400 12.248726 12.248726 12.248726 0.150870 0.150870 0.150870
6410 12.248726 12.248726 12.248726 0.150870 0.150870 0.150870
6420 12.248726 12.248726 12.248726 0.150870 0.150870 0.150870
6430 12.248726 12.248726 12.248726 0.150870 0.150870 0.150870
6440 12.248726 12.248726 12.248726 0.150870 0.150870 0.150870
6450 12.248726 12.248726 12.248726 0.150870 0.150870 0.150870
6460 12.248726 12.248726 12.248726 0.150870 0.150870 0.150870
6470 12.248726 12.248726 12.248726 0.150870 0.150870 0.150870
6480 12.248726 12.248726 12.248726 0.150870 0.150870 0.150870
6490 12.248726 12.248726 12.248726 0.150870 0.150870 0.150870
6500 12.248726 12.248726 12.248726 0.150870 0.150870 0.150870
6510 12.248726 12.248726 12.248726 0.150870 0.150870 0.150870
6520 12.248726 12.248726 12.248726 0.150870 0.150870 0.150870
6530 12.248726 12.248726 12.248726 0.150870 0.150870 0.150870
6540 12.248726 12.248726 12.248726 0.150870 0.150870 0.150870
6550 12.248726 12.248726 12.248726 0.150870 0.150870 0.150870
6560 12.248726 12.248726 12.248726 0.150870 0.150870 0.150870
6570 12.248726 12.248726 12.248726 0.150870 0.150870 0.150870
6580 12.248726 12.248726 12.248726 0.150870 0.150870 0.150870
6590 12.248726 12.248726 12.248726 0.150870 0.150870 0.150870
6600 12.248726 12.248726 12.248726 0.150870 0.150870 0.150870
6610 12.248726 12.248726 12.248726 0.150870 0.150870 0.150870
6620 12.248726 12.248726 12.248726 0.150870 0.150870 0.150870
6630 12.248726 12.248726 12.248726 0.150870 0.150870 0.150870
6640 12.248726 12.248726 12.248726 0.150870 0.150870 0.150870
6650 12.248726 12.248726 12.248726 0.150870 0.150870 0.150870
6660 12.248726 12.248726 12.248726 0.150870 0.150870 0.150870
6670 12.248726 12.248726 12.248726 0.150870 0.150870 0.150870
6680 12.248726 12.248726 12.248726 0.150870 0.150870 0.150870
6690 12.248726 12.248726 12.248726 0.150870 0.150870 0.150870
6700 12.248726 12.248726 12.248726 0.150870 0.150870 0.150870
6710 12.248726 12.248726 12.248726 0.150870 0.150870 0.150870
6720 12.248726 12.248726 12.248726 0.150870 0.150870 0.150870
6730 12.248726 12.248726 12.248726 0.150870 0.150870 0.150870
6740 12.248726 12.248726 12.248726 0.150870 0.150870 0.150870
6750 12.248726 12.248726 12.248726 0.150870 0.150870 0.150870
6760 12.248726 12.248726 12.248726 0.150870 0.150870 0.150870
6770 12.248726 12.248726 12.248726 0.150870 0.150870 0.150870
6780 12.248726 12.248726 12.248726 0.150870 0.150870 0.150870
6790 12.248726 12.248726 12.248726 0.150870 0.150870 0.150870
6800 12.248726 12.248726 12.248726 0.150870 0.150870 0.150870
6810 12.248726 12.248726 12.248726 0.150870 0.150870 0.150870
6820 12.248726 12.248726 12.248726 0.150870 0.150870 0.150870
6830 12.248726 12.248726 12.248726 0.150870 0.150870 0.150870
6840 12.248726 12.248726 12.248726 0.150870 0.150870 0.150870
6850 12.248726 12.248726 12.248726 0.150870 0.150870 0.150870
6860 12.248726 12.248726 12.248726 0.150870 0.150870 0.150870
6870 12.248726 12.248726 12.248726 0.150870 0.150870 0.150870
6880 12.248726 12.248726 12.248726 0.150870 0.150870 0.150870
6890 12.248726 12.248726 12.248726 0.150870 0.150870 0.150870
6900 12.248726 12.248726 12.248726 0.150870 0.150870 0.150870
6910 12.248726 12.248726 12.248726 0.150870 0.150870 0.150870
6920 12.248726 12.248726 12.248726 0.150870 0.150870 0.150870
6930 12.248726 12.248726 12.248726 0.150870 0.150870 0.150870
6940 12.248726 12.248726 12.248726 0.150870 0.150870 0.150870
6950 12.248726 12.248726 12.248726 0.150870 0.150870 0.150870
6960 12.248726 12.248726 12.248726 0.150870 0.150870 0.150870
6970 12.248726 12.248726 12.248726 0.150870 0.150870 0.150870
6980 12.248726 12.248726 12.248726 0.150870 0.150870 0.150870
6990 12.248726 12.248726 12.248726 0.150870 0.150870 0.150870
7000 12.248726 12.248726 12.248726 0.150870 0.150870 0.150870
7010 12.248726 12.248726 12.248726 0.150870 0.150870 0.150870
7020 12.248726 12.248726 12.248726 0.150870 0.150870 0.150870
7030 12.248726 12.248726 12.248726 0.150870 0.150870 0.150870
7040 12.248726 12.248726 12.248726 0.150870 0.150870 0.150870
7050 12.248726 12.248726 12.248726 0.150870 0.150870 0.150870
7060 12.248726 12.248726 12.248726 0.150870 0.150870 0.150870
7070 12.248726 12.248726 12.248726 0.150870 0.150870 0.150870
7080 12.248726 12.248726 12.248726 0.150870 0.150870 0.150870
7090 12.248726 12.248726 12.248726 0.150870 0.150870 0.150870
7100 12.248726 12.248726 12.248726 0.150870 0.150870 0.150870
7110 12.248726 12.248726 12.248726 0.150870 0.150870 0.150870
7120 12.248726 12.248726 12.248726 0.150870 0.150870 0.150870
7130 12.248726 12.248726 12.248726 0.150870 0.150870 0.150870
7140 12.248726 12.248726 12.248726 0.150870 0.150870 0.150870
7150 12.248726 12.248726 12.248726 0.150870 0.150870 0.150870
7160 12.248726 12.248726 12.248726 0.150870 0.150870 0.150870
7170 12.248726 12.248726 12.248726 0.150870 0.150870 0.150870
7180 12.248726 12.248726 12.248726 0.150870 0.150870 0.150870
7190 12.248726 12.248726 12.248726 0.150870 0.150870 0.150870
7200 12.248726 12.248726 12.248726 0.150870 0.150870 0.150870
7210 12.248726 12.248726 12.248726 0.150870 0.150870 0.150870
7220 12.248726 12.248726 12.248726 0.150870 0.150870 0.150870
7230 12.248726 12.248726 12.248726 0.150870 0.150870 0.150870
7240 12.248726 12.248726 12.248726 0.150870 0.150870 0.150870
7250 12.248726 12.248726 12.248726 0.150870 0.150870 0.150870
7260 12.248726 12.248726 12.248726 0.150870 0.150870 0.150870
7270 12.248726 12.248726 12.248726 0.150870 0.150870 0.150870
7280 12.248726 12.248726 12.248726 0.150870 0.150870 0.150870
7290 12.248726 12.248726 12.248726 0.150870 0.150870 0.150870
7300 12.248726 12.248726 12.248726 0.150870 0.150870 0.150870
7310 12.248726 12.248726 12.248726 0.150870 0.150870 0.150870
7320 12.248726 12.248726 12.248726 0.150870 0.150870 0.150870
7330 12.248726 12.248726 12.248726 0.150870 0.150870 0.150870
7340 12.248726 12.248726 12.248726 0.150870 0.150870 0.150870
7350 12.248726 12.248726 12.248726 0.150870 0.150870 0.150870
7360 12.248726 12.248726 12.248726 0.150870 0.150870 0.150870
7370 12.248726 12.248726 12.248726 0.150870 0.150870 0.150870
7380 12.248726 12.248726 12.248726 0.150870 0.150870 0.150870
7390 12.248726 12.248726 12.248726 0.150870 0.150870 0.150870
7400 12.248726 12.248726 12.248726 0.150870 0.150870 0.150870
7410 12.248726 12.248726 12.248726 0.150870 0.150870 0.150870
7420 12.248726 12.248726 12.248726 0.150870 0.150870 0.150870
7430 12.248726 12.248726 12.248726 0.150870 0.150870 0.150870
7440 12.248726 12.248726 12.248726 0.150870 0.150870 0.150870
7450 12.248726 12.248726 12.248726 0.150870 0.150870 0.150870
7460 12.248726 12.248726 12.248726 0.150870 0.150870 0.150870
7470 12.248726 12.248726 12.248726 0.150870 0.150870 0.150870
7480 12.248726 12.248726 12.248726 0.150870 0.150870 0.150870
7490 12.248726 12.248726 12.248726 0.150870 0.150870 0.150870
7500 12.248726 12.248726 12.248726 0.150870 0.150870 0.150870
7510 12.248726 12.248726 12.248726 0.150870 0.150870 0.150870
7520 12.248726 12.248726 12.248726 0.150870 0.150870 0.150870
7530 12.248726 12.248726 12.248726 0.150870 0.150870 0.150870
7540 12.248726 12.248726 12.248726 0.150870 0.150870 0.150870
7550 12.248726 12.248726 12.248726 0.150870 0.150870 0.150870
7560 12.248726 12.248726 12.248726 0.150870 0.150870 0.150870
7570 12.248726 12.248726 12.248726 0.150870 0.150870 0.150870
7580 12.248726 12.248726 12.248726 0.150870 0.150870 0.150870
7590 12.248726 12.248726 12.248726 0.150870 0.150870 0.150870
7600 12.248726 12.248726 12.248726 0.150870 0.150870 0.150870
7610 12.248726 12.248726 12.248726 0.150870 0.150870 0.150870
7620 12.248726 12.248726 12.248726 0.150870 0.150870 0.150870
7630 12.248726 12.248726 12.248726 0.150870 0.150870 0.150870
7640 12.248726 12.248726 12.248726 0.150870 0.150870 0.150870
7650 12.248726 12.248726 12.248726 0.150870 0.150870 0.150870
7660 12.248726 12.248726 12.248726 0.150870 0.150870 0.150870
7670 12.248726 12.248726 12.248726 0.150870 0.150870 0.150870
7680 12.248726 12.248726 12.248726 0.150870 0.150870 0.150870
7690 12.248726 12.248726 12.248726 0.150870 0.150870 0.150870
7700 12.248726 12.248726 12.248726 0.150870 0.150870 0.150870
7710 12.248726 12.248726 12.248726 0.150870 0.150870 0.150870
7720 12.248726 12.248726 12.248726 0.150870 0.150870 0.150870
7730 12.248726 12.248726 12.248726 0.150870 0.150870 0.150870
7740 12.248726 12.248726 12.248726 0.150870 0.150870 0.150870
7750 12.248726 12.248726 12.248726 0.150870 0.150870 0.150870
7760 12.248726 12.248726 12.248726 0.150870 0.150870 0.150870
7770 12.248726 12.248726 12.248726 0.150870 0.150870 0.150870
7780 12.248726 12.248726 12.248726 0.150870 0.150870 0.150870
7790 12.248726 12.248726 12.248726 0.150870 0.150870 0.150870
7800 12.248726 12.248726 12.248726 0.150870 0.150870 0.150870
7810 12.248726 12.248726 12.248726 0.150870 0.150870 0.150870
7820 12.248726 12.248726 12.248726 0.150870 0.150870 0.150870
7830 12.248726 12.248726 12.248726 0.150870 0.150870 0.150870
7840 12.248726 12.248726 12.248726 0.150870 0.150870 0.150870
7850 12.248726 12.248726 12.248726 0.150870 0.150870 0.150870
7860 12.248726 12.248726 12.248726 0.150870 0.150870 0.150870
7870 12.248726 12.248726 12.248726 0.150870 0.150870 0.150870
7880 12.248726 12.248726 12.248726 0.150870 0.150870 0.150870
7890 12.248726 12.248726 12.248726 0.150870 0.150870 0.150870
7900 12.248726 12.248726 12.248726 0.150870 0.150870 0.150870
7910 12.248726 12.248726 12.248726 0.150870 0.150870 0.150870
7920 12.248726 12.248726 12.248726 0.150870 0.150870 0.150870
7930 12.248726 12.248726 12.248726 0.150870 0.150870 0.150870
7940 12.248726 12.248726 12.248726 0.150870 0.150870 0.150870
7950 12.248726 12.248726 12.248726 0.150870 0.150870 0.150870
7960 12.248726 12.248726 12.248726 0.150870 0.150870 0.150870
7970 12.248726 12.248726 12.248726 0.150870 0.150870 0.150870
7980 12.248726 12.248726 12.248726 0.150870 0.150870 0.150870
7990 12.248726 12.248726 12.248726 0.150870 0.150870 0.150870
8000 12.248726 12.248726 12.248726 0.150870 0.150870 0.150870
8010 12.248726 12.248726 12.248726 0.150870 0.150870 0.150870
8020 12.248726 12.248726 12.248726 0.150870 0.150870 0.150870
8030 12.248726 12.248726 12.248726 0.150870 0.150870 0.150870
8040 12.248726 12.248726 12.248726 0.150870 0.150870 0.150870
8050 12.248726 12.248726 12.248726 0.150870 0.150870 0.150870
8060 12.248726 12.248726 12.248726 0.150870 0.150870 0.150870
8070 12.248726 12.248726 12.248726 0.150870 0.150870 0.150870
8080 12.248726 12.248726 12.248726 0.150870 0.150870 0.150870
8090 12.248726 12.248726 12.248726 0.150870 0.150870 0.150870
8100 12.248726 12.248726 12.248726 0.150870 0.150870 0.150870
8110 12.248726 12.248726 12.248726 0.150870 0.150870 0.150870
8120 12.248726 12.248726 12.248726 0.150870 0.150870 0.150870
8130 12.248726 12.248726 12.248726 0.150870 0.150870 0.150870
8140 12.248726 12.248726 12.248726 0.150870 0.150870 0.150870
8150 12.248726 12.248726 12.248726 0.150870 0.150870 0.150870
8160 12.248726 12.248726 12.248726 0.150870 0.150870 0.150870
8170 12.248726 12.248726 12.248726 0.150870 0.150870 0.150870
8180 12.248726 12.248726 12.248726 0.150870 0.150870 0.150870
8190 12.248726 12.248726 12.248726 0.150870 0.150870 0.150870
8200 12.248726 12.248726 12.248726 0.150870 0.150870 0.150870
8210 12.248726 12.248726 12.248726 0.150870 0.150870 0.150870
8220 12.248726 12.248726 12.248726 0.150870 0.150870 0.150870
8230 12.248726 12.248726 12.248726 0.150870 0.150870 0.150870
8240 12.248726 12.248726 12.248726 0.150870 0.150870 0.150870
8250 12.248726 12.248726 12.248726 0.150870 0.150870 0.150870
8260 12.248726 12.248726 12.248726 0.150870 0.150870 0.150870
8270 12.248726 12.248726 12.248726 0.150870 0.150870 0.150870
8280 12.248726 12.248726 12.248726 0.150870 0.150870 0.150870
8290 12.248726 12.248726 12.248726 0.150870 0.150870 0.150870
8300 12.248726 12.248726 12.248726 0.150870 0.150870 0.150870
8310 12.248726 12.248726 12.248726 0.150870 0.150870 0.150870
8320 12.248726 12.248726 12.248726 0.150870 0.150870 0.150870
8330 12.248726 12.248726 12.248726 0.150870 0.150870 0.150870
8340 12.248726 12.248726 12.248726 0.150870 0.150870 0.150870
8350 12.248726 12.248726 12.248726 0.150870 0.150870 0.150870
8360 12.248726 12.248726 12.248726 0.150870 0.150870 0.150870
8370 12.248726 12.248726 12.248726 0.150870 0.150870 0.150870
8380 12.248726 12.248726 12.248726 0.150870 0.150870 0.150870
8390 12.248726 12.248726 12.248726 0.150870 0.150870 0.150870
8400 12.248726 12.248726 12.248726 0.150870 0.150870 0.150870
8410 12.248726 12.248726 12.248726 0.150870 0.150870 0.150870
8420 12.248726 12.248726 12.248726 0.150870 0.150870 0.150870
8430 12.248726 12.248726 12.248726 0.150870 0.150870 0.150870
8440 12.248726 12.248726 12.248726 0.150870 0.150870 0.150870
8450 12.248726 12.248726 12.248726 0.150870 0.150870 0.150870
8460 12.248726 12.248726 12.248726 0.150870 0.150870 0.150870
8470 12.248726 12.248726 12.248726 0.150870 0.150870 0.150870
8480 12.248726 12.248726 12.248726 0.150870 0.150870 0.150870
8490 12.248726 12.248726 12.248726 0.150870 0.150870 0.150870
8500 12.248726 12.248726 12.248726 0.150870 0.150870 0.150870
8510 12.248726 12.248726 12.248726 0.150870 0.150870 0.150870
8520 12.248726 12.248726 12.248726 0.150870 0.150870 0.150870
8530 12.248726 12.248726 12.248726 0.150870 0.150870 0.150870
8540 12.248726 12.248726 12.248726 0.150870 0.150870 0.150870
8550 12.248726 12.248726 12.248726 0.150870 0.150870 0.150870
8560 12.248726 12.248726 12.248726 0.150870 0.150870 0.150870
8570 12.248726 12.248726 12.248726 0.150870 0.150870 0.150870
8580 12.248726 12.248726 12.248726 0.150870 0.150870 0.150870
8590 12.248726 12.248726 12.248726 0.150870 0.150870 0.150870
8600 12.248726 12.248726 12.248726 0.150870 0.150870 0.150870
8610 12.248726 12.248726 12.248726 0.150870 0.150870 0.150870
8620 12.248726 12.248726 12.248726 0.150870 0.150870 0.150870
8630 12.248726 12.248726 12.248726 0.150870 0.150870 0.150870
8640 12.248726 12.248726 12.248726 0.150870 0.150870 0.150870
8650 12.248726 12.248726 12.248726 0.150870 0.150870 0.150870
8660 12.248726 12.248726 12.248726 0.150870 0.150870 0.150870
8670 12.248726 12.248726 12.248726 0.150870 0.150870 0.150870
8680 12.248726 12.248726 12.248726 0.150870 0.150870 0.150870
8690 12.248726 12.248726 12.248726 0.150870 0.150870 0.150870
8700 12.248726 12.248726 12.248726 0.150870 0.150870 0.150870
8710 12.248726 12.248726 12.248726 0.150870 0.150870 0.150870
8720 12.248726 12.248726 12.248726 0.150870 0.150870 0.150870
8730 12.248726 12.248726 12.248726 0.150870 0.150870 0.150870
8740 12.248726 12.248726 12.248726 0.150870 0.150870 0.150870
8750 12.248726 12.248726 12.248726 0.150870 0.150870 0.150870
8760 12.248726 12.248726 12.248726 0.150870 0.150870 0.150870
8770 12.248726 12.248726 12.248726 0.150870 0.150870 0.150870
8780 12.248726 12.248726 12.248726 0.150870 0.150870 0.150870
8790 12.248726 12.248726 12.248726 0.150870 0.150870 0.150870
8800 12.248726 12.248726 12.248726 0.150870 0.150870 0.150870
8810 12.248726 12.248726 12.248726 0.150870 0.150870 0.150870
8820 12.248726 12.248726 12.248726 0.150870 0.150870 0.150870
8830 12.248726 12.248726 12.248726 0.150870 0.150870 0.150870
8840 12.248726 12.248726 12.248726 0.150870 0.150870 0.150870
8850 12.248726 12.248726 12.248726 0.150870 0.150870 0.150870
8860 12.248726 12.248726 12.248726 0.150870 0.150870 0.150870
8870 12.248726 12.248726 12.248726 0.150870 0.150870 0.150870
8880 12.248726 12.248726 12.248726 0.150870 0.150870 0.150870
8890 12.248726 12.248726 12.248726 0.150870 0.150870 0.150870
8900 12.248726 12.248726 12.248726 0.150870 0.150870 0.150870
8910 12.248726 12.248726 12.248726 0.150870 0.150870 0.150870
8920 12.248726 12.248726 12.248726 0.150870 0.150870 0.150870
8930 12.248726 12.248726 12.248726 0.150870 0.150870 0.150870
8940 12.248726 12.248726 12.248726 0.150870 0.150870 0.150870
8950 12.248726 12.248726 12.248726 0.150870 0.150870 0.150870
8960 12.248726 12.248726 12.248726 0.150870 0.150870 0.150870
8970 12.248726 12.248726 12.248726 0.150870 0.150870 0.150870
8980 12.248726 12.248726 12.248726 0.150870 0.150870 0.150870
8990 12.248726 12.248726 12.248726 0.150870 0.150870 0.150870
9000 12.248726 12.248726 12.248726 0.150870 0.150870 0.150870
9010 12.248726 12.248726 12.248726 0.150870 0.150870 0.150870
9020 12.248726 12.248726 12.248726 0.150870 0.150870 0.150870
9030 12.248726 12.248726 12.248726 0.150870 0.150870 0.150870
9040 12.248726 12.248726 12.248726 0.150870 0.150870 0.150870
9050 12.248726 12.248726 12.248726 0.150870 0.150870 0.150870
9060 12.248726 12.248726 12.248726 0.150870 0.150870 0.150870
9070 12.248726 12.248726 12.248726 0.150870 0.150870 0.150870
9080 12.248726 12.248726 12.248726 0.150870 0.150870 0.150870
9090 12.248726 12.248726 12.248726 0.150870 0.150870 0.150870
9100 12.248726 12.248726 12.248726 0.150870 0.150870 0.150870
9110 12.248726 12.248726 12.248726 0.150870 0.150870 0.150870
9120 12.248726 12.248726 12.248726 0.150870 0.150870 0.150870
9130 12.248726 12.248726 12.248726 0.150870 0.150870 0.150870
9140 12.248726 12.248726 12.248726 0.150870 0.150870 0.150870
9150 12.248726 12.248726 12.248726 0.150870 0.150870 0.150870
9160 12.248726 12.248726 12.248726 0.150870 0.150870 0.150870
9170 12.248726 12.248726 12.248726 0.150870 0.150870 0.150870
9180 12.248726 12.248726 12.248726 0.150870 0.150870 0.150870
9190 12.248726 12.248726 12.248726 0.150870 0.150870 0.150870
9200 12.248726 12.248726 12.248726 0.150870 0.150870 0.150870
9210 12.248726 12.248726 12.248726 0.150870 0.150870 0.150870
9220 12.248726 12.248726 12.248726 0.150870 0.150870 0.150870
9230 12.248726 12.248726 12.248726 0.150870 0.150870 0.150870
9240 12.248726 12.248726 12.248726 0.150870 0.150870 0.150870
9250 12.248726 12.248726 12.248726 0.150870 0.150870 0.150870
9260 12.248726 12.248726 12.248726 0.150870 0.150870 0.150870
9270 12.248726 12.248726 12.248726 0.150870 0.150870 0.150870
9280 12.248726 12.248726 12.248726 0.150870 0.150870 0.150870
9290 12.248726 12.248726 12.248726 0.150870 0.150870 0.150870
9300 12.248726 12.248726 12.248726 0.150870 0.150870 0.150870
9310 12.248726 12.248726 12.248726 0.150870 0.150870 0.150870
9320 12.248726 12.248726 12.248726 0.150870 0.150870 0.150870
9330 12.248726 12.248726 12.248726 0.150870 0.150870 0.150870
9340 12.248726 12.248726 12.248726 0.150870 0.150870 0.150870
9350 12.248726 12.248726 12.248726 0.150870 0.150870 0.150870
9360 12.248726 12.248726 12.248726 0.150870 0.150870 0.150870
9370 12.248726 12.248726 12.248726 0.150870 0.150870 0.150870
9380 12.248726 12.248726 12.248726 0.150870 0.150870 0.150870
9390 12.248726 12.248726 12.248726 0.150870 0.150870 0.150870
9400 12.248726 12.248726 12.248726 0.150870 0.150870 0.150870
9410 12.248726 12.248726 12.248726 0.150870 0.150870 0.150870
9420 12.248726 12.248726 12.248726 0.150870 0.150870 0.150870
9430 12.248726 12.248726 12.248726 0.150870 0.150870 0.150870
9440 12.248726 12.248726 12.248726 0.150870 0.150870 0.150870
9450 12.248726 12.248726 12.248726 0.150870 0.150870 0.150870
9460 12.248726 12.248726 12.248726 0.150870 0.150870 0.150870
9470 12.248726 12.248726 12.248726 0.150870 0.150870 0.150870
9480 12.248726 12.248726 12.248726 0.150870 0.150870 0.150870
9490 12.248726 12.248726 12.248726 0.150870 0.150870 0.150870
9500 12.248726 12.248726 12.248726 0.150870 0.150870 0.150870
9510 12.248726 12.248726 12.248726 0.150870 0.150870 0.150870
9520 12.248726 12.248726 12.248726 0.150870 0.150870 0.150870
9530 12.248726 12.248726 12.248726 0.150870 0.150870 0.150870
9540 12.248726 12.248726 12.248726 0.150870 0.150870 0.150870
9550 12.248726 12.248726 12.248726 0.150870 0.150870 0.150870
9560 12.248726 12.248726 12.248726 0.150870 0.150870 0.150870
9570 12.248726 12.248726 12.248726 0.150870 0.150870 0.150870
9580 12.248726 12.248726 12.248726 0.150870 0.150870 0.150870
9590 12.248726 12.248726 12.248726 0.150870 0.150870 0.150870
9600 12.248726 12.248726 12.248726 0.150870 0.150870 0.150870
9610 12.248726 12.248726 12.248726 0.150870 0.150870 0.150870
9620 12.248726 12.248726 12.248726 0.150870 0.150870 0.150870
9630 12.248726 12.248726 12.248726 0.150870 0.150870 0.150870
9640 12.248726 12.248726 12.248726 0.150870 0.150870 0.150870
9650 12.248726 12.248726 12.248726 0.150870 0.150870 0.150870
9660 12.248726 12.248726 12.248726 0.150870 0.150870 0.150870
9670 12.248726 12.248726 12.248726 0.150870 0.150870 0.150870
9680 12.248726 12.248726 12.248726 0.150870 0.150870 0.150870
9690 12.248726 12.248726 12.248726 0.150870 0.150870 0.150870
9700 12.248726 12.248726 12.248726 0.150870 0.150870 0.150870
9710 12.248726 12.248726 12.248726 0.150870 0.150870 0.150870
9720 12.248726 12.248726 12.248726 0.150870 0.150870 0.150870
9730 12.248726 12.248726 12.248726 0.150870 0.150870 0.150870
9740 12.248726 12.248726 12.248726 0.150870 0.150870 0.150870
9750 12.248726 12.248726 12.248726 0.150870 0.150870 0.150870
9760 12.248726 12.248726 12.248726 0.150870 0.150870 0.150870
9770 12.248726 12.248726 12.248726 0.150870 0.150870 0.150870
9780 12.248726 12.248726 12.248726 0.150870 0.150870 0.150870
9790 12.248726 12.248726 12.248726 0.150870 0.150870 0.150870
9800 12.248726 12.248726 12.248726 0.150870 0.150870 0.150870
9810 12.248726 12.248726 12.248726 0.150870 0.150870 0.150870
9820 12.248726 12.248726 12.248726 0.150870 0.150870 0.150870
9830 12.248726 12.248726 12.248726 0.150870 0.150870 0.150870
9840 12.248726 12.248726 12.248726 0.150870 0.150870 0.150870
9850 12.248726 12.248726 12.248726 0.150870 0.150870 0.150870
9860 12.248726 12.248726 12.248726 0.150870 0.150870 0.150870
9870 12.248726 12.248726 12.248726 0.150870 0.150870 0.150870
9880 12.248726 12.248726 12.248726 0.150870 0.150870 0.150870
9890 12.248726 12.248726 12.248726 0.150870 0.150870 0.150870
9900 12.248726 12.248726 12.248726 0.150870 0.150870 0.150870
9910 12.248726 12.248726 12.248726 0.150870 0.150870 0.150870
9920 12.248726 12.248726 12.248726 0.150870 0.150870 0.150870
9930 12.248726 12.248726 12.248726 0.150870 0.150870 0.150870
9940 12.248726 12.248726 12.248726 0.150870 0.150870 0.150870
9950 12.248726 12.248726 12.248726 0.150870 0.150870 0.150870
9960 12.248726 12.248726 12.248726 0.150870 0.150870 0.150870
9970 12.248726 12.248726 12.248726 0.150870 0.150870 0.150870
9980 12.248726 12.248726 12.248726 0.150870 0.150870 0.150870
9990 12.248726 12.248726 12.248726 0.150870 0.150870 0.150870
10000 12.461830 12.461830 12.461830 0.155581 0.155581 0.155581
