# generation power_min power_avg power_max util_min util_avg util_max
1 41.320326 41.320326 41.320326 1.211147 1.469795 1.499478
10 40.693990 40.693990 40.693990 1.125918 1.454494 1.499337
20 41.013336 20.464214 41.013336 0.858551 1.427643 1.499337
30 41.013336 22.847914 41.013336 0.850475 1.398269 1.499337
40 41.013336 22.410681 41.013336 0.850475 1.364616 1.499337
50 41.013336 22.810081 41.013336 0.814359 1.325546 1.499337
60 41.013336 21.208706 41.013336 0.814359 1.284321 1.499337
70 41.013336 20.741476 41.013336 0.780859 1.235638 1.499337
80 35.790196 20.247638 35.790196 0.780859 1.190952 1.499337
90 30.541652 19.982400 30.541652 0.780859 1.156920 1.497108
100 27.278201 19.591991 27.278201 0.780859 1.114990 1.492491
110 27.278201 19.332214 27.278201 0.735273 1.067992 1.446182
120 26.301751 19.164743 26.301751 0.735273 1.039317 1.427230
130 25.206477 18.652531 25.206477 0.735273 1.008564 1.366786
140 22.840743 18.146589 22.840743 0.735273 0.980829 1.312569
150 15.096356 17.914028 22.148707 0.735273 0.956598 1.250499
160 15.096356 17.631844 20.464214 0.735273 0.945118 1.250499
170 14.589146 17.330417 19.725182 0.735273 0.938191 1.097250
180 14.318014 16.837172 18.957745 0.735273 0.938802 1.091130
190 13.495498 16.480058 18.551558 0.735273 0.941766 1.091130
200 13.495498 16.181486 18.138407 0.758112 0.941876 1.081520
210 13.495498 15.874410 17.770091 0.758112 0.944921 1.081520
220 12.496341 15.544542 17.527722 0.758112 0.946357 1.081520
230 12.338656 15.247498 17.218319 0.773430 0.949851 1.060167
240 12.338656 15.000909 16.488090 0.806863 0.950861 1.050171
250 16.150250 14.772386 16.150250 0.806863 0.950660 1.027010
260 15.957432 14.486287 15.957432 0.806863 0.951674 1.027288
270 15.645547 14.227603 15.645547 0.806863 0.950982 1.027288
280 15.459434 13.927293 15.459434 0.806863 0.950593 1.027288
290 15.143992 13.668093 15.143992 0.806863 0.949544 1.027288
300 12.057000 13.444673 14.783876 0.806863 0.952186 1.027288
310 11.954505 13.221136 14.484273 0.806863 0.950479 1.027288
320 11.636223 12.979849 14.331063 0.806863 0.949949 1.027288
330 11.461544 12.814296 14.068014 0.806863 0.947975 1.020946
340 11.461544 12.640625 13.801079 0.806863 0.947276 1.020946
350 11.434087 12.457861 13.583568 0.806863 0.946638 1.014528
360 11.375510 12.310286 13.155250 0.887912 0.945897 1.014528
370 11.375510 12.193634 12.928783 0.887912 0.945894 1.014528
380 12.683828 12.108307 12.683828 0.887912 0.949405 1.014528
390 12.479336 12.019403 12.479336 0.836300 0.950037 1.014528
400 12.338656 11.924965 12.338656 0.836300 0.955610 1.014528
410 12.317943 11.841706 12.317943 0.836300 0.957160 1.015776
420 10.806706 11.720063 12.226449 0.836300 0.960889 1.025336
430 10.806706 11.612568 12.100058 0.836300 0.961583 1.025336
440 10.806706 11.525480 12.068357 0.836300 0.962953 1.025336
450 10.670559 11.415114 12.026473 0.836300 0.962596 1.025336
460 10.670559 11.314318 11.899149 0.836300 0.959714 1.025336
470 10.670559 11.247323 11.832154 0.836300 0.959523 1.025336
480 10.670559 11.174548 11.609676 0.836300 0.957863 1.025336
490 10.627215 11.096280 11.461544 0.836300 0.961353 1.025336
500 10.627215 11.024218 11.390295 0.836300 0.962187 1.025336
510 10.577916 10.975133 11.299911 0.842435 0.963327 1.015776
520 10.577916 10.942729 11.265427 0.844024 0.961935 1.013538
530 10.577916 10.897726 11.191246 0.844024 0.962122 1.013538
540 10.577916 10.848534 11.137188 0.852349 0.961957 1.013538
550 10.337897 10.800196 11.076376 0.852349 0.961065 1.013538
560 10.337897 10.757031 10.991081 0.863058 0.959792 1.005170
570 10.337897 10.712312 10.957961 0.863058 0.957627 1.005170
580 10.900059 10.669409 10.900059 0.863058 0.956716 1.005414
590 10.841524 10.625094 10.841524 0.863058 0.955765 1.005414
600 10.210101 10.585221 10.816142 0.863058 0.953694 1.005414
610 10.210101 10.539389 10.744740 0.863058 0.950503 1.005414
620 10.713693 10.503319 10.713693 0.863058 0.950037 1.013822
630 10.679999 10.464025 10.679999 0.870782 0.949630 1.013822
640 10.654913 10.421303 10.654913 0.870782 0.949142 1.013822
650 10.608011 10.381367 10.608011 0.870782 0.947549 1.013822
660 10.542728 10.348593 10.542728 0.913252 0.949773 1.013822
670 10.483411 10.328360 10.483411 0.913252 0.948872 1.013822
680 10.438687 10.294720 10.438687 0.913252 0.948224 1.013822
690 10.409230 10.274811 10.409230 0.913252 0.946364 1.013822
700 10.379370 10.246978 10.379370 0.913252 0.946315 1.013822
710 10.379370 10.218018 10.379370 0.904808 0.946949 1.013822
720 9.778437 10.176213 10.337897 0.904808 0.947928 1.013822
730 9.778437 10.135457 10.331950 0.904808 0.947632 1.013822
740 9.772018 10.104432 10.274750 0.904808 0.948635 1.013822
750 9.768840 10.062329 10.274750 0.904808 0.952806 1.013822
760 9.768840 10.027317 10.256702 0.904808 0.956740 1.013822
770 9.768840 9.985874 10.210101 0.904808 0.960029 1.013822
780 9.551957 9.945141 10.192053 0.904808 0.962359 1.013822
790 9.551957 9.901812 10.127564 0.904808 0.964816 0.991968
800 9.548779 9.863691 10.076568 0.904808 0.965023 0.991968
810 9.548779 9.829545 10.048270 0.917817 0.964578 0.991968
820 9.548779 9.787348 9.990041 0.926064 0.967211 0.990659
830 9.522824 9.755691 9.967364 0.934507 0.968585 0.990659
840 9.522824 9.729177 9.907503 0.957100 0.969371 0.980833
850 9.522824 9.705527 9.844696 0.959286 0.970087 0.980833
860 9.522824 9.684506 9.778437 0.965984 0.970359 0.980833
870 9.522824 9.663805 9.778437 0.965984 0.970340 0.980833
880 9.522824 9.643071 9.778437 0.965984 0.970321 0.980833
890 9.522824 9.620137 9.778437 0.965984 0.970155 0.980833
900 9.522824 9.597696 9.772018 0.965984 0.969318 0.980833
910 9.522824 9.575658 9.768840 0.965984 0.967843 0.980833
920 9.522824 9.553652 9.768840 0.965984 0.966368 0.980833
930 9.522824 9.548996 9.551957 0.965984 0.966080 0.967729
940 9.522824 9.548159 9.551957 0.965984 0.966123 0.967729
950 9.522824 9.548001 9.548779 0.966078 0.966127 0.967729
960 9.522824 9.547741 9.548779 0.966078 0.966144 0.967729
970 9.522824 9.547481 9.548779 0.966078 0.966160 0.967729
980 9.522824 9.547481 9.548779 0.966078 0.966160 0.967729
990 9.519646 9.546931 9.548779 0.966078 0.966194 0.967823
1000 9.519646 9.546671 9.548779 0.966078 0.966211 0.967823
1010 9.519646 9.545633 9.548779 0.966078 0.966277 0.967823
1020 9.519646 9.544531 9.548779 0.966078 0.966345 0.967823
1030 9.519646 9.543138 9.548779 0.966078 0.966430 0.967823
1040 9.519646 9.541681 9.548779 0.966078 0.966517 0.967823
1050 9.519646 9.539573 9.548779 0.966078 0.966650 0.967823
1060 9.519646 9.537078 9.548779 0.966078 0.966804 0.967823
1070 9.519646 9.534324 9.548779 0.966078 0.966974 0.967823
1080 9.519646 9.531538 9.548779 0.966078 0.967144 0.967823
1090 9.519646 9.528688 9.548779 0.966078 0.967317 0.967823
1100 9.519646 9.525775 9.548779 0.966078 0.967491 0.967823
1110 9.519646 9.522893 9.548779 0.966078 0.967665 0.967823
1120 9.519646 9.520759 9.522824 0.967729 0.967790 0.967823
1130 9.519646 9.520441 9.522824 0.967729 0.967799 0.967823
1140 9.519646 9.520123 9.522824 0.967729 0.967809 0.967823
1150 9.519646 9.519805 9.522824 0.967729 0.967818 0.967823
1160 9.519646 9.519646 9.519646 0.967823 0.967823 0.967823
1170 9.519646 9.519646 9.519646 0.967823 0.967823 0.967823
1180 9.519646 9.519646 9.519646 0.967823 0.967823 0.967823
1190 9.519646 9.519646 9.519646 0.967823 0.967823 0.967823
1200 9.519646 9.519646 9.519646 0.967823 0.967823 0.967823
1210 9.519646 9.519646 9.519646 0.967823 0.967823 0.967823
1220 9.519646 9.519646 9.519646 0.967823 0.967823 0.967823
1230 9.519646 9.519646 9.519646 0.967823 0.967823 0.967823
1240 9.519646 9.519646 9.519646 0.967823 0.967823 0.967823
1250 9.519646 9.519646 9.519646 0.967823 0.967823 0.967823
1260 9.519646 9.519646 9.519646 0.967823 0.967823 0.967823
1270 9.519646 9.519646 9.519646 0.967823 0.967823 0.967823
1280 9.519646 9.519646 9.519646 0.967823 0.967823 0.967823
1290 9.519646 9.519646 9.519646 0.967823 0.967823 0.967823
1300 9.519646 9.519646 9.519646 0.967823 0.967823 0.967823
1310 9.519646 9.519646 9.519646 0.967823 0.967823 0.967823
1320 9.519646 9.519646 9.519646 0.967823 0.967823 0.967823
1330 9.519646 9.519646 9.519646 0.967823 0.967823 0.967823
1340 9.519646 9.519646 9.519646 0.967823 0.967823 0.967823
1350 9.519646 9.519646 9.519646 0.967823 0.967823 0.967823
1360 9.519646 9.519646 9.519646 0.967823 0.967823 0.967823
1370 9.519646 9.519646 9.519646 0.967823 0.967823 0.967823
1380 9.519646 9.519646 9.519646 0.967823 0.967823 0.967823
1390 9.519646 9.519646 9.519646 0.967823 0.967823 0.967823
1400 9.519646 9.519646 9.519646 0.967823 0.967823 0.967823
1410 9.519646 9.519646 9.519646 0.967823 0.967823 0.967823
1420 9.519646 9.519646 9.519646 0.967823 0.967823 0.967823
1430 9.519646 9.519646 9.519646 0.967823 0.967823 0.967823
1440 9.519646 9.519646 9.519646 0.967823 0.967823 0.967823
1450 9.519646 9.519646 9.519646 0.967823 0.967823 0.967823
1460 9.519646 9.519646 9.519646 0.967823 0.967823 0.967823
1470 9.519646 9.519646 9.519646 0.967823 0.967823 0.967823
1480 9.519646 9.519646 9.519646 0.967823 0.967823 0.967823
1490 9.519646 9.519646 9.519646 0.967823 0.967823 0.967823
1500 9.519646 9.519646 9.519646 0.967823 0.967823 0.967823
1510 9.519646 9.519646 9.519646 0.967823 0.967823 0.967823
1520 9.519646 9.519646 9.519646 0.967823 0.967823 0.967823
1530 9.519646 9.519646 9.519646 0.967823 0.967823 0.967823
1540 9.519646 9.519646 9.519646 0.967823 0.967823 0.967823
1550 9.519646 9.519646 9.519646 0.967823 0.967823 0.967823
1560 9.519646 9.519646 9.519646 0.967823 0.967823 0.967823
1570 9.519646 9.519646 9.519646 0.967823 0.967823 0.967823
1580 9.519646 9.519646 9.519646 0.967823 0.967823 0.967823
1590 9.519646 9.519646 9.519646 0.967823 0.967823 0.967823
1600 9.519646 9.519646 9.519646 0.967823 0.967823 0.967823
1610 9.519646 9.519646 9.519646 0.967823 0.967823 0.967823
1620 9.519646 9.519646 9.519646 0.967823 0.967823 0.967823
1630 9.519646 9.519646 9.519646 0.967823 0.967823 0.967823
1640 9.519646 9.519646 9.519646 0.967823 0.967823 0.967823
1650 9.519646 9.519646 9.519646 0.967823 0.967823 0.967823
1660 9.519646 9.519646 9.519646 0.967823 0.967823 0.967823
1670 9.519646 9.519646 9.519646 0.967823 0.967823 0.967823
1680 9.519646 9.519646 9.519646 0.967823 0.967823 0.967823
1690 9.519646 9.519646 9.519646 0.967823 0.967823 0.967823
1700 9.519646 9.519646 9.519646 0.967823 0.967823 0.967823
1710 9.519646 9.519646 9.519646 0.967823 0.967823 0.967823
1720 9.519646 9.519646 9.519646 0.967823 0.967823 0.967823
1730 9.519646 9.519646 9.519646 0.967823 0.967823 0.967823
1740 9.519646 9.519646 9.519646 0.967823 0.967823 0.967823
1750 9.519646 9.519646 9.519646 0.967823 0.967823 0.967823
1760 9.519646 9.519646 9.519646 0.967823 0.967823 0.967823
1770 9.519646 9.519646 9.519646 0.967823 0.967823 0.967823
1780 9.519646 9.519646 9.519646 0.967823 0.967823 0.967823
1790 9.519646 9.519646 9.519646 0.967823 0.967823 0.967823
1800 9.519646 9.519646 9.519646 0.967823 0.967823 0.967823
1810 9.519646 9.519646 9.519646 0.967823 0.967823 0.967823
1820 9.519646 9.519646 9.519646 0.967823 0.967823 0.967823
1830 9.519646 9.519646 9.519646 0.967823 0.967823 0.967823
1840 9.519646 9.519646 9.519646 0.967823 0.967823 0.967823
1850 9.519646 9.519646 9.519646 0.967823 0.967823 0.967823
1860 9.519646 9.519646 9.519646 0.967823 0.967823 0.967823
1870 9.519646 9.519646 9.519646 0.967823 0.967823 0.967823
1880 9.519646 9.519646 9.519646 0.967823 0.967823 0.967823
1890 9.519646 9.519646 9.519646 0.967823 0.967823 0.967823
1900 9.519646 9.519646 9.519646 0.967823 0.967823 0.967823
1910 9.519646 9.519646 9.519646 0.967823 0.967823 0.967823
1920 9.519646 9.519646 9.519646 0.967823 0.967823 0.967823
1930 9.519646 9.519646 9.519646 0.967823 0.967823 0.967823
1940 9.519646 9.519646 9.519646 0.967823 0.967823 0.967823
1950 9.519646 9.519646 9.519646 0.967823 0.967823 0.967823
1960 9.519646 9.519646 9.519646 0.967823 0.967823 0.967823
1970 9.519646 9.519646 9.519646 0.967823 0.967823 0.967823
1980 9.519646 9.519646 9.519646 0.967823 0.967823 0.967823
1990 9.519646 9.519646 9.519646 0.967823 0.967823 0.967823
2000 9.519646 9.519646 9.519646 0.967823 0.967823 0.967823
2010 9.519646 9.519646 9.519646 0.967823 0.967823 0.967823
2020 9.519646 9.519646 9.519646 0.967823 0.967823 0.967823
2030 9.519646 9.519646 9.519646 0.967823 0.967823 0.967823
2040 9.519646 9.519646 9.519646 0.967823 0.967823 0.967823
2050 9.519646 9.519646 9.519646 0.967823 0.967823 0.967823
2060 9.519646 9.519646 9.519646 0.967823 0.967823 0.967823
2070 9.519646 9.519646 9.519646 0.967823 0.967823 0.967823
2080 9.519646 9.519646 9.519646 0.967823 0.967823 0.967823
2090 9.519646 9.519646 9.519646 0.967823 0.967823 0.967823
2100 9.519646 9.519646 9.519646 0.967823 0.967823 0.967823
2110 9.519646 9.519646 9.519646 0.967823 0.967823 0.967823
2120 9.519646 9.519646 9.519646 0.967823 0.967823 0.967823
2130 9.519646 9.519646 9.519646 0.967823 0.967823 0.967823
2140 9.519646 9.519646 9.519646 0.967823 0.967823 0.967823
2150 9.519646 9.519646 9.519646 0.967823 0.967823 0.967823
2160 9.519646 9.519646 9.519646 0.967823 0.967823 0.967823
2170 9.519646 9.519646 9.519646 0.967823 0.967823 0.967823
2180 9.519646 9.519646 9.519646 0.967823 0.967823 0.967823
2190 9.519646 9.519646 9.519646 0.967823 0.967823 0.967823
2200 9.519646 9.519646 9.519646 0.967823 0.967823 0.967823
2210 9.519646 9.519646 9.519646 0.967823 0.967823 0.967823
2220 9.519646 9.519646 9.519646 0.967823 0.967823 0.967823
2230 9.519646 9.519646 9.519646 0.967823 0.967823 0.967823
2240 9.519646 9.519646 9.519646 0.967823 0.967823 0.967823
2250 9.519646 9.519646 9.519646 0.967823 0.967823 0.967823
2260 9.519646 9.519646 9.519646 0.967823 0.967823 0.967823
2270 9.519646 9.519646 9.519646 0.967823 0.967823 0.967823
2280 9.519646 9.519646 9.519646 0.967823 0.967823 0.967823
2290 9.519646 9.519646 9.519646 0.967823 0.967823 0.967823
2300 9.519646 9.519646 9.519646 0.967823 0.967823 0.967823
2310 9.519646 9.519646 9.519646 0.967823 0.967823 0.967823
2320 9.519646 9.519646 9.519646 0.967823 0.967823 0.967823
2330 9.519646 9.519646 9.519646 0.967823 0.967823 0.967823
2340 9.519646 9.519646 9.519646 0.967823 0.967823 0.967823
2350 9.519646 9.519646 9.519646 0.967823 0.967823 0.967823
2360 9.519646 9.519646 9.519646 0.967823 0.967823 0.967823
2370 9.519646 9.519646 9.519646 0.967823 0.967823 0.967823
2380 9.519646 9.519646 9.519646 0.967823 0.967823 0.967823
2390 9.519646 9.519646 9.519646 0.967823 0.967823 0.967823
2400 9.519646 9.519646 9.519646 0.967823 0.967823 0.967823
2410 9.519646 9.519646 9.519646 0.967823 0.967823 0.967823
2420 9.519646 9.519646 9.519646 0.967823 0.967823 0.967823
2430 9.519646 9.519646 9.519646 0.967823 0.967823 0.967823
2440 9.519646 9.519646 9.519646 0.967823 0.967823 0.967823
2450 9.519646 9.519646 9.519646 0.967823 0.967823 0.967823
2460 9.519646 9.519646 9.519646 0.967823 0.967823 0.967823
2470 9.519646 9.519646 9.519646 0.967823 0.967823 0.967823
2480 9.519646 9.519646 9.519646 0.967823 0.967823 0.967823
2490 9.519646 9.519646 9.519646 0.967823 0.967823 0.967823
2500 9.519646 9.519646 9.519646 0.967823 0.967823 0.967823
2510 9.519646 9.519646 9.519646 0.967823 0.967823 0.967823
2520 9.519646 9.519646 9.519646 0.967823 0.967823 0.967823
2530 9.519646 9.519646 9.519646 0.967823 0.967823 0.967823
2540 9.519646 9.519646 9.519646 0.967823 0.967823 0.967823
2550 9.519646 9.519646 9.519646 0.967823 0.967823 0.967823
2560 9.519646 9.519646 9.519646 0.967823 0.967823 0.967823
2570 9.519646 9.519646 9.519646 0.967823 0.967823 0.967823
2580 9.519646 9.519646 9.519646 0.967823 0.967823 0.967823
2590 9.519646 9.519646 9.519646 0.967823 0.967823 0.967823
2600 9.519646 9.519646 9.519646 0.967823 0.967823 0.967823
2610 9.519646 9.519646 9.519646 0.967823 0.967823 0.967823
2620 9.519646 9.519646 9.519646 0.967823 0.967823 0.967823
2630 9.519646 9.519646 9.519646 0.967823 0.967823 0.967823
2640 9.519646 9.519646 9.519646 0.967823 0.967823 0.967823
2650 9.519646 9.519646 9.519646 0.967823 0.967823 0.967823
2660 9.519646 9.519646 9.519646 0.967823 0.967823 0.967823
2670 9.519646 9.519646 9.519646 0.967823 0.967823 0.967823
2680 9.519646 9.519646 9.519646 0.967823 0.967823 0.967823
2690 9.519646 9.519646 9.519646 0.967823 0.967823 0.967823
2700 9.519646 9.519646 9.519646 0.967823 0.967823 0.967823
2710 9.519646 9.519646 9.519646 0.967823 0.967823 0.967823
2720 9.519646 9.519646 9.519646 0.967823 0.967823 0.967823
2730 9.519646 9.519646 9.519646 0.967823 0.967823 0.967823
2740 9.519646 9.519646 9.519646 0.967823 0.967823 0.967823
2750 9.519646 9.519646 9.519646 0.967823 0.967823 0.967823
2760 9.519646 9.519646 9.519646 0.967823 0.967823 0.967823
2770 9.519646 9.519646 9.519646 0.967823 0.967823 0.967823
2780 9.519646 9.519646 9.519646 0.967823 0.967823 0.967823
2790 9.519646 9.519646 9.519646 0.967823 0.967823 0.967823
2800 9.519646 9.519646 9.519646 0.967823 0.967823 0.967823
2810 9.519646 9.519646 9.519646 0.967823 0.967823 0.967823
2820 9.519646 9.519646 9.519646 0.967823 0.967823 0.967823
2830 9.519646 9.519646 9.519646 0.967823 0.967823 0.967823
2840 9.519646 9.519646 9.519646 0.967823 0.967823 0.967823
2850 9.519646 9.519646 9.519646 0.967823 0.967823 0.967823
2860 9.519646 9.519646 9.519646 0.967823 0.967823 0.967823
2870 9.519646 9.519646 9.519646 0.967823 0.967823 0.967823
2880 9.519646 9.519646 9.519646 0.967823 0.967823 0.967823
2890 9.519646 9.519646 9.519646 0.967823 0.967823 0.967823
2900 9.519646 9.519646 9.519646 0.967823 0.967823 0.967823
2910 9.519646 9.519646 9.519646 0.967823 0.967823 0.967823
2920 9.519646 9.519646 9.519646 0.967823 0.967823 0.967823
2930 9.519646 9.519646 9.519646 0.967823 0.967823 0.967823
2940 9.519646 9.519646 9.519646 0.967823 0.967823 0.967823
2950 9.519646 9.519646 9.519646 0.967823 0.967823 0.967823
2960 9.519646 9.519646 9.519646 0.967823 0.967823 0.967823
2970 9.519646 9.519646 9.519646 0.967823 0.967823 0.967823
2980 9.519646 9.519646 9.519646 0.967823 0.967823 0.967823
2990 9.519646 9.519646 9.519646 0.967823 0.967823 0.967823
3000 9.519646 9.519646 9.519646 0.967823 0.967823 0.967823
3010 9.519646 9.519646 9.519646 0.967823 0.967823 0.967823
3020 9.519646 9.519646 9.519646 0.967823 0.967823 0.967823
3030 9.519646 9.519646 9.519646 0.967823 0.967823 0.967823
3040 9.519646 9.519646 9.519646 0.967823 0.967823 0.967823
3050 9.519646 9.519646 9.519646 0.967823 0.967823 0.967823
3060 9.519646 9.519646 9.519646 0.967823 0.967823 0.967823
3070 9.519646 9.519646 9.519646 0.967823 0.967823 0.967823
3080 9.519646 9.519646 9.519646 0.967823 0.967823 0.967823
3090 9.519646 9.519646 9.519646 0.967823 0.967823 0.967823
3100 9.519646 9.519646 9.519646 0.967823 0.967823 0.967823
3110 9.519646 9.519646 9.519646 0.967823 0.967823 0.967823
3120 9.519646 9.519646 9.519646 0.967823 0.967823 0.967823
3130 9.519646 9.519646 9.519646 0.967823 0.967823 0.967823
3140 9.519646 9.519646 9.519646 0.967823 0.967823 0.967823
3150 9.519646 9.519646 9.519646 0.967823 0.967823 0.967823
3160 9.519646 9.519646 9.519646 0.967823 0.967823 0.967823
3170 9.519646 9.519646 9.519646 0.967823 0.967823 0.967823
3180 9.519646 9.519646 9.519646 0.967823 0.967823 0.967823
3190 9.519646 9.519646 9.519646 0.967823 0.967823 0.967823
3200 9.519646 9.519646 9.519646 0.967823 0.967823 0.967823
3210 9.519646 9.519646 9.519646 0.967823 0.967823 0.967823
3220 9.519646 9.519646 9.519646 0.967823 0.967823 0.967823
3230 9.519646 9.519646 9.519646 0.967823 0.967823 0.967823
3240 9.519646 9.519646 9.519646 0.967823 0.967823 0.967823
3250 9.519646 9.519646 9.519646 0.967823 0.967823 0.967823
3260 9.519646 9.519646 9.519646 0.967823 0.967823 0.967823
3270 9.519646 9.519646 9.519646 0.967823 0.967823 0.967823
3280 9.519646 9.519646 9.519646 0.967823 0.967823 0.967823
3290 9.519646 9.519646 9.519646 0.967823 0.967823 0.967823
3300 9.519646 9.519646 9.519646 0.967823 0.967823 0.967823
3310 9.519646 9.519646 9.519646 0.967823 0.967823 0.967823
3320 9.519646 9.519646 9.519646 0.967823 0.967823 0.967823
3330 9.519646 9.519646 9.519646 0.967823 0.967823 0.967823
3340 9.519646 9.519646 9.519646 0.967823 0.967823 0.967823
3350 9.519646 9.519646 9.519646 0.967823 0.967823 0.967823
3360 9.519646 9.519646 9.519646 0.967823 0.967823 0.967823
3370 9.519646 9.519646 9.519646 0.967823 0.967823 0.967823
3380 9.519646 9.519646 9.519646 0.967823 0.967823 0.967823
3390 9.519646 9.519646 9.519646 0.967823 0.967823 0.967823
3400 9.519646 9.519646 9.519646 0.967823 0.967823 0.967823
3410 9.519646 9.519646 9.519646 0.967823 0.967823 0.967823
3420 9.519646 9.519646 9.519646 0.967823 0.967823 0.967823
3430 9.519646 9.519646 9.519646 0.967823 0.967823 0.967823
3440 9.519646 9.519646 9.519646 0.967823 0.967823 0.967823
3450 9.519646 9.519646 9.519646 0.967823 0.967823 0.967823
3460 9.519646 9.519646 9.519646 0.967823 0.967823 0.967823
3470 9.519646 9.519646 9.519646 0.967823 0.967823 0.967823
3480 9.519646 9.519646 9.519646 0.967823 0.967823 0.967823
3490 9.519646 9.519646 9.519646 0.967823 0.967823 0.967823
3500 9.519646 9.519646 9.519646 0.967823 0.967823 0.967823
3510 9.519646 9.519646 9.519646 0.967823 0.967823 0.967823
3520 9.519646 9.519646 9.519646 0.967823 0.967823 0.967823
3530 9.519646 9.519646 9.519646 0.967823 0.967823 0.967823
3540 9.519646 9.519646 9.519646 0.967823 0.967823 0.967823
3550 9.519646 9.519646 9.519646 0.967823 0.967823 0.967823
3560 9.519646 9.519646 9.519646 0.967823 0.967823 0.967823
3570 9.519646 9.519646 9.519646 0.967823 0.967823 0.967823
3580 9.519646 9.519646 9.519646 0.967823 0.967823 0.967823
3590 9.519646 9.519646 9.519646 0.967823 0.967823 0.967823
3600 9.519646 9.519646 9.519646 0.967823 0.967823 0.967823
3610 9.519646 9.519646 9.519646 0.967823 0.967823 0.967823
3620 9.519646 9.519646 9.519646 0.967823 0.967823 0.967823
3630 9.519646 9.519646 9.519646 0.967823 0.967823 0.967823
3640 9.519646 9.519646 9.519646 0.967823 0.967823 0.967823
3650 9.519646 9.519646 9.519646 0.967823 0.967823 0.967823
3660 9.519646 9.519646 9.519646 0.967823 0.967823 0.967823
3670 9.519646 9.519646 9.519646 0.967823 0.967823 0.967823
3680 9.519646 9.519646 9.519646 0.967823 0.967823 0.967823
3690 9.519646 9.519646 9.519646 0.967823 0.967823 0.967823
3700 9.519646 9.519646 9.519646 0.967823 0.967823 0.967823
3710 9.519646 9.519646 9.519646 0.967823 0.967823 0.967823
3720 9.519646 9.519646 9.519646 0.967823 0.967823 0.967823
3730 9.519646 9.519646 9.519646 0.967823 0.967823 0.967823
3740 9.519646 9.519646 9.519646 0.967823 0.967823 0.967823
3750 9.519646 9.519646 9.519646 0.967823 0.967823 0.967823
3760 9.519646 9.519646 9.519646 0.967823 0.967823 0.967823
3770 9.519646 9.519646 9.519646 0.967823 0.967823 0.967823
3780 9.519646 9.519646 9.519646 0.967823 0.967823 0.967823
3790 9.519646 9.519646 9.519646 0.967823 0.967823 0.967823
3800 9.519646 9.519646 9.519646 0.967823 0.967823 0.967823
3810 9.519646 9.519646 9.519646 0.967823 0.967823 0.967823
3820 9.519646 9.519646 9.519646 0.967823 0.967823 0.967823
3830 9.519646 9.519646 9.519646 0.967823 0.967823 0.967823
3840 9.519646 9.519646 9.519646 0.967823 0.967823 0.967823
3850 9.519646 9.519646 9.519646 0.967823 0.967823 0.967823
3860 9.519646 9.519646 9.519646 0.967823 0.967823 0.967823
3870 9.519646 9.519646 9.519646 0.967823 0.967823 0.967823
3880 9.519646 9.519646 9.519646 0.967823 0.967823 0.967823
3890 9.519646 9.519646 9.519646 0.967823 0.967823 0.967823
3900 9.519646 9.519646 9.519646 0.967823 0.967823 0.967823
3910 9.519646 9.519646 9.519646 0.967823 0.967823 0.967823
3920 9.519646 9.519646 9.519646 0.967823 0.967823 0.967823
3930 9.519646 9.519646 9.519646 0.967823 0.967823 0.967823
3940 9.519646 9.519646 9.519646 0.967823 0.967823 0.967823
3950 9.519646 9.519646 9.519646 0.967823 0.967823 0.967823
3960 9.519646 9.519646 9.519646 0.967823 0.967823 0.967823
3970 9.519646 9.519646 9.519646 0.967823 0.967823 0.967823
3980 9.519646 9.519646 9.519646 0.967823 0.967823 0.967823
3990 9.519646 9.519646 9.519646 0.967823 0.967823 0.967823
4000 9.519646 9.519646 9.519646 0.967823 0.967823 0.967823
4010 9.519646 9.519646 9.519646 0.967823 0.967823 0.967823
4020 9.519646 9.519646 9.519646 0.967823 0.967823 0.967823
4030 9.519646 9.519646 9.519646 0.967823 0.967823 0.967823
4040 9.519646 9.519646 9.519646 0.967823 0.967823 0.967823
4050 9.519646 9.519646 9.519646 0.967823 0.967823 0.967823
4060 9.519646 9.519646 9.519646 0.967823 0.967823 0.967823
4070 9.519646 9.519646 9.519646 0.967823 0.967823 0.967823
4080 9.519646 9.519646 9.519646 0.967823 0.967823 0.967823
4090 9.519646 9.519646 9.519646 0.967823 0.967823 0.967823
4100 9.519646 9.519646 9.519646 0.967823 0.967823 0.967823
4110 9.519646 9.519646 9.519646 0.967823 0.967823 0.967823
4120 9.519646 9.519646 9.519646 0.967823 0.967823 0.967823
4130 9.519646 9.519646 9.519646 0.967823 0.967823 0.967823
4140 9.519646 9.519646 9.519646 0.967823 0.967823 0.967823
4150 9.519646 9.519646 9.519646 0.967823 0.967823 0.967823
4160 9.519646 9.519646 9.519646 0.967823 0.967823 0.967823
4170 9.519646 9.519646 9.519646 0.967823 0.967823 0.967823
4180 9.519646 9.519646 9.519646 0.967823 0.967823 0.967823
4190 9.519646 9.519646 9.519646 0.967823 0.967823 0.967823
4200 9.519646 9.519646 9.519646 0.967823 0.967823 0.967823
4210 9.519646 9.519646 9.519646 0.967823 0.967823 0.967823
4220 9.519646 9.519646 9.519646 0.967823 0.967823 0.967823
4230 9.519646 9.519646 9.519646 0.967823 0.967823 0.967823
4240 9.519646 9.519646 9.519646 0.967823 0.967823 0.967823
4250 9.519646 9.519646 9.519646 0.967823 0.967823 0.967823
4260 9.519646 9.519646 9.519646 0.967823 0.967823 0.967823
4270 9.519646 9.519646 9.519646 0.967823 0.967823 0.967823
4280 9.519646 9.519646 9.519646 0.967823 0.967823 0.967823
4290 9.519646 9.519646 9.519646 0.967823 0.967823 0.967823
4300 9.519646 9.519646 9.519646 0.967823 0.967823 0.967823
4310 9.519646 9.519646 9.519646 0.967823 0.967823 0.967823
4320 9.519646 9.519646 9.519646 0.967823 0.967823 0.967823
4330 9.519646 9.519646 9.519646 0.967823 0.967823 0.967823
4340 9.519646 9.519646 9.519646 0.967823 0.967823 0.967823
4350 9.519646 9.519646 9.519646 0.967823 0.967823 0.967823
4360 9.519646 9.519646 9.519646 0.967823 0.967823 0.967823
4370 9.519646 9.519646 9.519646 0.967823 0.967823 0.967823
4380 9.519646 9.519646 9.519646 0.967823 0.967823 0.967823
4390 9.519646 9.519646 9.519646 0.967823 0.967823 0.967823
4400 9.519646 9.519646 9.519646 0.967823 0.967823 0.967823
4410 9.519646 9.519646 9.519646 0.967823 0.967823 0.967823
4420 9.519646 9.519646 9.519646 0.967823 0.967823 0.967823
4430 9.519646 9.519646 9.519646 0.967823 0.967823 0.967823
4440 9.519646 9.519646 9.519646 0.967823 0.967823 0.967823
4450 9.519646 9.519646 9.519646 0.967823 0.967823 0.967823
4460 9.519646 9.519646 9.519646 0.967823 0.967823 0.967823
4470 9.519646 9.519646 9.519646 0.967823 0.967823 0.967823
4480 9.519646 9.519646 9.519646 0.967823 0.967823 0.967823
4490 9.519646 9.519646 9.519646 0.967823 0.967823 0.967823
4500 9.519646 9.519646 9.519646 0.967823 0.967823 0.967823
4510 9.519646 9.519646 9.519646 0.967823 0.967823 0.967823
4520 9.519646 9.519646 9.519646 0.967823 0.967823 0.967823
4530 9.519646 9.519646 9.519646 0.967823 0.967823 0.967823
4540 9.519646 9.519646 9.519646 0.967823 0.967823 0.967823
4550 9.519646 9.519646 9.519646 0.967823 0.967823 0.967823
4560 9.519646 9.519646 9.519646 0.967823 0.967823 0.967823
4570 9.519646 9.519646 9.519646 0.967823 0.967823 0.967823
4580 9.519646 9.519646 9.519646 0.967823 0.967823 0.967823
4590 9.519646 9.519646 9.519646 0.967823 0.967823 0.967823
4600 9.519646 9.519646 9.519646 0.967823 0.967823 0.967823
4610 9.519646 9.519646 9.519646 0.967823 0.967823 0.967823
4620 9.519646 9.519646 9.519646 0.967823 0.967823 0.967823
4630 9.519646 9.519646 9.519646 0.967823 0.967823 0.967823
4640 9.519646 9.519646 9.519646 0.967823 0.967823 0.967823
4650 9.519646 9.519646 9.519646 0.967823 0.967823 0.967823
4660 9.519646 9.519646 9.519646 0.967823 0.967823 0.967823
4670 9.519646 9.519646 9.519646 0.967823 0.967823 0.967823
4680 9.519646 9.519646 9.519646 0.967823 0.967823 0.967823
4690 9.519646 9.519646 9.519646 0.967823 0.967823 0.967823
4700 9.519646 9.519646 9.519646 0.967823 0.967823 0.967823
4710 9.519646 9.519646 9.519646 0.967823 0.967823 0.967823
4720 9.519646 9.519646 9.519646 0.967823 0.967823 0.967823
4730 9.519646 9.519646 9.519646 0.967823 0.967823 0.967823
4740 9.519646 9.519646 9.519646 0.967823 0.967823 0.967823
4750 9.519646 9.519646 9.519646 0.967823 0.967823 0.967823
4760 9.519646 9.519646 9.519646 0.967823 0.967823 0.967823
4770 9.519646 9.519646 9.519646 0.967823 0.967823 0.967823
4780 9.519646 9.519646 9.519646 0.967823 0.967823 0.967823
4790 9.519646 9.519646 9.519646 0.967823 0.967823 0.967823
4800 9.519646 9.519646 9.519646 0.967823 0.967823 0.967823
4810 9.519646 9.519646 9.519646 0.967823 0.967823 0.967823
4820 9.519646 9.519646 9.519646 0.967823 0.967823 0.967823
4830 9.519646 9.519646 9.519646 0.967823 0.967823 0.967823
4840 9.519646 9.519646 9.519646 0.967823 0.967823 0.967823
4850 9.519646 9.519646 9.519646 0.967823 0.967823 0.967823
4860 9.519646 9.519646 9.519646 0.967823 0.967823 0.967823
4870 9.519646 9.519646 9.519646 0.967823 0.967823 0.967823
4880 9.519646 9.519646 9.519646 0.967823 0.967823 0.967823
4890 9.519646 9.519646 9.519646 0.967823 0.967823 0.967823
4900 9.519646 9.519646 9.519646 0.967823 0.967823 0.967823
4910 9.519646 9.519646 9.519646 0.967823 0.967823 0.967823
4920 9.519646 9.519646 9.519646 0.967823 0.967823 0.967823
4930 9.519646 9.519646 9.519646 0.967823 0.967823 0.967823
4940 9.519646 9.519646 9.519646 0.967823 0.967823 0.967823
4950 9.519646 9.519646 9.519646 0.967823 0.967823 0.967823
4960 9.519646 9.519646 9.519646 0.967823 0.967823 0.967823
4970 9.519646 9.519646 9.519646 0.967823 0.967823 0.967823
4980 9.519646 9.519646 9.519646 0.967823 0.967823 0.967823
4990 9.519646 9.519646 9.519646 0.967823 0.967823 0.967823
5000 9.519646 9.519646 9.519646 0.967823 0.967823 0.967823
5010 9.519646 9.519646 9.519646 0.967823 0.967823 0.967823
5020 9.519646 9.519646 9.519646 0.967823 0.967823 0.967823
5030 9.519646 9.519646 9.519646 0.967823 0.967823 0.967823
5040 9.519646 9.519646 9.519646 0.967823 0.967823 0.967823
5050 9.519646 9.519646 9.519646 0.967823 0.967823 0.967823
5060 9.519646 9.519646 9.519646 0.967823 0.967823 0.967823
5070 9.519646 9.519646 9.519646 0.967823 0.967823 0.967823
5080 9.519646 9.519646 9.519646 0.967823 0.967823 0.967823
5090 9.519646 9.519646 9.519646 0.967823 0.967823 0.967823
5100 9.519646 9.519646 9.519646 0.967823 0.967823 0.967823
5110 9.519646 9.519646 9.519646 0.967823 0.967823 0.967823
5120 9.519646 9.519646 9.519646 0.967823 0.967823 0.967823
5130 9.519646 9.519646 9.519646 0.967823 0.967823 0.967823
5140 9.519646 9.519646 9.519646 0.967823 0.967823 0.967823
5150 9.519646 9.519646 9.519646 0.967823 0.967823 0.967823
5160 9.519646 9.519646 9.519646 0.967823 0.967823 0.967823
5170 9.519646 9.519646 9.519646 0.967823 0.967823 0.967823
5180 9.519646 9.519646 9.519646 0.967823 0.967823 0.967823
5190 9.519646 9.519646 9.519646 0.967823 0.967823 0.967823
5200 9.519646 9.519646 9.519646 0.967823 0.967823 0.967823
5210 9.519646 9.519646 9.519646 0.967823 0.967823 0.967823
5220 9.519646 9.519646 9.519646 0.967823 0.967823 0.967823
5230 9.519646 9.519646 9.519646 0.967823 0.967823 0.967823
5240 9.519646 9.519646 9.519646 0.967823 0.967823 0.967823
5250 9.519646 9.519646 9.519646 0.967823 0.967823 0.967823
5260 9.519646 9.519646 9.519646 0.967823 0.967823 0.967823
5270 9.519646 9.519646 9.519646 0.967823 0.967823 0.967823
5280 9.519646 9.519646 9.519646 0.967823 0.967823 0.967823
5290 9.519646 9.519646 9.519646 0.967823 0.967823 0.967823
5300 9.519646 9.519646 9.519646 0.967823 0.967823 0.967823
5310 9.519646 9.519646 9.519646 0.967823 0.967823 0.967823
5320 9.519646 9.519646 9.519646 0.967823 0.967823 0.967823
5330 9.519646 9.519646 9.519646 0.967823 0.967823 0.967823
5340 9.519646 9.519646 9.519646 0.967823 0.967823 0.967823
5350 9.519646 9.519646 9.519646 0.967823 0.967823 0.967823
5360 9.519646 9.519646 9.519646 0.967823 0.967823 0.967823
5370 9.519646 9.519646 9.519646 0.967823 0.967823 0.967823
5380 9.519646 9.519646 9.519646 0.967823 0.967823 0.967823
5390 9.519646 9.519646 9.519646 0.967823 0.967823 0.967823
5400 9.519646 9.519646 9.519646 0.967823 0.967823 0.967823
5410 9.519646 9.519646 9.519646 0.967823 0.967823 0.967823
5420 9.519646 9.519646 9.519646 0.967823 0.967823 0.967823
5430 9.519646 9.519646 9.519646 0.967823 0.967823 0.967823
5440 9.519646 9.519646 9.519646 0.967823 0.967823 0.967823
5450 9.519646 9.519646 9.519646 0.967823 0.967823 0.967823
5460 9.519646 9.519646 9.519646 0.967823 0.967823 0.967823
5470 9.519646 9.519646 9.519646 0.967823 0.967823 0.967823
5480 9.519646 9.519646 9.519646 0.967823 0.967823 0.967823
5490 9.519646 9.519646 9.519646 0.967823 0.967823 0.967823
5500 9.519646 9.519646 9.519646 0.967823 0.967823 0.967823
5510 9.519646 9.519646 9.519646 0.967823 0.967823 0.967823
5520 9.519646 9.519646 9.519646 0.967823 0.967823 0.967823
5530 9.519646 9.519646 9.519646 0.967823 0.967823 0.967823
5540 9.519646 9.519646 9.519646 0.967823 0.967823 0.967823
5550 9.519646 9.519646 9.519646 0.967823 0.967823 0.967823
5560 9.519646 9.519646 9.519646 0.967823 0.967823 0.967823
5570 9.519646 9.519646 9.519646 0.967823 0.967823 0.967823
5580 9.519646 9.519646 9.519646 0.967823 0.967823 0.967823
5590 9.519646 9.519646 9.519646 0.967823 0.967823 0.967823
5600 9.519646 9.519646 9.519646 0.967823 0.967823 0.967823
5610 9.519646 9.519646 9.519646 0.967823 0.967823 0.967823
5620 9.519646 9.519646 9.519646 0.967823 0.967823 0.967823
5630 9.519646 9.519646 9.519646 0.967823 0.967823 0.967823
5640 9.519646 9.519646 9.519646 0.967823 0.967823 0.967823
5650 9.519646 9.519646 9.519646 0.967823 0.967823 0.967823
5660 9.519646 9.519646 9.519646 0.967823 0.967823 0.967823
5670 9.519646 9.519646 9.519646 0.967823 0.967823 0.967823
5680 9.519646 9.519646 9.519646 0.967823 0.967823 0.967823
5690 9.519646 9.519646 9.519646 0.967823 0.967823 0.967823
5700 9.519646 9.519646 9.519646 0.967823 0.967823 0.967823
5710 9.519646 9.519646 9.519646 0.967823 0.967823 0.967823
5720 9.519646 9.519646 9.519646 0.967823 0.967823 0.967823
5730 9.519646 9.519646 9.519646 0.967823 0.967823 0.967823
5740 9.519646 9.519646 9.519646 0.967823 0.967823 0.967823
5750 9.519646 9.519646 9.519646 0.967823 0.967823 0.967823
5760 9.519646 9.519646 9.519646 0.967823 0.967823 0.967823
5770 9.519646 9.519646 9.519646 0.967823 0.967823 0.967823
5780 9.519646 9.519646 9.519646 0.967823 0.967823 0.967823
5790 9.519646 9.519646 9.519646 0.967823 0.967823 0.967823
5800 9.519646 9.519646 9.519646 0.967823 0.967823 0.967823
5810 9.519646 9.519646 9.519646 0.967823 0.967823 0.967823
5820 9.519646 9.519646 9.519646 0.967823 0.967823 0.967823
5830 9.519646 9.519646 9.519646 0.967823 0.967823 0.967823
5840 9.519646 9.519646 9.519646 0.967823 0.967823 0.967823
5850 9.519646 9.519646 9.519646 0.967823 0.967823 0.967823
5860 9.519646 9.519646 9.519646 0.967823 0.967823 0.967823
5870 9.519646 9.519646 9.519646 0.967823 0.967823 0.967823
5880 9.519646 9.519646 9.519646 0.967823 0.967823 0.967823
5890 9.519646 9.519646 9.519646 0.967823 0.967823 0.967823
5900 9.519646 9.519646 9.519646 0.967823 0.967823 0.967823
5910 9.519646 9.519646 9.519646 0.967823 0.967823 0.967823
5920 9.519646 9.519646 9.519646 0.967823 0.967823 0.967823
5930 9.519646 9.519646 9.519646 0.967823 0.967823 0.967823
5940 9.519646 9.519646 9.519646 0.967823 0.967823 0.967823
5950 9.519646 9.519646 9.519646 0.967823 0.967823 0.967823
5960 9.519646 9.519646 9.519646 0.967823 0.967823 0.967823
5970 9.519646 9.519646 9.519646 0.967823 0.967823 0.967823
5980 9.519646 9.519646 9.519646 0.967823 0.967823 0.967823
5990 9.519646 9.519646 9.519646 0.967823 0.967823 0.967823
6000 9.519646 9.519646 9.519646 0.967823 0.967823 0.967823
6010 9.519646 9.519646 9.519646 0.967823 0.967823 0.967823
6020 9.519646 9.519646 9.519646 0.967823 0.967823 0.967823
6030 9.519646 9.519646 9.519646 0.967823 0.967823 0.967823
6040 9.519646 9.519646 9.519646 0.967823 0.967823 0.967823
6050 9.519646 9.519646 9.519646 0.967823 0.967823 0.967823
6060 9.519646 9.519646 9.519646 0.967823 0.967823 0.967823
6070 9.519646 9.519646 9.519646 0.967823 0.967823 0.967823
6080 9.519646 9.519646 9.519646 0.967823 0.967823 0.967823
6090 9.519646 9.519646 9.519646 0.967823 0.967823 0.967823
6100 9.519646 9.519646 9.519646 0.967823 0.967823 0.967823
6110 9.519646 9.519646 9.519646 0.967823 0.967823 0.967823
6120 9.519646 9.519646 9.519646 0.967823 0.967823 0.967823
6130 9.519646 9.519646 9.519646 0.967823 0.967823 0.967823
6140 9.519646 9.519646 9.519646 0.967823 0.967823 0.967823
6150 9.519646 9.519646 9.519646 0.967823 0.967823 0.967823
6160 9.519646 9.519646 9.519646 0.967823 0.967823 0.967823
6170 9.519646 9.519646 9.519646 0.967823 0.967823 0.967823
6180 9.519646 9.519646 9.519646 0.967823 0.967823 0.967823
6190 9.519646 9.519646 9.519646 0.967823 0.967823 0.967823
6200 9.519646 9.519646 9.519646 0.967823 0.967823 0.967823
6210 9.519646 9.519646 9.519646 0.967823 0.967823 0.967823
6220 9.519646 9.519646 9.519646 0.967823 0.967823 0.967823
6230 9.519646 9.519646 9.519646 0.967823 0.967823 0.967823
6240 9.519646 9.519646 9.519646 0.967823 0.967823 0.967823
6250 9.519646 9.519646 9.519646 0.967823 0.967823 0.967823
6260 9.519646 9.519646 9.519646 0.967823 0.967823 0.967823
6270 9.519646 9.519646 9.519646 0.967823 0.967823 0.967823
6280 9.519646 9.519646 9.519646 0.967823 0.967823 0.967823
6290 9.519646 9.519646 9.519646 0.967823 0.967823 0.967823
6300 9.519646 9.519646 9.519646 0.967823 0.967823 0.967823
6310 9.519646 9.519646 9.519646 0.967823 0.967823 0.967823
6320 9.519646 9.519646 9.519646 0.967823 0.967823 0.967823
6330 9.519646 9.519646 9.519646 0.967823 0.967823 0.967823
6340 9.519646 9.519646 9.519646 0.967823 0.967823 0.967823
6350 9.519646 9.519646 9.519646 0.967823 0.967823 0.967823
6360 9.519646 9.519646 9.519646 0.967823 0.967823 0.967823
6370 9.519646 9.519646 9.519646 0.967823 0.967823 0.967823
6380 9.519646 9.519646 9.519646 0.967823 0.967823 0.967823
6390 9.519646 9.519646 9.519646 0.967823 0.967823 0.967823
6400 9.519646 9.519646 9.519646 0.967823 0.967823 0.967823
6410 9.519646 9.519646 9.519646 0.967823 0.967823 0.967823
6420 9.519646 9.519646 9.519646 0.967823 0.967823 0.967823
6430 9.519646 9.519646 9.519646 0.967823 0.967823 0.967823
6440 9.519646 9.519646 9.519646 0.967823 0.967823 0.967823
6450 9.519646 9.519646 9.519646 0.967823 0.967823 0.967823
6460 9.519646 9.519646 9.519646 0.967823 0.967823 0.967823
6470 9.519646 9.519646 9.519646 0.967823 0.967823 0.967823
6480 9.519646 9.519646 9.519646 0.967823 0.967823 0.967823
6490 9.519646 9.519646 9.519646 0.967823 0.967823 0.967823
6500 9.519646 9.519646 9.519646 0.967823 0.967823 0.967823
6510 9.519646 9.519646 9.519646 0.967823 0.967823 0.967823
6520 9.519646 9.519646 9.519646 0.967823 0.967823 0.967823
6530 9.519646 9.519646 9.519646 0.967823 0.967823 0.967823
6540 9.519646 9.519646 9.519646 0.967823 0.967823 0.967823
6550 9.519646 9.519646 9.519646 0.967823 0.967823 0.967823
6560 9.519646 9.519646 9.519646 0.967823 0.967823 0.967823
6570 9.519646 9.519646 9.519646 0.967823 0.967823 0.967823
6580 9.519646 9.519646 9.519646 0.967823 0.967823 0.967823
6590 9.519646 9.519646 9.519646 0.967823 0.967823 0.967823
6600 9.519646 9.519646 9.519646 0.967823 0.967823 0.967823
6610 9.519646 9.519646 9.519646 0.967823 0.967823 0.967823
6620 9.519646 9.519646 9.519646 0.967823 0.967823 0.967823
6630 9.519646 9.519646 9.519646 0.967823 0.967823 0.967823
6640 9.519646 9.519646 9.519646 0.967823 0.967823 0.967823
6650 9.519646 9.519646 9.519646 0.967823 0.967823 0.967823
6660 9.519646 9.519646 9.519646 0.967823 0.967823 0.967823
6670 9.519646 9.519646 9.519646 0.967823 0.967823 0.967823
6680 9.519646 9.519646 9.519646 0.967823 0.967823 0.967823
6690 9.519646 9.519646 9.519646 0.967823 0.967823 0.967823
6700 9.519646 9.519646 9.519646 0.967823 0.967823 0.967823
6710 9.519646 9.519646 9.519646 0.967823 0.967823 0.967823
6720 9.519646 9.519646 9.519646 0.967823 0.967823 0.967823
6730 9.519646 9.519646 9.519646 0.967823 0.967823 0.967823
6740 9.519646 9.519646 9.519646 0.967823 0.967823 0.967823
6750 9.519646 9.519646 9.519646 0.967823 0.967823 0.967823
6760 9.519646 9.519646 9.519646 0.967823 0.967823 0.967823
6770 9.519646 9.519646 9.519646 0.967823 0.967823 0.967823
6780 9.519646 9.519646 9.519646 0.967823 0.967823 0.967823
6790 9.519646 9.519646 9.519646 0.967823 0.967823 0.967823
6800 9.519646 9.519646 9.519646 0.967823 0.967823 0.967823
6810 9.519646 9.519646 9.519646 0.967823 0.967823 0.967823
6820 9.519646 9.519646 9.519646 0.967823 0.967823 0.967823
6830 9.519646 9.519646 9.519646 0.967823 0.967823 0.967823
6840 9.519646 9.519646 9.519646 0.967823 0.967823 0.967823
6850 9.519646 9.519646 9.519646 0.967823 0.967823 0.967823
6860 9.519646 9.519646 9.519646 0.967823 0.967823 0.967823
6870 9.519646 9.519646 9.519646 0.967823 0.967823 0.967823
6880 9.519646 9.519646 9.519646 0.967823 0.967823 0.967823
6890 9.519646 9.519646 9.519646 0.967823 0.967823 0.967823
6900 9.519646 9.519646 9.519646 0.967823 0.967823 0.967823
6910 9.519646 9.519646 9.519646 0.967823 0.967823 0.967823
6920 9.519646 9.519646 9.519646 0.967823 0.967823 0.967823
6930 9.519646 9.519646 9.519646 0.967823 0.967823 0.967823
6940 9.519646 9.519646 9.519646 0.967823 0.967823 0.967823
6950 9.519646 9.519646 9.519646 0.967823 0.967823 0.967823
6960 9.519646 9.519646 9.519646 0.967823 0.967823 0.967823
6970 9.519646 9.519646 9.519646 0.967823 0.967823 0.967823
6980 9.519646 9.519646 9.519646 0.967823 0.967823 0.967823
6990 9.519646 9.519646 9.519646 0.967823 0.967823 0.967823
7000 9.519646 9.519646 9.519646 0.967823 0.967823 0.967823
7010 9.519646 9.519646 9.519646 0.967823 0.967823 0.967823
7020 9.519646 9.519646 9.519646 0.967823 0.967823 0.967823
7030 9.519646 9.519646 9.519646 0.967823 0.967823 0.967823
7040 9.519646 9.519646 9.519646 0.967823 0.967823 0.967823
7050 9.519646 9.519646 9.519646 0.967823 0.967823 0.967823
7060 9.519646 9.519646 9.519646 0.967823 0.967823 0.967823
7070 9.519646 9.519646 9.519646 0.967823 0.967823 0.967823
7080 9.519646 9.519646 9.519646 0.967823 0.967823 0.967823
7090 9.519646 9.519646 9.519646 0.967823 0.967823 0.967823
7100 9.519646 9.519646 9.519646 0.967823 0.967823 0.967823
7110 9.519646 9.519646 9.519646 0.967823 0.967823 0.967823
7120 9.519646 9.519646 9.519646 0.967823 0.967823 0.967823
7130 9.519646 9.519646 9.519646 0.967823 0.967823 0.967823
7140 9.519646 9.519646 9.519646 0.967823 0.967823 0.967823
7150 9.519646 9.519646 9.519646 0.967823 0.967823 0.967823
7160 9.519646 9.519646 9.519646 0.967823 0.967823 0.967823
7170 9.519646 9.519646 9.519646 0.967823 0.967823 0.967823
7180 9.519646 9.519646 9.519646 0.967823 0.967823 0.967823
7190 9.519646 9.519646 9.519646 0.967823 0.967823 0.967823
7200 9.519646 9.519646 9.519646 0.967823 0.967823 0.967823
7210 9.519646 9.519646 9.519646 0.967823 0.967823 0.967823
7220 9.519646 9.519646 9.519646 0.967823 0.967823 0.967823
7230 9.519646 9.519646 9.519646 0.967823 0.967823 0.967823
7240 9.519646 9.519646 9.519646 0.967823 0.967823 0.967823
7250 9.519646 9.519646 9.519646 0.967823 0.967823 0.967823
7260 9.519646 9.519646 9.519646 0.967823 0.967823 0.967823
7270 9.519646 9.519646 9.519646 0.967823 0.967823 0.967823
7280 9.519646 9.519646 9.519646 0.967823 0.967823 0.967823
7290 9.519646 9.519646 9.519646 0.967823 0.967823 0.967823
7300 9.519646 9.519646 9.519646 0.967823 0.967823 0.967823
7310 9.519646 9.519646 9.519646 0.967823 0.967823 0.967823
7320 9.519646 9.519646 9.519646 0.967823 0.967823 0.967823
7330 9.519646 9.519646 9.519646 0.967823 0.967823 0.967823
7340 9.519646 9.519646 9.519646 0.967823 0.967823 0.967823
7350 9.519646 9.519646 9.519646 0.967823 0.967823 0.967823
7360 9.519646 9.519646 9.519646 0.967823 0.967823 0.967823
7370 9.519646 9.519646 9.519646 0.967823 0.967823 0.967823
7380 9.519646 9.519646 9.519646 0.967823 0.967823 0.967823
7390 9.519646 9.519646 9.519646 0.967823 0.967823 0.967823
7400 9.519646 9.519646 9.519646 0.967823 0.967823 0.967823
7410 9.519646 9.519646 9.519646 0.967823 0.967823 0.967823
7420 9.519646 9.519646 9.519646 0.967823 0.967823 0.967823
7430 9.519646 9.519646 9.519646 0.967823 0.967823 0.967823
7440 9.519646 9.519646 9.519646 0.967823 0.967823 0.967823
7450 9.519646 9.519646 9.519646 0.967823 0.967823 0.967823
7460 9.519646 9.519646 9.519646 0.967823 0.967823 0.967823
7470 9.519646 9.519646 9.519646 0.967823 0.967823 0.967823
7480 9.519646 9.519646 9.519646 0.967823 0.967823 0.967823
7490 9.519646 9.519646 9.519646 0.967823 0.967823 0.967823
7500 9.519646 9.519646 9.519646 0.967823 0.967823 0.967823
7510 9.519646 9.519646 9.519646 0.967823 0.967823 0.967823
7520 9.519646 9.519646 9.519646 0.967823 0.967823 0.967823
7530 9.519646 9.519646 9.519646 0.967823 0.967823 0.967823
7540 9.519646 9.519646 9.519646 0.967823 0.967823 0.967823
7550 9.519646 9.519646 9.519646 0.967823 0.967823 0.967823
7560 9.519646 9.519646 9.519646 0.967823 0.967823 0.967823
7570 9.519646 9.519646 9.519646 0.967823 0.967823 0.967823
7580 9.519646 9.519646 9.519646 0.967823 0.967823 0.967823
7590 9.519646 9.519646 9.519646 0.967823 0.967823 0.967823
7600 9.519646 9.519646 9.519646 0.967823 0.967823 0.967823
7610 9.519646 9.519646 9.519646 0.967823 0.967823 0.967823
7620 9.519646 9.519646 9.519646 0.967823 0.967823 0.967823
7630 9.519646 9.519646 9.519646 0.967823 0.967823 0.967823
7640 9.519646 9.519646 9.519646 0.967823 0.967823 0.967823
7650 9.519646 9.519646 9.519646 0.967823 0.967823 0.967823
7660 9.519646 9.519646 9.519646 0.967823 0.967823 0.967823
7670 9.519646 9.519646 9.519646 0.967823 0.967823 0.967823
7680 9.519646 9.519646 9.519646 0.967823 0.967823 0.967823
7690 9.519646 9.519646 9.519646 0.967823 0.967823 0.967823
7700 9.519646 9.519646 9.519646 0.967823 0.967823 0.967823
7710 9.519646 9.519646 9.519646 0.967823 0.967823 0.967823
7720 9.519646 9.519646 9.519646 0.967823 0.967823 0.967823
7730 9.519646 9.519646 9.519646 0.967823 0.967823 0.967823
7740 9.519646 9.519646 9.519646 0.967823 0.967823 0.967823
7750 9.519646 9.519646 9.519646 0.967823 0.967823 0.967823
7760 9.519646 9.519646 9.519646 0.967823 0.967823 0.967823
7770 9.519646 9.519646 9.519646 0.967823 0.967823 0.967823
7780 9.519646 9.519646 9.519646 0.967823 0.967823 0.967823
7790 9.519646 9.519646 9.519646 0.967823 0.967823 0.967823
7800 9.519646 9.519646 9.519646 0.967823 0.967823 0.967823
7810 9.519646 9.519646 9.519646 0.967823 0.967823 0.967823
7820 9.519646 9.519646 9.519646 0.967823 0.967823 0.967823
7830 9.519646 9.519646 9.519646 0.967823 0.967823 0.967823
7840 9.519646 9.519646 9.519646 0.967823 0.967823 0.967823
7850 9.519646 9.519646 9.519646 0.967823 0.967823 0.967823
7860 9.519646 9.519646 9.519646 0.967823 0.967823 0.967823
7870 9.519646 9.519646 9.519646 0.967823 0.967823 0.967823
7880 9.519646 9.519646 9.519646 0.967823 0.967823 0.967823
7890 9.519646 9.519646 9.519646 0.967823 0.967823 0.967823
7900 9.519646 9.519646 9.519646 0.967823 0.967823 0.967823
7910 9.519646 9.519646 9.519646 0.967823 0.967823 0.967823
7920 9.519646 9.519646 9.519646 0.967823 0.967823 0.967823
7930 9.519646 9.519646 9.519646 0.967823 0.967823 0.967823
7940 9.519646 9.519646 9.519646 0.967823 0.967823 0.967823
7950 9.519646 9.519646 9.519646 0.967823 0.967823 0.967823
7960 9.519646 9.519646 9.519646 0.967823 0.967823 0.967823
7970 9.519646 9.519646 9.519646 0.967823 0.967823 0.967823
7980 9.519646 9.519646 9.519646 0.967823 0.967823 0.967823
7990 9.519646 9.519646 9.519646 0.967823 0.967823 0.967823
8000 9.519646 9.519646 9.519646 0.967823 0.967823 0.967823
8010 9.519646 9.519646 9.519646 0.967823 0.967823 0.967823
8020 9.519646 9.519646 9.519646 0.967823 0.967823 0.967823
8030 9.519646 9.519646 9.519646 0.967823 0.967823 0.967823
8040 9.519646 9.519646 9.519646 0.967823 0.967823 0.967823
8050 9.519646 9.519646 9.519646 0.967823 0.967823 0.967823
8060 9.519646 9.519646 9.519646 0.967823 0.967823 0.967823
8070 9.519646 9.519646 9.519646 0.967823 0.967823 0.967823
8080 9.519646 9.519646 9.519646 0.967823 0.967823 0.967823
8090 9.519646 9.519646 9.519646 0.967823 0.967823 0.967823
8100 9.519646 9.519646 9.519646 0.967823 0.967823 0.967823
8110 9.519646 9.519646 9.519646 0.967823 0.967823 0.967823
8120 9.519646 9.519646 9.519646 0.967823 0.967823 0.967823
8130 9.519646 9.519646 9.519646 0.967823 0.967823 0.967823
8140 9.519646 9.519646 9.519646 0.967823 0.967823 0.967823
8150 9.519646 9.519646 9.519646 0.967823 0.967823 0.967823
8160 9.519646 9.519646 9.519646 0.967823 0.967823 0.967823
8170 9.519646 9.519646 9.519646 0.967823 0.967823 0.967823
8180 9.519646 9.519646 9.519646 0.967823 0.967823 0.967823
8190 9.519646 9.519646 9.519646 0.967823 0.967823 0.967823
8200 9.519646 9.519646 9.519646 0.967823 0.967823 0.967823
8210 9.519646 9.519646 9.519646 0.967823 0.967823 0.967823
8220 9.519646 9.519646 9.519646 0.967823 0.967823 0.967823
8230 9.519646 9.519646 9.519646 0.967823 0.967823 0.967823
8240 9.519646 9.519646 9.519646 0.967823 0.967823 0.967823
8250 9.519646 9.519646 9.519646 0.967823 0.967823 0.967823
8260 9.519646 9.519646 9.519646 0.967823 0.967823 0.967823
8270 9.519646 9.519646 9.519646 0.967823 0.967823 0.967823
8280 9.519646 9.519646 9.519646 0.967823 0.967823 0.967823
8290 9.519646 9.519646 9.519646 0.967823 0.967823 0.967823
8300 9.519646 9.519646 9.519646 0.967823 0.967823 0.967823
8310 9.519646 9.519646 9.519646 0.967823 0.967823 0.967823
8320 9.519646 9.519646 9.519646 0.967823 0.967823 0.967823
8330 9.519646 9.519646 9.519646 0.967823 0.967823 0.967823
8340 9.519646 9.519646 9.519646 0.967823 0.967823 0.967823
8350 9.519646 9.519646 9.519646 0.967823 0.967823 0.967823
8360 9.519646 9.519646 9.519646 0.967823 0.967823 0.967823
8370 9.519646 9.519646 9.519646 0.967823 0.967823 0.967823
8380 9.519646 9.519646 9.519646 0.967823 0.967823 0.967823
8390 9.519646 9.519646 9.519646 0.967823 0.967823 0.967823
8400 9.519646 9.519646 9.519646 0.967823 0.967823 0.967823
8410 9.519646 9.519646 9.519646 0.967823 0.967823 0.967823
8420 9.519646 9.519646 9.519646 0.967823 0.967823 0.967823
8430 9.519646 9.519646 9.519646 0.967823 0.967823 0.967823
8440 9.519646 9.519646 9.519646 0.967823 0.967823 0.967823
8450 9.519646 9.519646 9.519646 0.967823 0.967823 0.967823
8460 9.519646 9.519646 9.519646 0.967823 0.967823 0.967823
8470 9.519646 9.519646 9.519646 0.967823 0.967823 0.967823
8480 9.519646 9.519646 9.519646 0.967823 0.967823 0.967823
8490 9.519646 9.519646 9.519646 0.967823 0.967823 0.967823
8500 9.519646 9.519646 9.519646 0.967823 0.967823 0.967823
8510 9.519646 9.519646 9.519646 0.967823 0.967823 0.967823
8520 9.519646 9.519646 9.519646 0.967823 0.967823 0.967823
8530 9.519646 9.519646 9.519646 0.967823 0.967823 0.967823
8540 9.519646 9.519646 9.519646 0.967823 0.967823 0.967823
8550 9.519646 9.519646 9.519646 0.967823 0.967823 0.967823
8560 9.519646 9.519646 9.519646 0.967823 0.967823 0.967823
8570 9.519646 9.519646 9.519646 0.967823 0.967823 0.967823
8580 9.519646 9.519646 9.519646 0.967823 0.967823 0.967823
8590 9.519646 9.519646 9.519646 0.967823 0.967823 0.967823
8600 9.519646 9.519646 9.519646 0.967823 0.967823 0.967823
8610 9.519646 9.519646 9.519646 0.967823 0.967823 0.967823
8620 9.519646 9.519646 9.519646 0.967823 0.967823 0.967823
8630 9.519646 9.519646 9.519646 0.967823 0.967823 0.967823
8640 9.519646 9.519646 9.519646 0.967823 0.967823 0.967823
8650 9.519646 9.519646 9.519646 0.967823 0.967823 0.967823
8660 9.519646 9.519646 9.519646 0.967823 0.967823 0.967823
8670 9.519646 9.519646 9.519646 0.967823 0.967823 0.967823
8680 9.519646 9.519646 9.519646 0.967823 0.967823 0.967823
8690 9.519646 9.519646 9.519646 0.967823 0.967823 0.967823
8700 9.519646 9.519646 9.519646 0.967823 0.967823 0.967823
8710 9.519646 9.519646 9.519646 0.967823 0.967823 0.967823
8720 9.519646 9.519646 9.519646 0.967823 0.967823 0.967823
8730 9.519646 9.519646 9.519646 0.967823 0.967823 0.967823
8740 9.519646 9.519646 9.519646 0.967823 0.967823 0.967823
8750 9.519646 9.519646 9.519646 0.967823 0.967823 0.967823
8760 9.519646 9.519646 9.519646 0.967823 0.967823 0.967823
8770 9.519646 9.519646 9.519646 0.967823 0.967823 0.967823
8780 9.519646 9.519646 9.519646 0.967823 0.967823 0.967823
8790 9.519646 9.519646 9.519646 0.967823 0.967823 0.967823
8800 9.519646 9.519646 9.519646 0.967823 0.967823 0.967823
8810 9.519646 9.519646 9.519646 0.967823 0.967823 0.967823
8820 9.519646 9.519646 9.519646 0.967823 0.967823 0.967823
8830 9.519646 9.519646 9.519646 0.967823 0.967823 0.967823
8840 9.519646 9.519646 9.519646 0.967823 0.967823 0.967823
8850 9.519646 9.519646 9.519646 0.967823 0.967823 0.967823
8860 9.519646 9.519646 9.519646 0.967823 0.967823 0.967823
8870 9.519646 9.519646 9.519646 0.967823 0.967823 0.967823
8880 9.519646 9.519646 9.519646 0.967823 0.967823 0.967823
8890 9.519646 9.519646 9.519646 0.967823 0.967823 0.967823
8900 9.519646 9.519646 9.519646 0.967823 0.967823 0.967823
8910 9.519646 9.519646 9.519646 0.967823 0.967823 0.967823
8920 9.519646 9.519646 9.519646 0.967823 0.967823 0.967823
8930 9.519646 9.519646 9.519646 0.967823 0.967823 0.967823
8940 9.519646 9.519646 9.519646 0.967823 0.967823 0.967823
8950 9.519646 9.519646 9.519646 0.967823 0.967823 0.967823
8960 9.519646 9.519646 9.519646 0.967823 0.967823 0.967823
8970 9.519646 9.519646 9.519646 0.967823 0.967823 0.967823
8980 9.519646 9.519646 9.519646 0.967823 0.967823 0.967823
8990 9.519646 9.519646 9.519646 0.967823 0.967823 0.967823
9000 9.519646 9.519646 9.519646 0.967823 0.967823 0.967823
9010 9.519646 9.519646 9.519646 0.967823 0.967823 0.967823
9020 9.519646 9.519646 9.519646 0.967823 0.967823 0.967823
9030 9.519646 9.519646 9.519646 0.967823 0.967823 0.967823
9040 9.519646 9.519646 9.519646 0.967823 0.967823 0.967823
9050 9.519646 9.519646 9.519646 0.967823 0.967823 0.967823
9060 9.519646 9.519646 9.519646 0.967823 0.967823 0.967823
9070 9.519646 9.519646 9.519646 0.967823 0.967823 0.967823
9080 9.519646 9.519646 9.519646 0.967823 0.967823 0.967823
9090 9.519646 9.519646 9.519646 0.967823 0.967823 0.967823
9100 9.519646 9.519646 9.519646 0.967823 0.967823 0.967823
9110 9.519646 9.519646 9.519646 0.967823 0.967823 0.967823
9120 9.519646 9.519646 9.519646 0.967823 0.967823 0.967823
9130 9.519646 9.519646 9.519646 0.967823 0.967823 0.967823
9140 9.519646 9.519646 9.519646 0.967823 0.967823 0.967823
9150 9.519646 9.519646 9.519646 0.967823 0.967823 0.967823
9160 9.519646 9.519646 9.519646 0.967823 0.967823 0.967823
9170 9.519646 9.519646 9.519646 0.967823 0.967823 0.967823
9180 9.519646 9.519646 9.519646 0.967823 0.967823 0.967823
9190 9.519646 9.519646 9.519646 0.967823 0.967823 0.967823
9200 9.519646 9.519646 9.519646 0.967823 0.967823 0.967823
9210 9.519646 9.519646 9.519646 0.967823 0.967823 0.967823
9220 9.519646 9.519646 9.519646 0.967823 0.967823 0.967823
9230 9.519646 9.519646 9.519646 0.967823 0.967823 0.967823
9240 9.519646 9.519646 9.519646 0.967823 0.967823 0.967823
9250 9.519646 9.519646 9.519646 0.967823 0.967823 0.967823
9260 9.519646 9.519646 9.519646 0.967823 0.967823 0.967823
9270 9.519646 9.519646 9.519646 0.967823 0.967823 0.967823
9280 9.519646 9.519646 9.519646 0.967823 0.967823 0.967823
9290 9.519646 9.519646 9.519646 0.967823 0.967823 0.967823
9300 9.519646 9.519646 9.519646 0.967823 0.967823 0.967823
9310 9.519646 9.519646 9.519646 0.967823 0.967823 0.967823
9320 9.519646 9.519646 9.519646 0.967823 0.967823 0.967823
9330 9.519646 9.519646 9.519646 0.967823 0.967823 0.967823
9340 9.519646 9.519646 9.519646 0.967823 0.967823 0.967823
9350 9.519646 9.519646 9.519646 0.967823 0.967823 0.967823
9360 9.519646 9.519646 9.519646 0.967823 0.967823 0.967823
9370 9.519646 9.519646 9.519646 0.967823 0.967823 0.967823
9380 9.519646 9.519646 9.519646 0.967823 0.967823 0.967823
9390 9.519646 9.519646 9.519646 0.967823 0.967823 0.967823
9400 9.519646 9.519646 9.519646 0.967823 0.967823 0.967823
9410 9.519646 9.519646 9.519646 0.967823 0.967823 0.967823
9420 9.519646 9.519646 9.519646 0.967823 0.967823 0.967823
9430 9.519646 9.519646 9.519646 0.967823 0.967823 0.967823
9440 9.519646 9.519646 9.519646 0.967823 0.967823 0.967823
9450 9.519646 9.519646 9.519646 0.967823 0.967823 0.967823
9460 9.519646 9.519646 9.519646 0.967823 0.967823 0.967823
9470 9.519646 9.519646 9.519646 0.967823 0.967823 0.967823
9480 9.519646 9.519646 9.519646 0.967823 0.967823 0.967823
9490 9.519646 9.519646 9.519646 0.967823 0.967823 0.967823
9500 9.519646 9.519646 9.519646 0.967823 0.967823 0.967823
9510 9.519646 9.519646 9.519646 0.967823 0.967823 0.967823
9520 9.519646 9.519646 9.519646 0.967823 0.967823 0.967823
9530 9.519646 9.519646 9.519646 0.967823 0.967823 0.967823
9540 9.519646 9.519646 9.519646 0.967823 0.967823 0.967823
9550 9.519646 9.519646 9.519646 0.967823 0.967823 0.967823
9560 9.519646 9.519646 9.519646 0.967823 0.967823 0.967823
9570 9.519646 9.519646 9.519646 0.967823 0.967823 0.967823
9580 9.519646 9.519646 9.519646 0.967823 0.967823 0.967823
9590 9.519646 9.519646 9.519646 0.967823 0.967823 0.967823
9600 9.519646 9.519646 9.519646 0.967823 0.967823 0.967823
9610 9.519646 9.519646 9.519646 0.967823 0.967823 0.967823
9620 9.519646 9.519646 9.519646 0.967823 0.967823 0.967823
9630 9.519646 9.519646 9.519646 0.967823 0.967823 0.967823
9640 9.519646 9.519646 9.519646 0.967823 0.967823 0.967823
9650 9.519646 9.519646 9.519646 0.967823 0.967823 0.967823
9660 9.519646 9.519646 9.519646 0.967823 0.967823 0.967823
9670 9.519646 9.519646 9.519646 0.967823 0.967823 0.967823
9680 9.519646 9.519646 9.519646 0.967823 0.967823 0.967823
9690 9.519646 9.519646 9.519646 0.967823 0.967823 0.967823
9700 9.519646 9.519646 9.519646 0.967823 0.967823 0.967823
9710 9.519646 9.519646 9.519646 0.967823 0.967823 0.967823
9720 9.519646 9.519646 9.519646 0.967823 0.967823 0.967823
9730 9.519646 9.519646 9.519646 0.967823 0.967823 0.967823
9740 9.519646 9.519646 9.519646 0.967823 0.967823 0.967823
9750 9.519646 9.519646 9.519646 0.967823 0.967823 0.967823
9760 9.519646 9.519646 9.519646 0.967823 0.967823 0.967823
9770 9.519646 9.519646 9.519646 0.967823 0.967823 0.967823
9780 9.519646 9.519646 9.519646 0.967823 0.967823 0.967823
9790 9.519646 9.519646 9.519646 0.967823 0.967823 0.967823
9800 9.519646 9.519646 9.519646 0.967823 0.967823 0.967823
9810 9.519646 9.519646 9.519646 0.967823 0.967823 0.967823
9820 9.519646 9.519646 9.519646 0.967823 0.967823 0.967823
9830 9.519646 9.519646 9.519646 0.967823 0.967823 0.967823
9840 9.519646 9.519646 9.519646 0.967823 0.967823 0.967823
9850 9.519646 9.519646 9.519646 0.967823 0.967823 0.967823
9860 9.519646 9.519646 9.519646 0.967823 0.967823 0.967823
9870 9.519646 9.519646 9.519646 0.967823 0.967823 0.967823
9880 9.519646 9.519646 9.519646 0.967823 0.967823 0.967823
9890 9.519646 9.519646 9.519646 0.967823 0.967823 0.967823
9900 9.519646 9.519646 9.519646 0.967823 0.967823 0.967823
9910 9.519646 9.519646 9.519646 0.967823 0.967823 0.967823
9920 9.519646 9.519646 9.519646 0.967823 0.967823 0.967823
9930 9.519646 9.519646 9.519646 0.967823 0.967823 0.967823
9940 9.519646 9.519646 9.519646 0.967823 0.967823 0.967823
9950 9.519646 9.519646 9.519646 0.967823 0.967823 0.967823
9960 9.519646 9.519646 9.519646 0.967823 0.967823 0.967823
9970 9.519646 9.519646 9.519646 0.967823 0.967823 0.967823
9980 9.519646 9.519646 9.519646 0.967823 0.967823 0.967823
9990 9.519646 9.519646 9.519646 0.967823 0.967823 0.967823
10000 9.604785 9.604785 9.604785 0.985729 0.985729 0.985729
