# generation power_min power_avg power_max util_min util_avg util_max
1 42.833788 43.770183 44.608737 0.780351 0.811085 0.831851
10 42.833788 43.683293 44.229089 0.792485 0.813408 0.831851
20 42.714458 43.595023 44.102639 0.798511 0.816135 0.838567
30 42.666557 43.519338 43.962570 0.800309 0.818332 0.838567
40 42.576096 43.444649 43.873096 0.800309 0.820113 0.839472
50 42.576096 43.368552 43.739920 0.806497 0.822287 0.840143
60 42.576096 43.308131 43.643347 0.808022 0.823592 0.840143
70 42.576096 43.248877 43.574147 0.808022 0.825044 0.841294
80 42.576096 43.199304 43.512283 0.811126 0.826509 0.841294
90 42.576096 43.136248 43.477415 0.811126 0.827738 0.841493
100 42.576096 43.076417 43.419466 0.814027 0.829519 0.843820
110 42.485219 43.003255 43.341651 0.814027 0.831113 0.843888
120 42.310997 42.931266 43.280801 0.818353 0.832940 0.852597
130 42.310997 42.865606 43.229542 0.818632 0.834686 0.852597
140 42.171339 42.806234 43.177271 0.819787 0.836177 0.852597
150 42.171339 42.741093 43.122315 0.822104 0.837520 0.852597
160 42.171339 42.680150 43.069315 0.822104 0.838568 0.852597
170 42.148846 42.619447 42.969091 0.827106 0.839686 0.857370
180 42.131137 42.557566 42.876229 0.827106 0.840942 0.857370
190 42.084500 42.505617 42.798409 0.827106 0.842304 0.857370
200 42.084500 42.455532 42.716085 0.833701 0.843534 0.857370
210 42.084500 42.413777 42.666557 0.835944 0.844657 0.857656
220 41.947167 42.372549 42.607352 0.839014 0.845814 0.859445
230 41.947167 42.332703 42.576096 0.839168 0.846750 0.859445
240 41.947167 42.291755 42.512237 0.839168 0.847865 0.859445
250 41.947167 42.255635 42.475140 0.840672 0.848862 0.859445
260 41.947167 42.219241 42.417117 0.841015 0.849950 0.859445
270 41.947167 42.183394 42.387034 0.841015 0.851009 0.859608
280 41.947167 42.149020 42.367519 0.841015 0.852032 0.859949
290 41.947167 42.118700 42.338390 0.841015 0.853054 0.859949
300 41.943765 42.093049 42.263685 0.846739 0.853898 0.859949
310 41.943765 42.072683 42.171339 0.848472 0.854407 0.859949
320 41.943765 42.058085 42.147725 0.848472 0.855002 0.859949
330 41.927143 42.043258 42.143131 0.848472 0.855632 0.861655
340 41.927143 42.026733 42.127429 0.848472 0.856274 0.861655
350 41.857948 42.011907 42.084500 0.854134 0.856764 0.861655
360 41.857948 41.999157 42.084500 0.854134 0.857156 0.863686
370 41.857948 41.985247 42.045719 0.854134 0.857440 0.863686
380 41.780812 41.971902 42.015306 0.855800 0.857953 0.864465
390 41.780812 41.960065 42.015306 0.855800 0.858363 0.864465
400 41.780812 41.947631 42.015306 0.855800 0.858841 0.864465
410 41.780812 41.932270 42.015306 0.855800 0.859370 0.864465
420 41.780812 41.915397 42.007438 0.855967 0.859839 0.864465
430 41.771401 41.901516 41.987098 0.855967 0.860071 0.867186
440 41.771401 41.884464 41.976525 0.856086 0.860577 0.867186
450 41.771401 41.868104 41.947167 0.857729 0.861114 0.867186
460 41.771401 41.853351 41.940835 0.857729 0.861603 0.867186
470 41.728234 41.839583 41.940835 0.857729 0.861958 0.867472
480 41.728234 41.825615 41.927143 0.858873 0.862379 0.867472
490 41.728234 41.813899 41.865401 0.858873 0.862781 0.867472
500 41.723711 41.804112 41.865063 0.860336 0.863312 0.867472
510 41.723711 41.795392 41.857948 0.860336 0.863805 0.867472
520 41.723711 41.787193 41.844910 0.860622 0.864318 0.867472
530 41.707706 41.780250 41.819593 0.860622 0.864640 0.867472
540 41.700516 41.775670 41.788001 0.861909 0.865061 0.867472
550 41.700516 41.773962 41.788001 0.861909 0.865176 0.867472
560 41.700516 41.771797 41.783478 0.864141 0.865419 0.867472
570 41.700516 41.769200 41.783478 0.864141 0.865674 0.867472
580 41.700516 41.765904 41.780812 0.864261 0.865974 0.867472
590 41.700516 41.762093 41.780812 0.864261 0.866228 0.867472
600 41.657350 41.756021 41.780812 0.864261 0.866438 0.868485
610 41.657350 41.750252 41.780812 0.864261 0.866689 0.868485
620 41.647939 41.740109 41.776289 0.864261 0.866957 0.868771
630 41.647939 41.732460 41.771401 0.865643 0.867036 0.868771
640 41.647939 41.725578 41.766877 0.865643 0.867056 0.868771
650 41.647939 41.715820 41.766877 0.865643 0.867148 0.868771
660 41.633517 41.705557 41.766877 0.865643 0.867212 0.868891
670 41.616917 41.693670 41.759688 0.865643 0.867333 0.870058
680 41.616917 41.684294 41.728234 0.865643 0.867406 0.870058
690 41.616917 41.676244 41.723711 0.865643 0.867535 0.870058
700 41.616917 41.667065 41.723711 0.865643 0.867706 0.870058
710 41.616917 41.658125 41.723711 0.865643 0.867866 0.870058
720 41.616917 41.649379 41.707706 0.865643 0.868161 0.870058
730 41.609727 41.641363 41.691105 0.865929 0.868453 0.870178
740 41.609727 41.635101 41.657350 0.866049 0.868704 0.870178
750 41.609727 41.630842 41.657350 0.866049 0.869108 0.870178
760 41.609727 41.627646 41.647939 0.867216 0.869264 0.870178
770 41.609727 41.624472 41.647939 0.867216 0.869394 0.870178
780 41.609727 41.621298 41.647939 0.867216 0.869524 0.870178
790 41.609727 41.618555 41.640749 0.867216 0.869647 0.870178
800 41.609727 41.616463 41.633517 0.867216 0.869920 0.870178
810 41.609727 41.615335 41.616917 0.870058 0.870085 0.870178
820 41.609727 41.614832 41.616917 0.870058 0.870093 0.870178
830 41.609727 41.614472 41.616917 0.870058 0.870099 0.870178
840 41.609727 41.613825 41.616917 0.870058 0.870110 0.870178
850 41.609727 41.613178 41.616917 0.870058 0.870121 0.870178
860 41.609727 41.612459 41.616917 0.870058 0.870133 0.870178
870 41.609727 41.611740 41.616917 0.870058 0.870145 0.870178
880 41.609727 41.611021 41.616917 0.870058 0.870157 0.870178
890 41.609727 41.610302 41.616917 0.870058 0.870169 0.870178
900 41.609727 41.609727 41.609727 0.870178 0.870178 0.870178
910 41.609727 41.609727 41.609727 0.870178 0.870178 0.870178
920 41.609727 41.609727 41.609727 0.870178 0.870178 0.870178
930 41.609727 41.609727 41.609727 0.870178 0.870178 0.870178
940 41.609727 41.609727 41.609727 0.870178 0.870178 0.870178
950 41.609727 41.609727 41.609727 0.870178 0.870178 0.870178
960 41.609727 41.609727 41.609727 0.870178 0.870178 0.870178
970 41.609727 41.609727 41.609727 0.870178 0.870178 0.870178
980 41.609727 41.609727 41.609727 0.870178 0.870178 0.870178
990 41.609727 41.609727 41.609727 0.870178 0.870178 0.870178
1000 41.609727 41.609727 41.609727 0.870178 0.870178 0.870178
1010 41.609727 41.609727 41.609727 0.870178 0.870178 0.870178
1020 41.609727 41.609727 41.609727 0.870178 0.870178 0.870178
1030 41.609727 41.609727 41.609727 0.870178 0.870178 0.870178
1040 41.609727 41.609727 41.609727 0.870178 0.870178 0.870178
1050 41.609727 41.609727 41.609727 0.870178 0.870178 0.870178
1060 41.609727 41.609727 41.609727 0.870178 0.870178 0.870178
1070 41.609727 41.609727 41.609727 0.870178 0.870178 0.870178
1080 41.609727 41.609727 41.609727 0.870178 0.870178 0.870178
1090 41.609727 41.609727 41.609727 0.870178 0.870178 0.870178
1100 41.609727 41.609727 41.609727 0.870178 0.870178 0.870178
1110 41.609727 41.609727 41.609727 0.870178 0.870178 0.870178
1120 41.609727 41.609727 41.609727 0.870178 0.870178 0.870178
1130 41.609727 41.609727 41.609727 0.870178 0.870178 0.870178
1140 41.609727 41.609727 41.609727 0.870178 0.870178 0.870178
1150 41.609727 41.609727 41.609727 0.870178 0.870178 0.870178
1160 41.609727 41.609727 41.609727 0.870178 0.870178 0.870178
1170 41.609727 41.609727 41.609727 0.870178 0.870178 0.870178
1180 41.609727 41.609727 41.609727 0.870178 0.870178 0.870178
1190 41.609727 41.609727 41.609727 0.870178 0.870178 0.870178
1200 41.609727 41.609727 41.609727 0.870178 0.870178 0.870178
1210 41.609727 41.609727 41.609727 0.870178 0.870178 0.870178
1220 41.609727 41.609727 41.609727 0.870178 0.870178 0.870178
1230 41.609727 41.609727 41.609727 0.870178 0.870178 0.870178
1240 41.609727 41.609727 41.609727 0.870178 0.870178 0.870178
1250 41.609727 41.609727 41.609727 0.870178 0.870178 0.870178
1260 41.609727 41.609727 41.609727 0.870178 0.870178 0.870178
1270 41.609727 41.609727 41.609727 0.870178 0.870178 0.870178
1280 41.609727 41.609727 41.609727 0.870178 0.870178 0.870178
1290 41.609727 41.609727 41.609727 0.870178 0.870178 0.870178
1300 41.609727 41.609727 41.609727 0.870178 0.870178 0.870178
1310 41.609727 41.609727 41.609727 0.870178 0.870178 0.870178
1320 41.609727 41.609727 41.609727 0.870178 0.870178 0.870178
1330 41.609727 41.609727 41.609727 0.870178 0.870178 0.870178
1340 41.609727 41.609727 41.609727 0.870178 0.870178 0.870178
1350 41.609727 41.609727 41.609727 0.870178 0.870178 0.870178
1360 41.609727 41.609727 41.609727 0.870178 0.870178 0.870178
1370 41.609727 41.609727 41.609727 0.870178 0.870178 0.870178
1380 41.609727 41.609727 41.609727 0.870178 0.870178 0.870178
1390 41.609727 41.609727 41.609727 0.870178 0.870178 0.870178
1400 41.609727 41.609727 41.609727 0.870178 0.870178 0.870178
1410 41.609727 41.609727 41.609727 0.870178 0.870178 0.870178
1420 41.609727 41.609727 41.609727 0.870178 0.870178 0.870178
1430 41.609727 41.609727 41.609727 0.870178 0.870178 0.870178
1440 41.609727 41.609727 41.609727 0.870178 0.870178 0.870178
1450 41.609727 41.609727 41.609727 0.870178 0.870178 0.870178
1460 41.609727 41.609727 41.609727 0.870178 0.870178 0.870178
1470 41.609727 41.609727 41.609727 0.870178 0.870178 0.870178
1480 41.609727 41.609727 41.609727 0.870178 0.870178 0.870178
1490 41.609727 41.609727 41.609727 0.870178 0.870178 0.870178
1500 41.609727 41.609727 41.609727 0.870178 0.870178 0.870178
1510 41.609727 41.609727 41.609727 0.870178 0.870178 0.870178
1520 41.609727 41.609727 41.609727 0.870178 0.870178 0.870178
1530 41.609727 41.609727 41.609727 0.870178 0.870178 0.870178
1540 41.609727 41.609727 41.609727 0.870178 0.870178 0.870178
1550 41.609727 41.609727 41.609727 0.870178 0.870178 0.870178
1560 41.609727 41.609727 41.609727 0.870178 0.870178 0.870178
1570 41.609727 41.609727 41.609727 0.870178 0.870178 0.870178
1580 41.609727 41.609727 41.609727 0.870178 0.870178 0.870178
1590 41.609727 41.609727 41.609727 0.870178 0.870178 0.870178
1600 41.609727 41.609727 41.609727 0.870178 0.870178 0.870178
1610 41.609727 41.609727 41.609727 0.870178 0.870178 0.870178
1620 41.609727 41.609727 41.609727 0.870178 0.870178 0.870178
1630 41.609727 41.609727 41.609727 0.870178 0.870178 0.870178
1640 41.609727 41.609727 41.609727 0.870178 0.870178 0.870178
1650 41.609727 41.609727 41.609727 0.870178 0.870178 0.870178
1660 41.609727 41.609727 41.609727 0.870178 0.870178 0.870178
1670 41.609727 41.609727 41.609727 0.870178 0.870178 0.870178
1680 41.609727 41.609727 41.609727 0.870178 0.870178 0.870178
1690 41.609727 41.609727 41.609727 0.870178 0.870178 0.870178
1700 41.609727 41.609727 41.609727 0.870178 0.870178 0.870178
1710 41.609727 41.609727 41.609727 0.870178 0.870178 0.870178
1720 41.609727 41.609727 41.609727 0.870178 0.870178 0.870178
1730 41.609727 41.609727 41.609727 0.870178 0.870178 0.870178
1740 41.609727 41.609727 41.609727 0.870178 0.870178 0.870178
1750 41.609727 41.609727 41.609727 0.870178 0.870178 0.870178
1760 41.609727 41.609727 41.609727 0.870178 0.870178 0.870178
1770 41.609727 41.609727 41.609727 0.870178 0.870178 0.870178
1780 41.609727 41.609727 41.609727 0.870178 0.870178 0.870178
1790 41.609727 41.609727 41.609727 0.870178 0.870178 0.870178
1800 41.609727 41.609727 41.609727 0.870178 0.870178 0.870178
1810 41.609727 41.609727 41.609727 0.870178 0.870178 0.870178
1820 41.609727 41.609727 41.609727 0.870178 0.870178 0.870178
1830 41.609727 41.609727 41.609727 0.870178 0.870178 0.870178
1840 41.609727 41.609727 41.609727 0.870178 0.870178 0.870178
1850 41.609727 41.609727 41.609727 0.870178 0.870178 0.870178
1860 41.609727 41.609727 41.609727 0.870178 0.870178 0.870178
1870 41.609727 41.609727 41.609727 0.870178 0.870178 0.870178
1880 41.609727 41.609727 41.609727 0.870178 0.870178 0.870178
1890 41.609727 41.609727 41.609727 0.870178 0.870178 0.870178
1900 41.609727 41.609727 41.609727 0.870178 0.870178 0.870178
1910 41.609727 41.609727 41.609727 0.870178 0.870178 0.870178
1920 41.609727 41.609727 41.609727 0.870178 0.870178 0.870178
1930 41.609727 41.609727 41.609727 0.870178 0.870178 0.870178
1940 41.609727 41.609727 41.609727 0.870178 0.870178 0.870178
1950 41.609727 41.609727 41.609727 0.870178 0.870178 0.870178
1960 41.609727 41.609727 41.609727 0.870178 0.870178 0.870178
1970 41.609727 41.609727 41.609727 0.870178 0.870178 0.870178
1980 41.609727 41.609727 41.609727 0.870178 0.870178 0.870178
1990 41.609727 41.609727 41.609727 0.870178 0.870178 0.870178
2000 41.609727 41.609727 41.609727 0.870178 0.870178 0.870178
2010 41.609727 41.609727 41.609727 0.870178 0.870178 0.870178
2020 41.609727 41.609727 41.609727 0.870178 0.870178 0.870178
2030 41.609727 41.609727 41.609727 0.870178 0.870178 0.870178
2040 41.609727 41.609727 41.609727 0.870178 0.870178 0.870178
2050 41.609727 41.609727 41.609727 0.870178 0.870178 0.870178
2060 41.609727 41.609727 41.609727 0.870178 0.870178 0.870178
2070 41.609727 41.609727 41.609727 0.870178 0.870178 0.870178
2080 41.609727 41.609727 41.609727 0.870178 0.870178 0.870178
2090 41.609727 41.609727 41.609727 0.870178 0.870178 0.870178
2100 41.609727 41.609727 41.609727 0.870178 0.870178 0.870178
2110 41.609727 41.609727 41.609727 0.870178 0.870178 0.870178
2120 41.609727 41.609727 41.609727 0.870178 0.870178 0.870178
2130 41.609727 41.609727 41.609727 0.870178 0.870178 0.870178
2140 41.609727 41.609727 41.609727 0.870178 0.870178 0.870178
2150 41.609727 41.609727 41.609727 0.870178 0.870178 0.870178
2160 41.609727 41.609727 41.609727 0.870178 0.870178 0.870178
2170 41.609727 41.609727 41.609727 0.870178 0.870178 0.870178
2180 41.609727 41.609727 41.609727 0.870178 0.870178 0.870178
2190 41.609727 41.609727 41.609727 0.870178 0.870178 0.870178
2200 41.609727 41.609727 41.609727 0.870178 0.870178 0.870178
2210 41.609727 41.609727 41.609727 0.870178 0.870178 0.870178
2220 41.609727 41.609727 41.609727 0.870178 0.870178 0.870178
2230 41.609727 41.609727 41.609727 0.870178 0.870178 0.870178
2240 41.609727 41.609727 41.609727 0.870178 0.870178 0.870178
2250 41.609727 41.609727 41.609727 0.870178 0.870178 0.870178
2260 41.609727 41.609727 41.609727 0.870178 0.870178 0.870178
2270 41.609727 41.609727 41.609727 0.870178 0.870178 0.870178
2280 41.609727 41.609727 41.609727 0.870178 0.870178 0.870178
2290 41.609727 41.609727 41.609727 0.870178 0.870178 0.870178
2300 41.609727 41.609727 41.609727 0.870178 0.870178 0.870178
2310 41.609727 41.609727 41.609727 0.870178 0.870178 0.870178
2320 41.609727 41.609727 41.609727 0.870178 0.870178 0.870178
2330 41.609727 41.609727 41.609727 0.870178 0.870178 0.870178
2340 41.609727 41.609727 41.609727 0.870178 0.870178 0.870178
2350 41.609727 41.609727 41.609727 0.870178 0.870178 0.870178
2360 41.609727 41.609727 41.609727 0.870178 0.870178 0.870178
2370 41.609727 41.609727 41.609727 0.870178 0.870178 0.870178
2380 41.609727 41.609727 41.609727 0.870178 0.870178 0.870178
2390 41.609727 41.609727 41.609727 0.870178 0.870178 0.870178
2400 41.609727 41.609727 41.609727 0.870178 0.870178 0.870178
2410 41.609727 41.609727 41.609727 0.870178 0.870178 0.870178
2420 41.609727 41.609727 41.609727 0.870178 0.870178 0.870178
2430 41.609727 41.609727 41.609727 0.870178 0.870178 0.870178
2440 41.609727 41.609727 41.609727 0.870178 0.870178 0.870178
2450 41.609727 41.609727 41.609727 0.870178 0.870178 0.870178
2460 41.609727 41.609727 41.609727 0.870178 0.870178 0.870178
2470 41.609727 41.609727 41.609727 0.870178 0.870178 0.870178
2480 41.609727 41.609727 41.609727 0.870178 0.870178 0.870178
2490 41.609727 41.609727 41.609727 0.870178 0.870178 0.870178
2500 41.609727 41.609727 41.609727 0.870178 0.870178 0.870178
2510 41.609727 41.609727 41.609727 0.870178 0.870178 0.870178
2520 41.609727 41.609727 41.609727 0.870178 0.870178 0.870178
2530 41.609727 41.609727 41.609727 0.870178 0.870178 0.870178
2540 41.609727 41.609727 41.609727 0.870178 0.870178 0.870178
2550 41.609727 41.609727 41.609727 0.870178 0.870178 0.870178
2560 41.609727 41.609727 41.609727 0.870178 0.870178 0.870178
2570 41.609727 41.609727 41.609727 0.870178 0.870178 0.870178
2580 41.609727 41.609727 41.609727 0.870178 0.870178 0.870178
2590 41.609727 41.609727 41.609727 0.870178 0.870178 0.870178
2600 41.609727 41.609727 41.609727 0.870178 0.870178 0.870178
2610 41.609727 41.609727 41.609727 0.870178 0.870178 0.870178
2620 41.609727 41.609727 41.609727 0.870178 0.870178 0.870178
2630 41.609727 41.609727 41.609727 0.870178 0.870178 0.870178
2640 41.609727 41.609727 41.609727 0.870178 0.870178 0.870178
2650 41.609727 41.609727 41.609727 0.870178 0.870178 0.870178
2660 41.609727 41.609727 41.609727 0.870178 0.870178 0.870178
2670 41.609727 41.609727 41.609727 0.870178 0.870178 0.870178
2680 41.609727 41.609727 41.609727 0.870178 0.870178 0.870178
2690 41.609727 41.609727 41.609727 0.870178 0.870178 0.870178
2700 41.609727 41.609727 41.609727 0.870178 0.870178 0.870178
2710 41.609727 41.609727 41.609727 0.870178 0.870178 0.870178
2720 41.609727 41.609727 41.609727 0.870178 0.870178 0.870178
2730 41.609727 41.609727 41.609727 0.870178 0.870178 0.870178
2740 41.609727 41.609727 41.609727 0.870178 0.870178 0.870178
2750 41.609727 41.609727 41.609727 0.870178 0.870178 0.870178
2760 41.609727 41.609727 41.609727 0.870178 0.870178 0.870178
2770 41.609727 41.609727 41.609727 0.870178 0.870178 0.870178
2780 41.609727 41.609727 41.609727 0.870178 0.870178 0.870178
2790 41.609727 41.609727 41.609727 0.870178 0.870178 0.870178
2800 41.609727 41.609727 41.609727 0.870178 0.870178 0.870178
2810 41.609727 41.609727 41.609727 0.870178 0.870178 0.870178
2820 41.609727 41.609727 41.609727 0.870178 0.870178 0.870178
2830 41.609727 41.609727 41.609727 0.870178 0.870178 0.870178
2840 41.609727 41.609727 41.609727 0.870178 0.870178 0.870178
2850 41.609727 41.609727 41.609727 0.870178 0.870178 0.870178
2860 41.609727 41.609727 41.609727 0.870178 0.870178 0.870178
2870 41.609727 41.609727 41.609727 0.870178 0.870178 0.870178
2880 41.609727 41.609727 41.609727 0.870178 0.870178 0.870178
2890 41.609727 41.609727 41.609727 0.870178 0.870178 0.870178
2900 41.609727 41.609727 41.609727 0.870178 0.870178 0.870178
2910 41.609727 41.609727 41.609727 0.870178 0.870178 0.870178
2920 41.609727 41.609727 41.609727 0.870178 0.870178 0.870178
2930 41.609727 41.609727 41.609727 0.870178 0.870178 0.870178
2940 41.609727 41.609727 41.609727 0.870178 0.870178 0.870178
2950 41.609727 41.609727 41.609727 0.870178 0.870178 0.870178
2960 41.609727 41.609727 41.609727 0.870178 0.870178 0.870178
2970 41.609727 41.609727 41.609727 0.870178 0.870178 0.870178
2980 41.609727 41.609727 41.609727 0.870178 0.870178 0.870178
2990 41.609727 41.609727 41.609727 0.870178 0.870178 0.870178
3000 41.609727 41.609727 41.609727 0.870178 0.870178 0.870178
3010 41.609727 41.609727 41.609727 0.870178 0.870178 0.870178
3020 41.609727 41.609727 41.609727 0.870178 0.870178 0.870178
3030 41.609727 41.609727 41.609727 0.870178 0.870178 0.870178
3040 41.609727 41.609727 41.609727 0.870178 0.870178 0.870178
3050 41.609727 41.609727 41.609727 0.870178 0.870178 0.870178
3060 41.609727 41.609727 41.609727 0.870178 0.870178 0.870178
3070 41.609727 41.609727 41.609727 0.870178 0.870178 0.870178
3080 41.609727 41.609727 41.609727 0.870178 0.870178 0.870178
3090 41.609727 41.609727 41.609727 0.870178 0.870178 0.870178
3100 41.609727 41.609727 41.609727 0.870178 0.870178 0.870178
3110 41.609727 41.609727 41.609727 0.870178 0.870178 0.870178
3120 41.609727 41.609727 41.609727 0.870178 0.870178 0.870178
3130 41.609727 41.609727 41.609727 0.870178 0.870178 0.870178
3140 41.609727 41.609727 41.609727 0.870178 0.870178 0.870178
3150 41.609727 41.609727 41.609727 0.870178 0.870178 0.870178
3160 41.609727 41.609727 41.609727 0.870178 0.870178 0.870178
3170 41.609727 41.609727 41.609727 0.870178 0.870178 0.870178
3180 41.609727 41.609727 41.609727 0.870178 0.870178 0.870178
3190 41.609727 41.609727 41.609727 0.870178 0.870178 0.870178
3200 41.609727 41.609727 41.609727 0.870178 0.870178 0.870178
3210 41.609727 41.609727 41.609727 0.870178 0.870178 0.870178
3220 41.609727 41.609727 41.609727 0.870178 0.870178 0.870178
3230 41.609727 41.609727 41.609727 0.870178 0.870178 0.870178
3240 41.609727 41.609727 41.609727 0.870178 0.870178 0.870178
3250 41.609727 41.609727 41.609727 0.870178 0.870178 0.870178
3260 41.609727 41.609727 41.609727 0.870178 0.870178 0.870178
3270 41.609727 41.609727 41.609727 0.870178 0.870178 0.870178
3280 41.609727 41.609727 41.609727 0.870178 0.870178 0.870178
3290 41.609727 41.609727 41.609727 0.870178 0.870178 0.870178
3300 41.609727 41.609727 41.609727 0.870178 0.870178 0.870178
3310 41.609727 41.609727 41.609727 0.870178 0.870178 0.870178
3320 41.609727 41.609727 41.609727 0.870178 0.870178 0.870178
3330 41.609727 41.609727 41.609727 0.870178 0.870178 0.870178
3340 41.609727 41.609727 41.609727 0.870178 0.870178 0.870178
3350 41.609727 41.609727 41.609727 0.870178 0.870178 0.870178
3360 41.609727 41.609727 41.609727 0.870178 0.870178 0.870178
3370 41.609727 41.609727 41.609727 0.870178 0.870178 0.870178
3380 41.609727 41.609727 41.609727 0.870178 0.870178 0.870178
3390 41.609727 41.609727 41.609727 0.870178 0.870178 0.870178
3400 41.609727 41.609727 41.609727 0.870178 0.870178 0.870178
3410 41.609727 41.609727 41.609727 0.870178 0.870178 0.870178
3420 41.609727 41.609727 41.609727 0.870178 0.870178 0.870178
3430 41.609727 41.609727 41.609727 0.870178 0.870178 0.870178
3440 41.609727 41.609727 41.609727 0.870178 0.870178 0.870178
3450 41.609727 41.609727 41.609727 0.870178 0.870178 0.870178
3460 41.609727 41.609727 41.609727 0.870178 0.870178 0.870178
3470 41.609727 41.609727 41.609727 0.870178 0.870178 0.870178
3480 41.609727 41.609727 41.609727 0.870178 0.870178 0.870178
3490 41.609727 41.609727 41.609727 0.870178 0.870178 0.870178
3500 41.609727 41.609727 41.609727 0.870178 0.870178 0.870178
3510 41.609727 41.609727 41.609727 0.870178 0.870178 0.870178
3520 41.609727 41.609727 41.609727 0.870178 0.870178 0.870178
3530 41.609727 41.609727 41.609727 0.870178 0.870178 0.870178
3540 41.609727 41.609727 41.609727 0.870178 0.870178 0.870178
3550 41.609727 41.609727 41.609727 0.870178 0.870178 0.870178
3560 41.609727 41.609727 41.609727 0.870178 0.870178 0.870178
3570 41.609727 41.609727 41.609727 0.870178 0.870178 0.870178
3580 41.609727 41.609727 41.609727 0.870178 0.870178 0.870178
3590 41.609727 41.609727 41.609727 0.870178 0.870178 0.870178
3600 41.609727 41.609727 41.609727 0.870178 0.870178 0.870178
3610 41.609727 41.609727 41.609727 0.870178 0.870178 0.870178
3620 41.609727 41.609727 41.609727 0.870178 0.870178 0.870178
3630 41.609727 41.609727 41.609727 0.870178 0.870178 0.870178
3640 41.609727 41.609727 41.609727 0.870178 0.870178 0.870178
3650 41.609727 41.609727 41.609727 0.870178 0.870178 0.870178
3660 41.609727 41.609727 41.609727 0.870178 0.870178 0.870178
3670 41.609727 41.609727 41.609727 0.870178 0.870178 0.870178
3680 41.609727 41.609727 41.609727 0.870178 0.870178 0.870178
3690 41.609727 41.609727 41.609727 0.870178 0.870178 0.870178
3700 41.609727 41.609727 41.609727 0.870178 0.870178 0.870178
3710 41.609727 41.609727 41.609727 0.870178 0.870178 0.870178
3720 41.609727 41.609727 41.609727 0.870178 0.870178 0.870178
3730 41.609727 41.609727 41.609727 0.870178 0.870178 0.870178
3740 41.609727 41.609727 41.609727 0.870178 0.870178 0.870178
3750 41.609727 41.609727 41.609727 0.870178 0.870178 0.870178
3760 41.609727 41.609727 41.609727 0.870178 0.870178 0.870178
3770 41.609727 41.609727 41.609727 0.870178 0.870178 0.870178
3780 41.609727 41.609727 41.609727 0.870178 0.870178 0.870178
3790 41.609727 41.609727 41.609727 0.870178 0.870178 0.870178
3800 41.609727 41.609727 41.609727 0.870178 0.870178 0.870178
3810 41.609727 41.609727 41.609727 0.870178 0.870178 0.870178
3820 41.609727 41.609727 41.609727 0.870178 0.870178 0.870178
3830 41.609727 41.609727 41.609727 0.870178 0.870178 0.870178
3840 41.609727 41.609727 41.609727 0.870178 0.870178 0.870178
3850 41.609727 41.609727 41.609727 0.870178 0.870178 0.870178
3860 41.609727 41.609727 41.609727 0.870178 0.870178 0.870178
3870 41.609727 41.609727 41.609727 0.870178 0.870178 0.870178
3880 41.609727 41.609727 41.609727 0.870178 0.870178 0.870178
3890 41.609727 41.609727 41.609727 0.870178 0.870178 0.870178
3900 41.609727 41.609727 41.609727 0.870178 0.870178 0.870178
3910 41.609727 41.609727 41.609727 0.870178 0.870178 0.870178
3920 41.609727 41.609727 41.609727 0.870178 0.870178 0.870178
3930 41.609727 41.609727 41.609727 0.870178 0.870178 0.870178
3940 41.609727 41.609727 41.609727 0.870178 0.870178 0.870178
3950 41.609727 41.609727 41.609727 0.870178 0.870178 0.870178
3960 41.609727 41.609727 41.609727 0.870178 0.870178 0.870178
3970 41.609727 41.609727 41.609727 0.870178 0.870178 0.870178
3980 41.609727 41.609727 41.609727 0.870178 0.870178 0.870178
3990 41.609727 41.609727 41.609727 0.870178 0.870178 0.870178
4000 41.609727 41.609727 41.609727 0.870178 0.870178 0.870178
4010 41.609727 41.609727 41.609727 0.870178 0.870178 0.870178
4020 41.609727 41.609727 41.609727 0.870178 0.870178 0.870178
4030 41.609727 41.609727 41.609727 0.870178 0.870178 0.870178
4040 41.609727 41.609727 41.609727 0.870178 0.870178 0.870178
4050 41.609727 41.609727 41.609727 0.870178 0.870178 0.870178
4060 41.609727 41.609727 41.609727 0.870178 0.870178 0.870178
4070 41.609727 41.609727 41.609727 0.870178 0.870178 0.870178
4080 41.609727 41.609727 41.609727 0.870178 0.870178 0.870178
4090 41.609727 41.609727 41.609727 0.870178 0.870178 0.870178
4100 41.609727 41.609727 41.609727 0.870178 0.870178 0.870178
4110 41.609727 41.609727 41.609727 0.870178 0.870178 0.870178
4120 41.609727 41.609727 41.609727 0.870178 0.870178 0.870178
4130 41.609727 41.609727 41.609727 0.870178 0.870178 0.870178
4140 41.609727 41.609727 41.609727 0.870178 0.870178 0.870178
4150 41.609727 41.609727 41.609727 0.870178 0.870178 0.870178
4160 41.609727 41.609727 41.609727 0.870178 0.870178 0.870178
4170 41.609727 41.609727 41.609727 0.870178 0.870178 0.870178
4180 41.609727 41.609727 41.609727 0.870178 0.870178 0.870178
4190 41.609727 41.609727 41.609727 0.870178 0.870178 0.870178
4200 41.609727 41.609727 41.609727 0.870178 0.870178 0.870178
4210 41.609727 41.609727 41.609727 0.870178 0.870178 0.870178
4220 41.609727 41.609727 41.609727 0.870178 0.870178 0.870178
4230 41.609727 41.609727 41.609727 0.870178 0.870178 0.870178
4240 41.609727 41.609727 41.609727 0.870178 0.870178 0.870178
4250 41.609727 41.609727 41.609727 0.870178 0.870178 0.870178
4260 41.609727 41.609727 41.609727 0.870178 0.870178 0.870178
4270 41.609727 41.609727 41.609727 0.870178 0.870178 0.870178
4280 41.609727 41.609727 41.609727 0.870178 0.870178 0.870178
4290 41.609727 41.609727 41.609727 0.870178 0.870178 0.870178
4300 41.609727 41.609727 41.609727 0.870178 0.870178 0.870178
4310 41.609727 41.609727 41.609727 0.870178 0.870178 0.870178
4320 41.609727 41.609727 41.609727 0.870178 0.870178 0.870178
4330 41.609727 41.609727 41.609727 0.870178 0.870178 0.870178
4340 41.609727 41.609727 41.609727 0.870178 0.870178 0.870178
4350 41.609727 41.609727 41.609727 0.870178 0.870178 0.870178
4360 41.609727 41.609727 41.609727 0.870178 0.870178 0.870178
4370 41.609727 41.609727 41.609727 0.870178 0.870178 0.870178
4380 41.609727 41.609727 41.609727 0.870178 0.870178 0.870178
4390 41.609727 41.609727 41.609727 0.870178 0.870178 0.870178
4400 41.609727 41.609727 41.609727 0.870178 0.870178 0.870178
4410 41.609727 41.609727 41.609727 0.870178 0.870178 0.870178
4420 41.609727 41.609727 41.609727 0.870178 0.870178 0.870178
4430 41.609727 41.609727 41.609727 0.870178 0.870178 0.870178
4440 41.609727 41.609727 41.609727 0.870178 0.870178 0.870178
4450 41.609727 41.609727 41.609727 0.870178 0.870178 0.870178
4460 41.609727 41.609727 41.609727 0.870178 0.870178 0.870178
4470 41.609727 41.609727 41.609727 0.870178 0.870178 0.870178
4480 41.609727 41.609727 41.609727 0.870178 0.870178 0.870178
4490 41.609727 41.609727 41.609727 0.870178 0.870178 0.870178
4500 41.609727 41.609727 41.609727 0.870178 0.870178 0.870178
4510 41.609727 41.609727 41.609727 0.870178 0.870178 0.870178
4520 41.609727 41.609727 41.609727 0.870178 0.870178 0.870178
4530 41.609727 41.609727 41.609727 0.870178 0.870178 0.870178
4540 41.609727 41.609727 41.609727 0.870178 0.870178 0.870178
4550 41.609727 41.609727 41.609727 0.870178 0.870178 0.870178
4560 41.609727 41.609727 41.609727 0.870178 0.870178 0.870178
4570 41.609727 41.609727 41.609727 0.870178 0.870178 0.870178
4580 41.609727 41.609727 41.609727 0.870178 0.870178 0.870178
4590 41.609727 41.609727 41.609727 0.870178 0.870178 0.870178
4600 41.609727 41.609727 41.609727 0.870178 0.870178 0.870178
4610 41.609727 41.609727 41.609727 0.870178 0.870178 0.870178
4620 41.609727 41.609727 41.609727 0.870178 0.870178 0.870178
4630 41.609727 41.609727 41.609727 0.870178 0.870178 0.870178
4640 41.609727 41.609727 41.609727 0.870178 0.870178 0.870178
4650 41.609727 41.609727 41.609727 0.870178 0.870178 0.870178
4660 41.609727 41.609727 41.609727 0.870178 0.870178 0.870178
4670 41.609727 41.609727 41.609727 0.870178 0.870178 0.870178
4680 41.609727 41.609727 41.609727 0.870178 0.870178 0.870178
4690 41.609727 41.609727 41.609727 0.870178 0.870178 0.870178
4700 41.609727 41.609727 41.609727 0.870178 0.870178 0.870178
4710 41.609727 41.609727 41.609727 0.870178 0.870178 0.870178
4720 41.609727 41.609727 41.609727 0.870178 0.870178 0.870178
4730 41.609727 41.609727 41.609727 0.870178 0.870178 0.870178
4740 41.609727 41.609727 41.609727 0.870178 0.870178 0.870178
4750 41.609727 41.609727 41.609727 0.870178 0.870178 0.870178
4760 41.609727 41.609727 41.609727 0.870178 0.870178 0.870178
4770 41.609727 41.609727 41.609727 0.870178 0.870178 0.870178
4780 41.609727 41.609727 41.609727 0.870178 0.870178 0.870178
4790 41.609727 41.609727 41.609727 0.870178 0.870178 0.870178
4800 41.609727 41.609727 41.609727 0.870178 0.870178 0.870178
4810 41.609727 41.609727 41.609727 0.870178 0.870178 0.870178
4820 41.609727 41.609727 41.609727 0.870178 0.870178 0.870178
4830 41.609727 41.609727 41.609727 0.870178 0.870178 0.870178
4840 41.609727 41.609727 41.609727 0.870178 0.870178 0.870178
4850 41.609727 41.609727 41.609727 0.870178 0.870178 0.870178
4860 41.609727 41.609727 41.609727 0.870178 0.870178 0.870178
4870 41.609727 41.609727 41.609727 0.870178 0.870178 0.870178
4880 41.609727 41.609727 41.609727 0.870178 0.870178 0.870178
4890 41.609727 41.609727 41.609727 0.870178 0.870178 0.870178
4900 41.609727 41.609727 41.609727 0.870178 0.870178 0.870178
4910 41.609727 41.609727 41.609727 0.870178 0.870178 0.870178
4920 41.609727 41.609727 41.609727 0.870178 0.870178 0.870178
4930 41.609727 41.609727 41.609727 0.870178 0.870178 0.870178
4940 41.609727 41.609727 41.609727 0.870178 0.870178 0.870178
4950 41.609727 41.609727 41.609727 0.870178 0.870178 0.870178
4960 41.609727 41.609727 41.609727 0.870178 0.870178 0.870178
4970 41.609727 41.609727 41.609727 0.870178 0.870178 0.870178
4980 41.609727 41.609727 41.609727 0.870178 0.870178 0.870178
4990 41.609727 41.609727 41.609727 0.870178 0.870178 0.870178
5000 41.609727 41.609727 41.609727 0.870178 0.870178 0.870178
5010 41.609727 41.609727 41.609727 0.870178 0.870178 0.870178
5020 41.609727 41.609727 41.609727 0.870178 0.870178 0.870178
5030 41.609727 41.609727 41.609727 0.870178 0.870178 0.870178
5040 41.609727 41.609727 41.609727 0.870178 0.870178 0.870178
5050 41.609727 41.609727 41.609727 0.870178 0.870178 0.870178
5060 41.609727 41.609727 41.609727 0.870178 0.870178 0.870178
5070 41.609727 41.609727 41.609727 0.870178 0.870178 0.870178
5080 41.609727 41.609727 41.609727 0.870178 0.870178 0.870178
5090 41.609727 41.609727 41.609727 0.870178 0.870178 0.870178
5100 41.609727 41.609727 41.609727 0.870178 0.870178 0.870178
5110 41.609727 41.609727 41.609727 0.870178 0.870178 0.870178
5120 41.609727 41.609727 41.609727 0.870178 0.870178 0.870178
5130 41.609727 41.609727 41.609727 0.870178 0.870178 0.870178
5140 41.609727 41.609727 41.609727 0.870178 0.870178 0.870178
5150 41.609727 41.609727 41.609727 0.870178 0.870178 0.870178
5160 41.609727 41.609727 41.609727 0.870178 0.870178 0.870178
5170 41.609727 41.609727 41.609727 0.870178 0.870178 0.870178
5180 41.609727 41.609727 41.609727 0.870178 0.870178 0.870178
5190 41.609727 41.609727 41.609727 0.870178 0.870178 0.870178
5200 41.609727 41.609727 41.609727 0.870178 0.870178 0.870178
5210 41.609727 41.609727 41.609727 0.870178 0.870178 0.870178
5220 41.609727 41.609727 41.609727 0.870178 0.870178 0.870178
5230 41.609727 41.609727 41.609727 0.870178 0.870178 0.870178
5240 41.609727 41.609727 41.609727 0.870178 0.870178 0.870178
5250 41.609727 41.609727 41.609727 0.870178 0.870178 0.870178
5260 41.609727 41.609727 41.609727 0.870178 0.870178 0.870178
5270 41.609727 41.609727 41.609727 0.870178 0.870178 0.870178
5280 41.609727 41.609727 41.609727 0.870178 0.870178 0.870178
5290 41.609727 41.609727 41.609727 0.870178 0.870178 0.870178
5300 41.609727 41.609727 41.609727 0.870178 0.870178 0.870178
5310 41.609727 41.609727 41.609727 0.870178 0.870178 0.870178
5320 41.609727 41.609727 41.609727 0.870178 0.870178 0.870178
5330 41.609727 41.609727 41.609727 0.870178 0.870178 0.870178
5340 41.609727 41.609727 41.609727 0.870178 0.870178 0.870178
5350 41.609727 41.609727 41.609727 0.870178 0.870178 0.870178
5360 41.609727 41.609727 41.609727 0.870178 0.870178 0.870178
5370 41.609727 41.609727 41.609727 0.870178 0.870178 0.870178
5380 41.609727 41.609727 41.609727 0.870178 0.870178 0.870178
5390 41.609727 41.609727 41.609727 0.870178 0.870178 0.870178
5400 41.609727 41.609727 41.609727 0.870178 0.870178 0.870178
5410 41.609727 41.609727 41.609727 0.870178 0.870178 0.870178
5420 41.609727 41.609727 41.609727 0.870178 0.870178 0.870178
5430 41.609727 41.609727 41.609727 0.870178 0.870178 0.870178
5440 41.609727 41.609727 41.609727 0.870178 0.870178 0.870178
5450 41.609727 41.609727 41.609727 0.870178 0.870178 0.870178
5460 41.609727 41.609727 41.609727 0.870178 0.870178 0.870178
5470 41.609727 41.609727 41.609727 0.870178 0.870178 0.870178
5480 41.609727 41.609727 41.609727 0.870178 0.870178 0.870178
5490 41.609727 41.609727 41.609727 0.870178 0.870178 0.870178
5500 41.609727 41.609727 41.609727 0.870178 0.870178 0.870178
5510 41.609727 41.609727 41.609727 0.870178 0.870178 0.870178
5520 41.609727 41.609727 41.609727 0.870178 0.870178 0.870178
5530 41.609727 41.609727 41.609727 0.870178 0.870178 0.870178
5540 41.609727 41.609727 41.609727 0.870178 0.870178 0.870178
5550 41.609727 41.609727 41.609727 0.870178 0.870178 0.870178
5560 41.609727 41.609727 41.609727 0.870178 0.870178 0.870178
5570 41.609727 41.609727 41.609727 0.870178 0.870178 0.870178
5580 41.609727 41.609727 41.609727 0.870178 0.870178 0.870178
5590 41.609727 41.609727 41.609727 0.870178 0.870178 0.870178
5600 41.609727 41.609727 41.609727 0.870178 0.870178 0.870178
5610 41.609727 41.609727 41.609727 0.870178 0.870178 0.870178
5620 41.609727 41.609727 41.609727 0.870178 0.870178 0.870178
5630 41.609727 41.609727 41.609727 0.870178 0.870178 0.870178
5640 41.609727 41.609727 41.609727 0.870178 0.870178 0.870178
5650 41.609727 41.609727 41.609727 0.870178 0.870178 0.870178
5660 41.609727 41.609727 41.609727 0.870178 0.870178 0.870178
5670 41.609727 41.609727 41.609727 0.870178 0.870178 0.870178
5680 41.609727 41.609727 41.609727 0.870178 0.870178 0.870178
5690 41.609727 41.609727 41.609727 0.870178 0.870178 0.870178
5700 41.609727 41.609727 41.609727 0.870178 0.870178 0.870178
5710 41.609727 41.609727 41.609727 0.870178 0.870178 0.870178
5720 41.609727 41.609727 41.609727 0.870178 0.870178 0.870178
5730 41.609727 41.609727 41.609727 0.870178 0.870178 0.870178
5740 41.609727 41.609727 41.609727 0.870178 0.870178 0.870178
5750 41.609727 41.609727 41.609727 0.870178 0.870178 0.870178
5760 41.609727 41.609727 41.609727 0.870178 0.870178 0.870178
5770 41.609727 41.609727 41.609727 0.870178 0.870178 0.870178
5780 41.609727 41.609727 41.609727 0.870178 0.870178 0.870178
5790 41.609727 41.609727 41.609727 0.870178 0.870178 0.870178
5800 41.609727 41.609727 41.609727 0.870178 0.870178 0.870178
5810 41.609727 41.609727 41.609727 0.870178 0.870178 0.870178
5820 41.609727 41.609727 41.609727 0.870178 0.870178 0.870178
5830 41.609727 41.609727 41.609727 0.870178 0.870178 0.870178
5840 41.609727 41.609727 41.609727 0.870178 0.870178 0.870178
5850 41.609727 41.609727 41.609727 0.870178 0.870178 0.870178
5860 41.609727 41.609727 41.609727 0.870178 0.870178 0.870178
5870 41.609727 41.609727 41.609727 0.870178 0.870178 0.870178
5880 41.609727 41.609727 41.609727 0.870178 0.870178 0.870178
5890 41.609727 41.609727 41.609727 0.870178 0.870178 0.870178
5900 41.609727 41.609727 41.609727 0.870178 0.870178 0.870178
5910 41.609727 41.609727 41.609727 0.870178 0.870178 0.870178
5920 41.609727 41.609727 41.609727 0.870178 0.870178 0.870178
5930 41.609727 41.609727 41.609727 0.870178 0.870178 0.870178
5940 41.609727 41.609727 41.609727 0.870178 0.870178 0.870178
5950 41.609727 41.609727 41.609727 0.870178 0.870178 0.870178
5960 41.609727 41.609727 41.609727 0.870178 0.870178 0.870178
5970 41.609727 41.609727 41.609727 0.870178 0.870178 0.870178
5980 41.609727 41.609727 41.609727 0.870178 0.870178 0.870178
5990 41.609727 41.609727 41.609727 0.870178 0.870178 0.870178
6000 41.609727 41.609727 41.609727 0.870178 0.870178 0.870178
6010 41.609727 41.609727 41.609727 0.870178 0.870178 0.870178
6020 41.609727 41.609727 41.609727 0.870178 0.870178 0.870178
6030 41.609727 41.609727 41.609727 0.870178 0.870178 0.870178
6040 41.609727 41.609727 41.609727 0.870178 0.870178 0.870178
6050 41.609727 41.609727 41.609727 0.870178 0.870178 0.870178
6060 41.609727 41.609727 41.609727 0.870178 0.870178 0.870178
6070 41.609727 41.609727 41.609727 0.870178 0.870178 0.870178
6080 41.609727 41.609727 41.609727 0.870178 0.870178 0.870178
6090 41.609727 41.609727 41.609727 0.870178 0.870178 0.870178
6100 41.609727 41.609727 41.609727 0.870178 0.870178 0.870178
6110 41.609727 41.609727 41.609727 0.870178 0.870178 0.870178
6120 41.609727 41.609727 41.609727 0.870178 0.870178 0.870178
6130 41.609727 41.609727 41.609727 0.870178 0.870178 0.870178
6140 41.609727 41.609727 41.609727 0.870178 0.870178 0.870178
6150 41.609727 41.609727 41.609727 0.870178 0.870178 0.870178
6160 41.609727 41.609727 41.609727 0.870178 0.870178 0.870178
6170 41.609727 41.609727 41.609727 0.870178 0.870178 0.870178
6180 41.609727 41.609727 41.609727 0.870178 0.870178 0.870178
6190 41.609727 41.609727 41.609727 0.870178 0.870178 0.870178
6200 41.609727 41.609727 41.609727 0.870178 0.870178 0.870178
6210 41.609727 41.609727 41.609727 0.870178 0.870178 0.870178
6220 41.609727 41.609727 41.609727 0.870178 0.870178 0.870178
6230 41.609727 41.609727 41.609727 0.870178 0.870178 0.870178
6240 41.609727 41.609727 41.609727 0.870178 0.870178 0.870178
6250 41.609727 41.609727 41.609727 0.870178 0.870178 0.870178
6260 41.609727 41.609727 41.609727 0.870178 0.870178 0.870178
6270 41.609727 41.609727 41.609727 0.870178 0.870178 0.870178
6280 41.609727 41.609727 41.609727 0.870178 0.870178 0.870178
6290 41.609727 41.609727 41.609727 0.870178 0.870178 0.870178
6300 41.609727 41.609727 41.609727 0.870178 0.870178 0.870178
6310 41.609727 41.609727 41.609727 0.870178 0.870178 0.870178
6320 41.609727 41.609727 41.609727 0.870178 0.870178 0.870178
6330 41.609727 41.609727 41.609727 0.870178 0.870178 0.870178
6340 41.609727 41.609727 41.609727 0.870178 0.870178 0.870178
6350 41.609727 41.609727 41.609727 0.870178 0.870178 0.870178
6360 41.609727 41.609727 41.609727 0.870178 0.870178 0.870178
6370 41.609727 41.609727 41.609727 0.870178 0.870178 0.870178
6380 41.609727 41.609727 41.609727 0.870178 0.870178 0.870178
6390 41.609727 41.609727 41.609727 0.870178 0.870178 0.870178
6400 41.609727 41.609727 41.609727 0.870178 0.870178 0.870178
6410 41.609727 41.609727 41.609727 0.870178 0.870178 0.870178
6420 41.609727 41.609727 41.609727 0.870178 0.870178 0.870178
6430 41.609727 41.609727 41.609727 0.870178 0.870178 0.870178
6440 41.609727 41.609727 41.609727 0.870178 0.870178 0.870178
6450 41.609727 41.609727 41.609727 0.870178 0.870178 0.870178
6460 41.609727 41.609727 41.609727 0.870178 0.870178 0.870178
6470 41.609727 41.609727 41.609727 0.870178 0.870178 0.870178
6480 41.609727 41.609727 41.609727 0.870178 0.870178 0.870178
6490 41.609727 41.609727 41.609727 0.870178 0.870178 0.870178
6500 41.609727 41.609727 41.609727 0.870178 0.870178 0.870178
6510 41.609727 41.609727 41.609727 0.870178 0.870178 0.870178
6520 41.609727 41.609727 41.609727 0.870178 0.870178 0.870178
6530 41.609727 41.609727 41.609727 0.870178 0.870178 0.870178
6540 41.609727 41.609727 41.609727 0.870178 0.870178 0.870178
6550 41.609727 41.609727 41.609727 0.870178 0.870178 0.870178
6560 41.609727 41.609727 41.609727 0.870178 0.870178 0.870178
6570 41.609727 41.609727 41.609727 0.870178 0.870178 0.870178
6580 41.609727 41.609727 41.609727 0.870178 0.870178 0.870178
6590 41.609727 41.609727 41.609727 0.870178 0.870178 0.870178
6600 41.609727 41.609727 41.609727 0.870178 0.870178 0.870178
6610 41.609727 41.609727 41.609727 0.870178 0.870178 0.870178
6620 41.609727 41.609727 41.609727 0.870178 0.870178 0.870178
6630 41.609727 41.609727 41.609727 0.870178 0.870178 0.870178
6640 41.609727 41.609727 41.609727 0.870178 0.870178 0.870178
6650 41.609727 41.609727 41.609727 0.870178 0.870178 0.870178
6660 41.609727 41.609727 41.609727 0.870178 0.870178 0.870178
6670 41.609727 41.609727 41.609727 0.870178 0.870178 0.870178
6680 41.609727 41.609727 41.609727 0.870178 0.870178 0.870178
6690 41.609727 41.609727 41.609727 0.870178 0.870178 0.870178
6700 41.609727 41.609727 41.609727 0.870178 0.870178 0.870178
6710 41.609727 41.609727 41.609727 0.870178 0.870178 0.870178
6720 41.609727 41.609727 41.609727 0.870178 0.870178 0.870178
6730 41.609727 41.609727 41.609727 0.870178 0.870178 0.870178
6740 41.609727 41.609727 41.609727 0.870178 0.870178 0.870178
6750 41.609727 41.609727 41.609727 0.870178 0.870178 0.870178
6760 41.609727 41.609727 41.609727 0.870178 0.870178 0.870178
6770 41.609727 41.609727 41.609727 0.870178 0.870178 0.870178
6780 41.609727 41.609727 41.609727 0.870178 0.870178 0.870178
6790 41.609727 41.609727 41.609727 0.870178 0.870178 0.870178
6800 41.609727 41.609727 41.609727 0.870178 0.870178 0.870178
6810 41.609727 41.609727 41.609727 0.870178 0.870178 0.870178
6820 41.609727 41.609727 41.609727 0.870178 0.870178 0.870178
6830 41.609727 41.609727 41.609727 0.870178 0.870178 0.870178
6840 41.609727 41.609727 41.609727 0.870178 0.870178 0.870178
6850 41.609727 41.609727 41.609727 0.870178 0.870178 0.870178
6860 41.609727 41.609727 41.609727 0.870178 0.870178 0.870178
6870 41.609727 41.609727 41.609727 0.870178 0.870178 0.870178
6880 41.609727 41.609727 41.609727 0.870178 0.870178 0.870178
6890 41.609727 41.609727 41.609727 0.870178 0.870178 0.870178
6900 41.609727 41.609727 41.609727 0.870178 0.870178 0.870178
6910 41.609727 41.609727 41.609727 0.870178 0.870178 0.870178
6920 41.609727 41.609727 41.609727 0.870178 0.870178 0.870178
6930 41.609727 41.609727 41.609727 0.870178 0.870178 0.870178
6940 41.609727 41.609727 41.609727 0.870178 0.870178 0.870178
6950 41.609727 41.609727 41.609727 0.870178 0.870178 0.870178
6960 41.609727 41.609727 41.609727 0.870178 0.870178 0.870178
6970 41.609727 41.609727 41.609727 0.870178 0.870178 0.870178
6980 41.609727 41.609727 41.609727 0.870178 0.870178 0.870178
6990 41.609727 41.609727 41.609727 0.870178 0.870178 0.870178
7000 41.609727 41.609727 41.609727 0.870178 0.870178 0.870178
7010 41.609727 41.609727 41.609727 0.870178 0.870178 0.870178
7020 41.609727 41.609727 41.609727 0.870178 0.870178 0.870178
7030 41.609727 41.609727 41.609727 0.870178 0.870178 0.870178
7040 41.609727 41.609727 41.609727 0.870178 0.870178 0.870178
7050 41.609727 41.609727 41.609727 0.870178 0.870178 0.870178
7060 41.609727 41.609727 41.609727 0.870178 0.870178 0.870178
7070 41.609727 41.609727 41.609727 0.870178 0.870178 0.870178
7080 41.609727 41.609727 41.609727 0.870178 0.870178 0.870178
7090 41.609727 41.609727 41.609727 0.870178 0.870178 0.870178
7100 41.609727 41.609727 41.609727 0.870178 0.870178 0.870178
7110 41.609727 41.609727 41.609727 0.870178 0.870178 0.870178
7120 41.609727 41.609727 41.609727 0.870178 0.870178 0.870178
7130 41.609727 41.609727 41.609727 0.870178 0.870178 0.870178
7140 41.609727 41.609727 41.609727 0.870178 0.870178 0.870178
7150 41.609727 41.609727 41.609727 0.870178 0.870178 0.870178
7160 41.609727 41.609727 41.609727 0.870178 0.870178 0.870178
7170 41.609727 41.609727 41.609727 0.870178 0.870178 0.870178
7180 41.609727 41.609727 41.609727 0.870178 0.870178 0.870178
7190 41.609727 41.609727 41.609727 0.870178 0.870178 0.870178
7200 41.609727 41.609727 41.609727 0.870178 0.870178 0.870178
7210 41.609727 41.609727 41.609727 0.870178 0.870178 0.870178
7220 41.609727 41.609727 41.609727 0.870178 0.870178 0.870178
7230 41.609727 41.609727 41.609727 0.870178 0.870178 0.870178
7240 41.609727 41.609727 41.609727 0.870178 0.870178 0.870178
7250 41.609727 41.609727 41.609727 0.870178 0.870178 0.870178
7260 41.609727 41.609727 41.609727 0.870178 0.870178 0.870178
7270 41.609727 41.609727 41.609727 0.870178 0.870178 0.870178
7280 41.609727 41.609727 41.609727 0.870178 0.870178 0.870178
7290 41.609727 41.609727 41.609727 0.870178 0.870178 0.870178
7300 41.609727 41.609727 41.609727 0.870178 0.870178 0.870178
7310 41.609727 41.609727 41.609727 0.870178 0.870178 0.870178
7320 41.609727 41.609727 41.609727 0.870178 0.870178 0.870178
7330 41.609727 41.609727 41.609727 0.870178 0.870178 0.870178
7340 41.609727 41.609727 41.609727 0.870178 0.870178 0.870178
7350 41.609727 41.609727 41.609727 0.870178 0.870178 0.870178
7360 41.609727 41.609727 41.609727 0.870178 0.870178 0.870178
7370 41.609727 41.609727 41.609727 0.870178 0.870178 0.870178
7380 41.609727 41.609727 41.609727 0.870178 0.870178 0.870178
7390 41.609727 41.609727 41.609727 0.870178 0.870178 0.870178
7400 41.609727 41.609727 41.609727 0.870178 0.870178 0.870178
7410 41.609727 41.609727 41.609727 0.870178 0.870178 0.870178
7420 41.609727 41.609727 41.609727 0.870178 0.870178 0.870178
7430 41.609727 41.609727 41.609727 0.870178 0.870178 0.870178
7440 41.609727 41.609727 41.609727 0.870178 0.870178 0.870178
7450 41.609727 41.609727 41.609727 0.870178 0.870178 0.870178
7460 41.609727 41.609727 41.609727 0.870178 0.870178 0.870178
7470 41.609727 41.609727 41.609727 0.870178 0.870178 0.870178
7480 41.609727 41.609727 41.609727 0.870178 0.870178 0.870178
7490 41.609727 41.609727 41.609727 0.870178 0.870178 0.870178
7500 41.609727 41.609727 41.609727 0.870178 0.870178 0.870178
7510 41.609727 41.609727 41.609727 0.870178 0.870178 0.870178
7520 41.609727 41.609727 41.609727 0.870178 0.870178 0.870178
7530 41.609727 41.609727 41.609727 0.870178 0.870178 0.870178
7540 41.609727 41.609727 41.609727 0.870178 0.870178 0.870178
7550 41.609727 41.609727 41.609727 0.870178 0.870178 0.870178
7560 41.609727 41.609727 41.609727 0.870178 0.870178 0.870178
7570 41.609727 41.609727 41.609727 0.870178 0.870178 0.870178
7580 41.609727 41.609727 41.609727 0.870178 0.870178 0.870178
7590 41.609727 41.609727 41.609727 0.870178 0.870178 0.870178
7600 41.609727 41.609727 41.609727 0.870178 0.870178 0.870178
7610 41.609727 41.609727 41.609727 0.870178 0.870178 0.870178
7620 41.609727 41.609727 41.609727 0.870178 0.870178 0.870178
7630 41.609727 41.609727 41.609727 0.870178 0.870178 0.870178
7640 41.609727 41.609727 41.609727 0.870178 0.870178 0.870178
7650 41.609727 41.609727 41.609727 0.870178 0.870178 0.870178
7660 41.609727 41.609727 41.609727 0.870178 0.870178 0.870178
7670 41.609727 41.609727 41.609727 0.870178 0.870178 0.870178
7680 41.609727 41.609727 41.609727 0.870178 0.870178 0.870178
7690 41.609727 41.609727 41.609727 0.870178 0.870178 0.870178
7700 41.609727 41.609727 41.609727 0.870178 0.870178 0.870178
7710 41.609727 41.609727 41.609727 0.870178 0.870178 0.870178
7720 41.609727 41.609727 41.609727 0.870178 0.870178 0.870178
7730 41.609727 41.609727 41.609727 0.870178 0.870178 0.870178
7740 41.609727 41.609727 41.609727 0.870178 0.870178 0.870178
7750 41.609727 41.609727 41.609727 0.870178 0.870178 0.870178
7760 41.609727 41.609727 41.609727 0.870178 0.870178 0.870178
7770 41.609727 41.609727 41.609727 0.870178 0.870178 0.870178
7780 41.609727 41.609727 41.609727 0.870178 0.870178 0.870178
7790 41.609727 41.609727 41.609727 0.870178 0.870178 0.870178
7800 41.609727 41.609727 41.609727 0.870178 0.870178 0.870178
7810 41.609727 41.609727 41.609727 0.870178 0.870178 0.870178
7820 41.609727 41.609727 41.609727 0.870178 0.870178 0.870178
7830 41.609727 41.609727 41.609727 0.870178 0.870178 0.870178
7840 41.609727 41.609727 41.609727 0.870178 0.870178 0.870178
7850 41.609727 41.609727 41.609727 0.870178 0.870178 0.870178
7860 41.609727 41.609727 41.609727 0.870178 0.870178 0.870178
7870 41.609727 41.609727 41.609727 0.870178 0.870178 0.870178
7880 41.609727 41.609727 41.609727 0.870178 0.870178 0.870178
7890 41.609727 41.609727 41.609727 0.870178 0.870178 0.870178
7900 41.609727 41.609727 41.609727 0.870178 0.870178 0.870178
7910 41.609727 41.609727 41.609727 0.870178 0.870178 0.870178
7920 41.609727 41.609727 41.609727 0.870178 0.870178 0.870178
7930 41.609727 41.609727 41.609727 0.870178 0.870178 0.870178
7940 41.609727 41.609727 41.609727 0.870178 0.870178 0.870178
7950 41.609727 41.609727 41.609727 0.870178 0.870178 0.870178
7960 41.609727 41.609727 41.609727 0.870178 0.870178 0.870178
7970 41.609727 41.609727 41.609727 0.870178 0.870178 0.870178
7980 41.609727 41.609727 41.609727 0.870178 0.870178 0.870178
7990 41.609727 41.609727 41.609727 0.870178 0.870178 0.870178
8000 41.609727 41.609727 41.609727 0.870178 0.870178 0.870178
8010 41.609727 41.609727 41.609727 0.870178 0.870178 0.870178
8020 41.609727 41.609727 41.609727 0.870178 0.870178 0.870178
8030 41.609727 41.609727 41.609727 0.870178 0.870178 0.870178
8040 41.609727 41.609727 41.609727 0.870178 0.870178 0.870178
8050 41.609727 41.609727 41.609727 0.870178 0.870178 0.870178
8060 41.609727 41.609727 41.609727 0.870178 0.870178 0.870178
8070 41.609727 41.609727 41.609727 0.870178 0.870178 0.870178
8080 41.609727 41.609727 41.609727 0.870178 0.870178 0.870178
8090 41.609727 41.609727 41.609727 0.870178 0.870178 0.870178
8100 41.609727 41.609727 41.609727 0.870178 0.870178 0.870178
8110 41.609727 41.609727 41.609727 0.870178 0.870178 0.870178
8120 41.609727 41.609727 41.609727 0.870178 0.870178 0.870178
8130 41.609727 41.609727 41.609727 0.870178 0.870178 0.870178
8140 41.609727 41.609727 41.609727 0.870178 0.870178 0.870178
8150 41.609727 41.609727 41.609727 0.870178 0.870178 0.870178
8160 41.609727 41.609727 41.609727 0.870178 0.870178 0.870178
8170 41.609727 41.609727 41.609727 0.870178 0.870178 0.870178
8180 41.609727 41.609727 41.609727 0.870178 0.870178 0.870178
8190 41.609727 41.609727 41.609727 0.870178 0.870178 0.870178
8200 41.609727 41.609727 41.609727 0.870178 0.870178 0.870178
8210 41.609727 41.609727 41.609727 0.870178 0.870178 0.870178
8220 41.609727 41.609727 41.609727 0.870178 0.870178 0.870178
8230 41.609727 41.609727 41.609727 0.870178 0.870178 0.870178
8240 41.609727 41.609727 41.609727 0.870178 0.870178 0.870178
8250 41.609727 41.609727 41.609727 0.870178 0.870178 0.870178
8260 41.609727 41.609727 41.609727 0.870178 0.870178 0.870178
8270 41.609727 41.609727 41.609727 0.870178 0.870178 0.870178
8280 41.609727 41.609727 41.609727 0.870178 0.870178 0.870178
8290 41.609727 41.609727 41.609727 0.870178 0.870178 0.870178
8300 41.609727 41.609727 41.609727 0.870178 0.870178 0.870178
8310 41.609727 41.609727 41.609727 0.870178 0.870178 0.870178
8320 41.609727 41.609727 41.609727 0.870178 0.870178 0.870178
8330 41.609727 41.609727 41.609727 0.870178 0.870178 0.870178
8340 41.609727 41.609727 41.609727 0.870178 0.870178 0.870178
8350 41.609727 41.609727 41.609727 0.870178 0.870178 0.870178
8360 41.609727 41.609727 41.609727 0.870178 0.870178 0.870178
8370 41.609727 41.609727 41.609727 0.870178 0.870178 0.870178
8380 41.609727 41.609727 41.609727 0.870178 0.870178 0.870178
8390 41.609727 41.609727 41.609727 0.870178 0.870178 0.870178
8400 41.609727 41.609727 41.609727 0.870178 0.870178 0.870178
8410 41.609727 41.609727 41.609727 0.870178 0.870178 0.870178
8420 41.609727 41.609727 41.609727 0.870178 0.870178 0.870178
8430 41.609727 41.609727 41.609727 0.870178 0.870178 0.870178
8440 41.609727 41.609727 41.609727 0.870178 0.870178 0.870178
8450 41.609727 41.609727 41.609727 0.870178 0.870178 0.870178
8460 41.609727 41.609727 41.609727 0.870178 0.870178 0.870178
8470 41.609727 41.609727 41.609727 0.870178 0.870178 0.870178
8480 41.609727 41.609727 41.609727 0.870178 0.870178 0.870178
8490 41.609727 41.609727 41.609727 0.870178 0.870178 0.870178
8500 41.609727 41.609727 41.609727 0.870178 0.870178 0.870178
8510 41.609727 41.609727 41.609727 0.870178 0.870178 0.870178
8520 41.609727 41.609727 41.609727 0.870178 0.870178 0.870178
8530 41.609727 41.609727 41.609727 0.870178 0.870178 0.870178
8540 41.609727 41.609727 41.609727 0.870178 0.870178 0.870178
8550 41.609727 41.609727 41.609727 0.870178 0.870178 0.870178
8560 41.609727 41.609727 41.609727 0.870178 0.870178 0.870178
8570 41.609727 41.609727 41.609727 0.870178 0.870178 0.870178
8580 41.609727 41.609727 41.609727 0.870178 0.870178 0.870178
8590 41.609727 41.609727 41.609727 0.870178 0.870178 0.870178
8600 41.609727 41.609727 41.609727 0.870178 0.870178 0.870178
8610 41.609727 41.609727 41.609727 0.870178 0.870178 0.870178
8620 41.609727 41.609727 41.609727 0.870178 0.870178 0.870178
8630 41.609727 41.609727 41.609727 0.870178 0.870178 0.870178
8640 41.609727 41.609727 41.609727 0.870178 0.870178 0.870178
8650 41.609727 41.609727 41.609727 0.870178 0.870178 0.870178
8660 41.609727 41.609727 41.609727 0.870178 0.870178 0.870178
8670 41.609727 41.609727 41.609727 0.870178 0.870178 0.870178
8680 41.609727 41.609727 41.609727 0.870178 0.870178 0.870178
8690 41.609727 41.609727 41.609727 0.870178 0.870178 0.870178
8700 41.609727 41.609727 41.609727 0.870178 0.870178 0.870178
8710 41.609727 41.609727 41.609727 0.870178 0.870178 0.870178
8720 41.609727 41.609727 41.609727 0.870178 0.870178 0.870178
8730 41.609727 41.609727 41.609727 0.870178 0.870178 0.870178
8740 41.609727 41.609727 41.609727 0.870178 0.870178 0.870178
8750 41.609727 41.609727 41.609727 0.870178 0.870178 0.870178
8760 41.609727 41.609727 41.609727 0.870178 0.870178 0.870178
8770 41.609727 41.609727 41.609727 0.870178 0.870178 0.870178
8780 41.609727 41.609727 41.609727 0.870178 0.870178 0.870178
8790 41.609727 41.609727 41.609727 0.870178 0.870178 0.870178
8800 41.609727 41.609727 41.609727 0.870178 0.870178 0.870178
8810 41.609727 41.609727 41.609727 0.870178 0.870178 0.870178
8820 41.609727 41.609727 41.609727 0.870178 0.870178 0.870178
8830 41.609727 41.609727 41.609727 0.870178 0.870178 0.870178
8840 41.609727 41.609727 41.609727 0.870178 0.870178 0.870178
8850 41.609727 41.609727 41.609727 0.870178 0.870178 0.870178
8860 41.609727 41.609727 41.609727 0.870178 0.870178 0.870178
8870 41.609727 41.609727 41.609727 0.870178 0.870178 0.870178
8880 41.609727 41.609727 41.609727 0.870178 0.870178 0.870178
8890 41.609727 41.609727 41.609727 0.870178 0.870178 0.870178
8900 41.609727 41.609727 41.609727 0.870178 0.870178 0.870178
8910 41.609727 41.609727 41.609727 0.870178 0.870178 0.870178
8920 41.609727 41.609727 41.609727 0.870178 0.870178 0.870178
8930 41.609727 41.609727 41.609727 0.870178 0.870178 0.870178
8940 41.609727 41.609727 41.609727 0.870178 0.870178 0.870178
8950 41.609727 41.609727 41.609727 0.870178 0.870178 0.870178
8960 41.609727 41.609727 41.609727 0.870178 0.870178 0.870178
8970 41.609727 41.609727 41.609727 0.870178 0.870178 0.870178
8980 41.609727 41.609727 41.609727 0.870178 0.870178 0.870178
8990 41.609727 41.609727 41.609727 0.870178 0.870178 0.870178
9000 41.609727 41.609727 41.609727 0.870178 0.870178 0.870178
9010 41.609727 41.609727 41.609727 0.870178 0.870178 0.870178
9020 41.609727 41.609727 41.609727 0.870178 0.870178 0.870178
9030 41.609727 41.609727 41.609727 0.870178 0.870178 0.870178
9040 41.609727 41.609727 41.609727 0.870178 0.870178 0.870178
9050 41.609727 41.609727 41.609727 0.870178 0.870178 0.870178
9060 41.609727 41.609727 41.609727 0.870178 0.870178 0.870178
9070 41.609727 41.609727 41.609727 0.870178 0.870178 0.870178
9080 41.609727 41.609727 41.609727 0.870178 0.870178 0.870178
9090 41.609727 41.609727 41.609727 0.870178 0.870178 0.870178
9100 41.609727 41.609727 41.609727 0.870178 0.870178 0.870178
9110 41.609727 41.609727 41.609727 0.870178 0.870178 0.870178
9120 41.609727 41.609727 41.609727 0.870178 0.870178 0.870178
9130 41.609727 41.609727 41.609727 0.870178 0.870178 0.870178
9140 41.609727 41.609727 41.609727 0.870178 0.870178 0.870178
9150 41.609727 41.609727 41.609727 0.870178 0.870178 0.870178
9160 41.609727 41.609727 41.609727 0.870178 0.870178 0.870178
9170 41.609727 41.609727 41.609727 0.870178 0.870178 0.870178
9180 41.609727 41.609727 41.609727 0.870178 0.870178 0.870178
9190 41.609727 41.609727 41.609727 0.870178 0.870178 0.870178
9200 41.609727 41.609727 41.609727 0.870178 0.870178 0.870178
9210 41.609727 41.609727 41.609727 0.870178 0.870178 0.870178
9220 41.609727 41.609727 41.609727 0.870178 0.870178 0.870178
9230 41.609727 41.609727 41.609727 0.870178 0.870178 0.870178
9240 41.609727 41.609727 41.609727 0.870178 0.870178 0.870178
9250 41.609727 41.609727 41.609727 0.870178 0.870178 0.870178
9260 41.609727 41.609727 41.609727 0.870178 0.870178 0.870178
9270 41.609727 41.609727 41.609727 0.870178 0.870178 0.870178
9280 41.609727 41.609727 41.609727 0.870178 0.870178 0.870178
9290 41.609727 41.609727 41.609727 0.870178 0.870178 0.870178
9300 41.609727 41.609727 41.609727 0.870178 0.870178 0.870178
9310 41.609727 41.609727 41.609727 0.870178 0.870178 0.870178
9320 41.609727 41.609727 41.609727 0.870178 0.870178 0.870178
9330 41.609727 41.609727 41.609727 0.870178 0.870178 0.870178
9340 41.609727 41.609727 41.609727 0.870178 0.870178 0.870178
9350 41.609727 41.609727 41.609727 0.870178 0.870178 0.870178
9360 41.609727 41.609727 41.609727 0.870178 0.870178 0.870178
9370 41.609727 41.609727 41.609727 0.870178 0.870178 0.870178
9380 41.609727 41.609727 41.609727 0.870178 0.870178 0.870178
9390 41.609727 41.609727 41.609727 0.870178 0.870178 0.870178
9400 41.609727 41.609727 41.609727 0.870178 0.870178 0.870178
9410 41.609727 41.609727 41.609727 0.870178 0.870178 0.870178
9420 41.609727 41.609727 41.609727 0.870178 0.870178 0.870178
9430 41.609727 41.609727 41.609727 0.870178 0.870178 0.870178
9440 41.609727 41.609727 41.609727 0.870178 0.870178 0.870178
9450 41.609727 41.609727 41.609727 0.870178 0.870178 0.870178
9460 41.609727 41.609727 41.609727 0.870178 0.870178 0.870178
9470 41.609727 41.609727 41.609727 0.870178 0.870178 0.870178
9480 41.609727 41.609727 41.609727 0.870178 0.870178 0.870178
9490 41.609727 41.609727 41.609727 0.870178 0.870178 0.870178
9500 41.609727 41.609727 41.609727 0.870178 0.870178 0.870178
9510 41.609727 41.609727 41.609727 0.870178 0.870178 0.870178
9520 41.609727 41.609727 41.609727 0.870178 0.870178 0.870178
9530 41.609727 41.609727 41.609727 0.870178 0.870178 0.870178
9540 41.609727 41.609727 41.609727 0.870178 0.870178 0.870178
9550 41.609727 41.609727 41.609727 0.870178 0.870178 0.870178
9560 41.609727 41.609727 41.609727 0.870178 0.870178 0.870178
9570 41.609727 41.609727 41.609727 0.870178 0.870178 0.870178
9580 41.609727 41.609727 41.609727 0.870178 0.870178 0.870178
9590 41.609727 41.609727 41.609727 0.870178 0.870178 0.870178
9600 41.609727 41.609727 41.609727 0.870178 0.870178 0.870178
9610 41.609727 41.609727 41.609727 0.870178 0.870178 0.870178
9620 41.609727 41.609727 41.609727 0.870178 0.870178 0.870178
9630 41.609727 41.609727 41.609727 0.870178 0.870178 0.870178
9640 41.609727 41.609727 41.609727 0.870178 0.870178 0.870178
9650 41.609727 41.609727 41.609727 0.870178 0.870178 0.870178
9660 41.609727 41.609727 41.609727 0.870178 0.870178 0.870178
9670 41.609727 41.609727 41.609727 0.870178 0.870178 0.870178
9680 41.609727 41.609727 41.609727 0.870178 0.870178 0.870178
9690 41.609727 41.609727 41.609727 0.870178 0.870178 0.870178
9700 41.609727 41.609727 41.609727 0.870178 0.870178 0.870178
9710 41.609727 41.609727 41.609727 0.870178 0.870178 0.870178
9720 41.609727 41.609727 41.609727 0.870178 0.870178 0.870178
9730 41.609727 41.609727 41.609727 0.870178 0.870178 0.870178
9740 41.609727 41.609727 41.609727 0.870178 0.870178 0.870178
9750 41.609727 41.609727 41.609727 0.870178 0.870178 0.870178
9760 41.609727 41.609727 41.609727 0.870178 0.870178 0.870178
9770 41.609727 41.609727 41.609727 0.870178 0.870178 0.870178
9780 41.609727 41.609727 41.609727 0.870178 0.870178 0.870178
9790 41.609727 41.609727 41.609727 0.870178 0.870178 0.870178
9800 41.609727 41.609727 41.609727 0.870178 0.870178 0.870178
9810 41.609727 41.609727 41.609727 0.870178 0.870178 0.870178
9820 41.609727 41.609727 41.609727 0.870178 0.870178 0.870178
9830 41.609727 41.609727 41.609727 0.870178 0.870178 0.870178
9840 41.609727 41.609727 41.609727 0.870178 0.870178 0.870178
9850 41.609727 41.609727 41.609727 0.870178 0.870178 0.870178
9860 41.609727 41.609727 41.609727 0.870178 0.870178 0.870178
9870 41.609727 41.609727 41.609727 0.870178 0.870178 0.870178
9880 41.609727 41.609727 41.609727 0.870178 0.870178 0.870178
9890 41.609727 41.609727 41.609727 0.870178 0.870178 0.870178
9900 41.609727 41.609727 41.609727 0.870178 0.870178 0.870178
9910 41.609727 41.609727 41.609727 0.870178 0.870178 0.870178
9920 41.609727 41.609727 41.609727 0.870178 0.870178 0.870178
9930 41.609727 41.609727 41.609727 0.870178 0.870178 0.870178
9940 41.609727 41.609727 41.609727 0.870178 0.870178 0.870178
9950 41.609727 41.609727 41.609727 0.870178 0.870178 0.870178
9960 41.609727 41.609727 41.609727 0.870178 0.870178 0.870178
9970 41.609727 41.609727 41.609727 0.870178 0.870178 0.870178
9980 41.609727 41.609727 41.609727 0.870178 0.870178 0.870178
9990 41.609727 41.609727 41.609727 0.870178 0.870178 0.870178
10000 41.609727 41.609727 41.609727 0.870178 0.870178 0.870178
