# generation power_min power_avg power_max util_min util_avg util_max
1 17.303438 20.648955 24.692511 0.230668 0.303370 0.385586
10 16.597873 20.233701 22.498439 0.213427 0.295159 0.354764
20 16.168465 19.894762 21.542357 0.213427 0.288719 0.342017
30 16.168465 19.595047 21.284512 0.213427 0.282475 0.333545
40 16.168465 19.274459 20.743782 0.213427 0.276539 0.330812
50 15.666689 18.897960 20.621571 0.192297 0.269300 0.322020
60 15.666689 18.546382 20.448174 0.192297 0.263172 0.322020
70 15.666689 18.204488 20.093786 0.192297 0.256278 0.305750
80 15.557156 17.875046 19.747995 0.192297 0.250402 0.301870
90 15.508970 17.556967 19.447195 0.192297 0.244095 0.300769
100 15.126999 17.289932 18.970799 0.192297 0.238587 0.291659
110 14.457179 16.984356 18.701298 0.178934 0.232376 0.283351
120 14.457179 16.705538 18.222947 0.178934 0.227709 0.281793
130 14.457179 16.470270 17.846073 0.178934 0.223374 0.266464
140 14.457179 16.246712 17.424189 0.178934 0.219937 0.260431
150 14.457179 16.052581 17.268868 0.178934 0.217304 0.260431
160 13.650590 15.845691 16.942730 0.158041 0.212784 0.254440
170 13.650590 15.640972 16.824600 0.158041 0.208097 0.247782
180 13.513691 15.434584 16.547870 0.158041 0.204517 0.230873
190 13.454549 15.228608 16.326704 0.155427 0.200621 0.227266
200 13.454549 15.030579 16.126402 0.155427 0.196457 0.227266
210 13.085199 14.789742 15.910666 0.155427 0.191495 0.220768
220 12.481625 14.576847 15.680104 0.144729 0.187769 0.216260
230 12.481625 14.359558 15.474216 0.144729 0.183348 0.215342
240 12.481625 14.157196 15.305440 0.144729 0.178927 0.215342
250 12.481625 13.980302 15.153278 0.144729 0.175332 0.215342
260 12.481625 13.794487 14.913611 0.143069 0.171151 0.214317
270 12.420486 13.608168 14.698699 0.141361 0.166550 0.206765
280 12.330804 13.442898 14.332098 0.140104 0.162840 0.190052
290 12.330804 13.296858 14.178669 0.140104 0.159386 0.190052
300 11.912502 13.153933 13.855146 0.135492 0.156367 0.182560
310 11.710666 13.024742 13.663549 0.129344 0.153965 0.182560
320 11.475588 12.903484 13.577524 0.122063 0.151535 0.175110
330 11.475588 12.781024 13.463646 0.122063 0.149245 0.172836
340 11.475588 12.664006 13.399109 0.122063 0.147109 0.171232
350 11.475588 12.535589 13.280619 0.122063 0.144700 0.164786
360 11.475588 12.410175 13.139072 0.122063 0.142736 0.164786
370 11.270998 12.291373 12.963965 0.122063 0.141261 0.164786
380 11.270998 12.198347 12.758795 0.122063 0.139823 0.154563
390 11.270998 12.111978 12.676104 0.122063 0.138577 0.154563
400 11.270998 12.015045 12.519936 0.122063 0.136633 0.148494
410 11.270998 11.919488 12.420486 0.122063 0.135472 0.148494
420 11.140166 11.827901 12.372311 0.122063 0.134116 0.148494
430 11.139554 11.726455 12.306834 0.122063 0.132503 0.145388
440 11.059827 11.630478 12.171139 0.122063 0.131025 0.145388
450 10.935576 11.543687 12.055889 0.122063 0.129528 0.142332
460 10.935576 11.463377 11.912502 0.121121 0.128595 0.139001
470 10.859513 11.387373 11.855255 0.121121 0.127695 0.139001
480 10.859513 11.314035 11.645259 0.121121 0.127021 0.135350
490 10.689105 11.245259 11.585170 0.121121 0.126471 0.135350
500 10.610950 11.174123 11.547027 0.121121 0.126225 0.135350
510 10.610950 11.105545 11.486634 0.121121 0.125827 0.135350
520 10.610950 11.036273 11.461736 0.121121 0.125654 0.135350
530 10.610950 10.969694 11.327535 0.121121 0.125215 0.135350
540 10.599542 10.916178 11.247529 0.121121 0.124962 0.135350
550 10.599542 10.864919 11.147961 0.121121 0.124554 0.131263
560 10.599542 10.817812 11.139554 0.121121 0.124227 0.131263
570 10.599542 10.773696 11.014941 0.122065 0.123947 0.127795
580 10.599542 10.743165 10.935576 0.122916 0.123995 0.127795
590 10.599542 10.714149 10.889741 0.122916 0.123790 0.127795
600 10.599542 10.687321 10.874312 0.122916 0.123390 0.126025
610 10.541507 10.662323 10.838181 0.122916 0.123335 0.126025
620 10.541507 10.643794 10.750370 0.122916 0.123323 0.124763
630 10.541507 10.631830 10.689105 0.122916 0.123366 0.124763
640 10.541507 10.622484 10.689105 0.122916 0.123460 0.124763
650 10.541507 10.612471 10.689105 0.122916 0.123558 0.124763
660 10.541507 10.606684 10.619662 0.122916 0.123639 0.124763
670 10.541507 10.604795 10.619662 0.122916 0.123751 0.124763
680 10.521387 10.601991 10.619662 0.122916 0.123872 0.125237
690 10.451944 10.596716 10.610950 0.123860 0.123993 0.125237
700 10.451944 10.592473 10.610950 0.123860 0.124028 0.125237
710 10.451944 10.588564 10.610950 0.123860 0.124087 0.125237
720 10.451944 10.582643 10.610950 0.123860 0.124146 0.125237
730 10.451944 10.576850 10.610950 0.123860 0.124172 0.125237
740 10.451944 10.570486 10.610950 0.123860 0.124177 0.125237
750 10.451944 10.562063 10.610950 0.123860 0.124218 0.125237
760 10.451944 10.551825 10.610950 0.123860 0.124291 0.125237
770 10.413144 10.541528 10.599542 0.123860 0.124312 0.125237
780 10.413144 10.528089 10.599542 0.123860 0.124378 0.125237
790 10.413144 10.515725 10.599542 0.123860 0.124445 0.125237
800 10.413144 10.504920 10.541507 0.123860 0.124507 0.125237
810 10.413144 10.495187 10.541507 0.123860 0.124645 0.125237
820 10.413144 10.486231 10.541507 0.123860 0.124782 0.125237
830 10.413144 10.477999 10.541507 0.123860 0.124906 0.125237
840 10.413144 10.467878 10.541507 0.123860 0.125044 0.125237
850 10.352736 10.457930 10.541507 0.123860 0.125181 0.125237
860 10.352736 10.449081 10.512352 0.125237 0.125237 0.125237
870 10.352736 10.443580 10.451944 0.125237 0.125237 0.125237
880 10.352736 10.439440 10.451944 0.125237 0.125237 0.125237
890 10.352736 10.436508 10.451944 0.125237 0.125237 0.125237
900 10.352736 10.434180 10.451944 0.125237 0.125237 0.125237
910 10.352736 10.431248 10.451944 0.125237 0.125237 0.125237
920 10.352736 10.427368 10.451944 0.125237 0.125237 0.125237
930 10.352736 10.422884 10.451944 0.125237 0.125237 0.125237
940 10.352736 10.418400 10.451944 0.125237 0.125237 0.125237
950 10.352736 10.413311 10.451944 0.125237 0.125237 0.125237
960 10.352736 10.407015 10.451944 0.125237 0.125237 0.125237
970 10.352736 10.401063 10.413144 0.125237 0.125237 0.125237
980 10.352736 10.398646 10.413144 0.125237 0.125237 0.125237
990 10.352736 10.395626 10.413144 0.125237 0.125237 0.125237
1000 10.352736 10.391397 10.413144 0.125237 0.125237 0.125237
1010 10.352736 10.386565 10.413144 0.125237 0.125237 0.125237
1020 10.352736 10.381128 10.413144 0.125237 0.125237 0.125237
1030 10.352736 10.375087 10.413144 0.125237 0.125237 0.125237
1040 10.352736 10.369046 10.413144 0.125237 0.125237 0.125237
1050 10.352736 10.363006 10.413144 0.125237 0.125237 0.125237
1060 10.352736 10.356965 10.413144 0.125237 0.125237 0.125237
1070 10.352736 10.352736 10.352736 0.125237 0.125237 0.125237
1080 10.352736 10.352736 10.352736 0.125237 0.125237 0.125237
1090 10.352736 10.352736 10.352736 0.125237 0.125237 0.125237
1100 10.352736 10.352736 10.352736 0.125237 0.125237 0.125237
1110 10.352736 10.352736 10.352736 0.125237 0.125237 0.125237
1120 10.352736 10.352736 10.352736 0.125237 0.125237 0.125237
1130 10.352736 10.352736 10.352736 0.125237 0.125237 0.125237
1140 10.352736 10.352736 10.352736 0.125237 0.125237 0.125237
1150 10.352736 10.352736 10.352736 0.125237 0.125237 0.125237
1160 10.352736 10.352736 10.352736 0.125237 0.125237 0.125237
1170 10.352736 10.352736 10.352736 0.125237 0.125237 0.125237
1180 10.352736 10.352736 10.352736 0.125237 0.125237 0.125237
1190 10.352736 10.352736 10.352736 0.125237 0.125237 0.125237
1200 10.352736 10.352736 10.352736 0.125237 0.125237 0.125237
1210 10.352736 10.352736 10.352736 0.125237 0.125237 0.125237
1220 10.352736 10.352736 10.352736 0.125237 0.125237 0.125237
1230 10.352736 10.352736 10.352736 0.125237 0.125237 0.125237
1240 10.352736 10.352736 10.352736 0.125237 0.125237 0.125237
1250 10.352736 10.352736 10.352736 0.125237 0.125237 0.125237
1260 10.352736 10.352736 10.352736 0.125237 0.125237 0.125237
1270 10.352736 10.352736 10.352736 0.125237 0.125237 0.125237
1280 10.352736 10.352736 10.352736 0.125237 0.125237 0.125237
1290 10.352736 10.352736 10.352736 0.125237 0.125237 0.125237
1300 10.352736 10.352736 10.352736 0.125237 0.125237 0.125237
1310 10.352736 10.352736 10.352736 0.125237 0.125237 0.125237
1320 10.352736 10.352736 10.352736 0.125237 0.125237 0.125237
1330 10.352736 10.352736 10.352736 0.125237 0.125237 0.125237
1340 10.352736 10.352736 10.352736 0.125237 0.125237 0.125237
1350 10.352736 10.352736 10.352736 0.125237 0.125237 0.125237
1360 10.352736 10.352736 10.352736 0.125237 0.125237 0.125237
1370 10.352736 10.352736 10.352736 0.125237 0.125237 0.125237
1380 10.352736 10.352736 10.352736 0.125237 0.125237 0.125237
1390 10.352736 10.352736 10.352736 0.125237 0.125237 0.125237
1400 10.352736 10.352736 10.352736 0.125237 0.125237 0.125237
1410 10.352736 10.352736 10.352736 0.125237 0.125237 0.125237
1420 10.352736 10.352736 10.352736 0.125237 0.125237 0.125237
1430 10.352736 10.352736 10.352736 0.125237 0.125237 0.125237
1440 10.352736 10.352736 10.352736 0.125237 0.125237 0.125237
1450 10.352736 10.352736 10.352736 0.125237 0.125237 0.125237
1460 10.352736 10.352736 10.352736 0.125237 0.125237 0.125237
1470 10.352736 10.352736 10.352736 0.125237 0.125237 0.125237
1480 10.352736 10.352736 10.352736 0.125237 0.125237 0.125237
1490 10.352736 10.352736 10.352736 0.125237 0.125237 0.125237
1500 10.352736 10.352736 10.352736 0.125237 0.125237 0.125237
1510 10.352736 10.352736 10.352736 0.125237 0.125237 0.125237
1520 10.352736 10.352736 10.352736 0.125237 0.125237 0.125237
1530 10.352736 10.352736 10.352736 0.125237 0.125237 0.125237
1540 10.352736 10.352736 10.352736 0.125237 0.125237 0.125237
1550 10.352736 10.352736 10.352736 0.125237 0.125237 0.125237
1560 10.352736 10.352736 10.352736 0.125237 0.125237 0.125237
1570 10.352736 10.352736 10.352736 0.125237 0.125237 0.125237
1580 10.352736 10.352736 10.352736 0.125237 0.125237 0.125237
1590 10.352736 10.352736 10.352736 0.125237 0.125237 0.125237
1600 10.352736 10.352736 10.352736 0.125237 0.125237 0.125237
1610 10.352736 10.352736 10.352736 0.125237 0.125237 0.125237
1620 10.352736 10.352736 10.352736 0.125237 0.125237 0.125237
1630 10.352736 10.352736 10.352736 0.125237 0.125237 0.125237
1640 10.352736 10.352736 10.352736 0.125237 0.125237 0.125237
1650 10.352736 10.352736 10.352736 0.125237 0.125237 0.125237
1660 10.352736 10.352736 10.352736 0.125237 0.125237 0.125237
1670 10.352736 10.352736 10.352736 0.125237 0.125237 0.125237
1680 10.352736 10.352736 10.352736 0.125237 0.125237 0.125237
1690 10.352736 10.352736 10.352736 0.125237 0.125237 0.125237
1700 10.352736 10.352736 10.352736 0.125237 0.125237 0.125237
1710 10.352736 10.352736 10.352736 0.125237 0.125237 0.125237
1720 10.352736 10.352736 10.352736 0.125237 0.125237 0.125237
1730 10.352736 10.352736 10.352736 0.125237 0.125237 0.125237
1740 10.352736 10.352736 10.352736 0.125237 0.125237 0.125237
1750 10.352736 10.352736 10.352736 0.125237 0.125237 0.125237
1760 10.352736 10.352736 10.352736 0.125237 0.125237 0.125237
1770 10.352736 10.352736 10.352736 0.125237 0.125237 0.125237
1780 10.352736 10.352736 10.352736 0.125237 0.125237 0.125237
1790 10.352736 10.352736 10.352736 0.125237 0.125237 0.125237
1800 10.352736 10.352736 10.352736 0.125237 0.125237 0.125237
1810 10.352736 10.352736 10.352736 0.125237 0.125237 0.125237
1820 10.352736 10.352736 10.352736 0.125237 0.125237 0.125237
1830 10.352736 10.352736 10.352736 0.125237 0.125237 0.125237
1840 10.352736 10.352736 10.352736 0.125237 0.125237 0.125237
1850 10.352736 10.352736 10.352736 0.125237 0.125237 0.125237
1860 10.352736 10.352736 10.352736 0.125237 0.125237 0.125237
1870 10.352736 10.352736 10.352736 0.125237 0.125237 0.125237
1880 10.352736 10.352736 10.352736 0.125237 0.125237 0.125237
1890 10.352736 10.352736 10.352736 0.125237 0.125237 0.125237
1900 10.352736 10.352736 10.352736 0.125237 0.125237 0.125237
1910 10.352736 10.352736 10.352736 0.125237 0.125237 0.125237
1920 10.352736 10.352736 10.352736 0.125237 0.125237 0.125237
1930 10.352736 10.352736 10.352736 0.125237 0.125237 0.125237
1940 10.352736 10.352736 10.352736 0.125237 0.125237 0.125237
1950 10.352736 10.352736 10.352736 0.125237 0.125237 0.125237
1960 10.352736 10.352736 10.352736 0.125237 0.125237 0.125237
1970 10.352736 10.352736 10.352736 0.125237 0.125237 0.125237
1980 10.352736 10.352736 10.352736 0.125237 0.125237 0.125237
1990 10.352736 10.352736 10.352736 0.125237 0.125237 0.125237
2000 10.352736 10.352736 10.352736 0.125237 0.125237 0.125237
2010 10.352736 10.352736 10.352736 0.125237 0.125237 0.125237
2020 10.352736 10.352736 10.352736 0.125237 0.125237 0.125237
2030 10.352736 10.352736 10.352736 0.125237 0.125237 0.125237
2040 10.352736 10.352736 10.352736 0.125237 0.125237 0.125237
2050 10.352736 10.352736 10.352736 0.125237 0.125237 0.125237
2060 10.352736 10.352736 10.352736 0.125237 0.125237 0.125237
2070 10.352736 10.352736 10.352736 0.125237 0.125237 0.125237
2080 10.352736 10.352736 10.352736 0.125237 0.125237 0.125237
2090 10.352736 10.352736 10.352736 0.125237 0.125237 0.125237
2100 10.352736 10.352736 10.352736 0.125237 0.125237 0.125237
2110 10.352736 10.352736 10.352736 0.125237 0.125237 0.125237
2120 10.352736 10.352736 10.352736 0.125237 0.125237 0.125237
2130 10.352736 10.352736 10.352736 0.125237 0.125237 0.125237
2140 10.352736 10.352736 10.352736 0.125237 0.125237 0.125237
2150 10.352736 10.352736 10.352736 0.125237 0.125237 0.125237
2160 10.352736 10.352736 10.352736 0.125237 0.125237 0.125237
2170 10.352736 10.352736 10.352736 0.125237 0.125237 0.125237
2180 10.352736 10.352736 10.352736 0.125237 0.125237 0.125237
2190 10.352736 10.352736 10.352736 0.125237 0.125237 0.125237
2200 10.352736 10.352736 10.352736 0.125237 0.125237 0.125237
2210 10.352736 10.352736 10.352736 0.125237 0.125237 0.125237
2220 10.352736 10.352736 10.352736 0.125237 0.125237 0.125237
2230 10.352736 10.352736 10.352736 0.125237 0.125237 0.125237
2240 10.352736 10.352736 10.352736 0.125237 0.125237 0.125237
2250 10.352736 10.352736 10.352736 0.125237 0.125237 0.125237
2260 10.352736 10.352736 10.352736 0.125237 0.125237 0.125237
2270 10.352736 10.352736 10.352736 0.125237 0.125237 0.125237
2280 10.352736 10.352736 10.352736 0.125237 0.125237 0.125237
2290 10.352736 10.352736 10.352736 0.125237 0.125237 0.125237
2300 10.352736 10.352736 10.352736 0.125237 0.125237 0.125237
2310 10.352736 10.352736 10.352736 0.125237 0.125237 0.125237
2320 10.352736 10.352736 10.352736 0.125237 0.125237 0.125237
2330 10.352736 10.352736 10.352736 0.125237 0.125237 0.125237
2340 10.352736 10.352736 10.352736 0.125237 0.125237 0.125237
2350 10.352736 10.352736 10.352736 0.125237 0.125237 0.125237
2360 10.352736 10.352736 10.352736 0.125237 0.125237 0.125237
2370 10.352736 10.352736 10.352736 0.125237 0.125237 0.125237
2380 10.352736 10.352736 10.352736 0.125237 0.125237 0.125237
2390 10.352736 10.352736 10.352736 0.125237 0.125237 0.125237
2400 10.352736 10.352736 10.352736 0.125237 0.125237 0.125237
2410 10.352736 10.352736 10.352736 0.125237 0.125237 0.125237
2420 10.352736 10.352736 10.352736 0.125237 0.125237 0.125237
2430 10.352736 10.352736 10.352736 0.125237 0.125237 0.125237
2440 10.352736 10.352736 10.352736 0.125237 0.125237 0.125237
2450 10.352736 10.352736 10.352736 0.125237 0.125237 0.125237
2460 10.352736 10.352736 10.352736 0.125237 0.125237 0.125237
2470 10.352736 10.352736 10.352736 0.125237 0.125237 0.125237
2480 10.352736 10.352736 10.352736 0.125237 0.125237 0.125237
2490 10.352736 10.352736 10.352736 0.125237 0.125237 0.125237
2500 10.352736 10.352736 10.352736 0.125237 0.125237 0.125237
2510 10.352736 10.352736 10.352736 0.125237 0.125237 0.125237
2520 10.352736 10.352736 10.352736 0.125237 0.125237 0.125237
2530 10.352736 10.352736 10.352736 0.125237 0.125237 0.125237
2540 10.352736 10.352736 10.352736 0.125237 0.125237 0.125237
2550 10.352736 10.352736 10.352736 0.125237 0.125237 0.125237
2560 10.352736 10.352736 10.352736 0.125237 0.125237 0.125237
2570 10.352736 10.352736 10.352736 0.125237 0.125237 0.125237
2580 10.352736 10.352736 10.352736 0.125237 0.125237 0.125237
2590 10.352736 10.352736 10.352736 0.125237 0.125237 0.125237
2600 10.352736 10.352736 10.352736 0.125237 0.125237 0.125237
2610 10.352736 10.352736 10.352736 0.125237 0.125237 0.125237
2620 10.352736 10.352736 10.352736 0.125237 0.125237 0.125237
2630 10.352736 10.352736 10.352736 0.125237 0.125237 0.125237
2640 10.352736 10.352736 10.352736 0.125237 0.125237 0.125237
2650 10.352736 10.352736 10.352736 0.125237 0.125237 0.125237
2660 10.352736 10.352736 10.352736 0.125237 0.125237 0.125237
2670 10.352736 10.352736 10.352736 0.125237 0.125237 0.125237
2680 10.352736 10.352736 10.352736 0.125237 0.125237 0.125237
2690 10.352736 10.352736 10.352736 0.125237 0.125237 0.125237
2700 10.352736 10.352736 10.352736 0.125237 0.125237 0.125237
2710 10.352736 10.352736 10.352736 0.125237 0.125237 0.125237
2720 10.352736 10.352736 10.352736 0.125237 0.125237 0.125237
2730 10.352736 10.352736 10.352736 0.125237 0.125237 0.125237
2740 10.352736 10.352736 10.352736 0.125237 0.125237 0.125237
2750 10.352736 10.352736 10.352736 0.125237 0.125237 0.125237
2760 10.352736 10.352736 10.352736 0.125237 0.125237 0.125237
2770 10.352736 10.352736 10.352736 0.125237 0.125237 0.125237
2780 10.352736 10.352736 10.352736 0.125237 0.125237 0.125237
2790 10.352736 10.352736 10.352736 0.125237 0.125237 0.125237
2800 10.352736 10.352736 10.352736 0.125237 0.125237 0.125237
2810 10.352736 10.352736 10.352736 0.125237 0.125237 0.125237
2820 10.352736 10.352736 10.352736 0.125237 0.125237 0.125237
2830 10.352736 10.352736 10.352736 0.125237 0.125237 0.125237
2840 10.352736 10.352736 10.352736 0.125237 0.125237 0.125237
2850 10.352736 10.352736 10.352736 0.125237 0.125237 0.125237
2860 10.352736 10.352736 10.352736 0.125237 0.125237 0.125237
2870 10.352736 10.352736 10.352736 0.125237 0.125237 0.125237
2880 10.352736 10.352736 10.352736 0.125237 0.125237 0.125237
2890 10.352736 10.352736 10.352736 0.125237 0.125237 0.125237
2900 10.352736 10.352736 10.352736 0.125237 0.125237 0.125237
2910 10.352736 10.352736 10.352736 0.125237 0.125237 0.125237
2920 10.352736 10.352736 10.352736 0.125237 0.125237 0.125237
2930 10.352736 10.352736 10.352736 0.125237 0.125237 0.125237
2940 10.352736 10.352736 10.352736 0.125237 0.125237 0.125237
2950 10.352736 10.352736 10.352736 0.125237 0.125237 0.125237
2960 10.352736 10.352736 10.352736 0.125237 0.125237 0.125237
2970 10.352736 10.352736 10.352736 0.125237 0.125237 0.125237
2980 10.352736 10.352736 10.352736 0.125237 0.125237 0.125237
2990 10.352736 10.352736 10.352736 0.125237 0.125237 0.125237
3000 10.352736 10.352736 10.352736 0.125237 0.125237 0.125237
3010 10.352736 10.352736 10.352736 0.125237 0.125237 0.125237
3020 10.352736 10.352736 10.352736 0.125237 0.125237 0.125237
3030 10.352736 10.352736 10.352736 0.125237 0.125237 0.125237
3040 10.352736 10.352736 10.352736 0.125237 0.125237 0.125237
3050 10.352736 10.352736 10.352736 0.125237 0.125237 0.125237
3060 10.352736 10.352736 10.352736 0.125237 0.125237 0.125237
3070 10.352736 10.352736 10.352736 0.125237 0.125237 0.125237
3080 10.352736 10.352736 10.352736 0.125237 0.125237 0.125237
3090 10.352736 10.352736 10.352736 0.125237 0.125237 0.125237
3100 10.352736 10.352736 10.352736 0.125237 0.125237 0.125237
3110 10.352736 10.352736 10.352736 0.125237 0.125237 0.125237
3120 10.352736 10.352736 10.352736 0.125237 0.125237 0.125237
3130 10.352736 10.352736 10.352736 0.125237 0.125237 0.125237
3140 10.352736 10.352736 10.352736 0.125237 0.125237 0.125237
3150 10.352736 10.352736 10.352736 0.125237 0.125237 0.125237
3160 10.352736 10.352736 10.352736 0.125237 0.125237 0.125237
3170 10.352736 10.352736 10.352736 0.125237 0.125237 0.125237
3180 10.352736 10.352736 10.352736 0.125237 0.125237 0.125237
3190 10.352736 10.352736 10.352736 0.125237 0.125237 0.125237
3200 10.352736 10.352736 10.352736 0.125237 0.125237 0.125237
3210 10.352736 10.352736 10.352736 0.125237 0.125237 0.125237
3220 10.352736 10.352736 10.352736 0.125237 0.125237 0.125237
3230 10.352736 10.352736 10.352736 0.125237 0.125237 0.125237
3240 10.352736 10.352736 10.352736 0.125237 0.125237 0.125237
3250 10.352736 10.352736 10.352736 0.125237 0.125237 0.125237
3260 10.352736 10.352736 10.352736 0.125237 0.125237 0.125237
3270 10.352736 10.352736 10.352736 0.125237 0.125237 0.125237
3280 10.352736 10.352736 10.352736 0.125237 0.125237 0.125237
3290 10.352736 10.352736 10.352736 0.125237 0.125237 0.125237
3300 10.352736 10.352736 10.352736 0.125237 0.125237 0.125237
3310 10.352736 10.352736 10.352736 0.125237 0.125237 0.125237
3320 10.352736 10.352736 10.352736 0.125237 0.125237 0.125237
3330 10.352736 10.352736 10.352736 0.125237 0.125237 0.125237
3340 10.352736 10.352736 10.352736 0.125237 0.125237 0.125237
3350 10.352736 10.352736 10.352736 0.125237 0.125237 0.125237
3360 10.352736 10.352736 10.352736 0.125237 0.125237 0.125237
3370 10.352736 10.352736 10.352736 0.125237 0.125237 0.125237
3380 10.352736 10.352736 10.352736 0.125237 0.125237 0.125237
3390 10.352736 10.352736 10.352736 0.125237 0.125237 0.125237
3400 10.352736 10.352736 10.352736 0.125237 0.125237 0.125237
3410 10.352736 10.352736 10.352736 0.125237 0.125237 0.125237
3420 10.352736 10.352736 10.352736 0.125237 0.125237 0.125237
3430 10.352736 10.352736 10.352736 0.125237 0.125237 0.125237
3440 10.352736 10.352736 10.352736 0.125237 0.125237 0.125237
3450 10.352736 10.352736 10.352736 0.125237 0.125237 0.125237
3460 10.352736 10.352736 10.352736 0.125237 0.125237 0.125237
3470 10.352736 10.352736 10.352736 0.125237 0.125237 0.125237
3480 10.352736 10.352736 10.352736 0.125237 0.125237 0.125237
3490 10.352736 10.352736 10.352736 0.125237 0.125237 0.125237
3500 10.352736 10.352736 10.352736 0.125237 0.125237 0.125237
3510 10.352736 10.352736 10.352736 0.125237 0.125237 0.125237
3520 10.352736 10.352736 10.352736 0.125237 0.125237 0.125237
3530 10.352736 10.352736 10.352736 0.125237 0.125237 0.125237
3540 10.352736 10.352736 10.352736 0.125237 0.125237 0.125237
3550 10.352736 10.352736 10.352736 0.125237 0.125237 0.125237
3560 10.352736 10.352736 10.352736 0.125237 0.125237 0.125237
3570 10.352736 10.352736 10.352736 0.125237 0.125237 0.125237
3580 10.352736 10.352736 10.352736 0.125237 0.125237 0.125237
3590 10.352736 10.352736 10.352736 0.125237 0.125237 0.125237
3600 10.352736 10.352736 10.352736 0.125237 0.125237 0.125237
3610 10.352736 10.352736 10.352736 0.125237 0.125237 0.125237
3620 10.352736 10.352736 10.352736 0.125237 0.125237 0.125237
3630 10.352736 10.352736 10.352736 0.125237 0.125237 0.125237
3640 10.352736 10.352736 10.352736 0.125237 0.125237 0.125237
3650 10.352736 10.352736 10.352736 0.125237 0.125237 0.125237
3660 10.352736 10.352736 10.352736 0.125237 0.125237 0.125237
3670 10.352736 10.352736 10.352736 0.125237 0.125237 0.125237
3680 10.352736 10.352736 10.352736 0.125237 0.125237 0.125237
3690 10.352736 10.352736 10.352736 0.125237 0.125237 0.125237
3700 10.352736 10.352736 10.352736 0.125237 0.125237 0.125237
3710 10.352736 10.352736 10.352736 0.125237 0.125237 0.125237
3720 10.352736 10.352736 10.352736 0.125237 0.125237 0.125237
3730 10.352736 10.352736 10.352736 0.125237 0.125237 0.125237
3740 10.352736 10.352736 10.352736 0.125237 0.125237 0.125237
3750 10.352736 10.352736 10.352736 0.125237 0.125237 0.125237
3760 10.352736 10.352736 10.352736 0.125237 0.125237 0.125237
3770 10.352736 10.352736 10.352736 0.125237 0.125237 0.125237
3780 10.352736 10.352736 10.352736 0.125237 0.125237 0.125237
3790 10.352736 10.352736 10.352736 0.125237 0.125237 0.125237
3800 10.352736 10.352736 10.352736 0.125237 0.125237 0.125237
3810 10.352736 10.352736 10.352736 0.125237 0.125237 0.125237
3820 10.352736 10.352736 10.352736 0.125237 0.125237 0.125237
3830 10.352736 10.352736 10.352736 0.125237 0.125237 0.125237
3840 10.352736 10.352736 10.352736 0.125237 0.125237 0.125237
3850 10.352736 10.352736 10.352736 0.125237 0.125237 0.125237
3860 10.352736 10.352736 10.352736 0.125237 0.125237 0.125237
3870 10.352736 10.352736 10.352736 0.125237 0.125237 0.125237
3880 10.352736 10.352736 10.352736 0.125237 0.125237 0.125237
3890 10.352736 10.352736 10.352736 0.125237 0.125237 0.125237
3900 10.352736 10.352736 10.352736 0.125237 0.125237 0.125237
3910 10.352736 10.352736 10.352736 0.125237 0.125237 0.125237
3920 10.352736 10.352736 10.352736 0.125237 0.125237 0.125237
3930 10.352736 10.352736 10.352736 0.125237 0.125237 0.125237
3940 10.352736 10.352736 10.352736 0.125237 0.125237 0.125237
3950 10.352736 10.352736 10.352736 0.125237 0.125237 0.125237
3960 10.352736 10.352736 10.352736 0.125237 0.125237 0.125237
3970 10.352736 10.352736 10.352736 0.125237 0.125237 0.125237
3980 10.352736 10.352736 10.352736 0.125237 0.125237 0.125237
3990 10.352736 10.352736 10.352736 0.125237 0.125237 0.125237
4000 10.352736 10.352736 10.352736 0.125237 0.125237 0.125237
4010 10.352736 10.352736 10.352736 0.125237 0.125237 0.125237
4020 10.352736 10.352736 10.352736 0.125237 0.125237 0.125237
4030 10.352736 10.352736 10.352736 0.125237 0.125237 0.125237
4040 10.352736 10.352736 10.352736 0.125237 0.125237 0.125237
4050 10.352736 10.352736 10.352736 0.125237 0.125237 0.125237
4060 10.352736 10.352736 10.352736 0.125237 0.125237 0.125237
4070 10.352736 10.352736 10.352736 0.125237 0.125237 0.125237
4080 10.352736 10.352736 10.352736 0.125237 0.125237 0.125237
4090 10.352736 10.352736 10.352736 0.125237 0.125237 0.125237
4100 10.352736 10.352736 10.352736 0.125237 0.125237 0.125237
4110 10.352736 10.352736 10.352736 0.125237 0.125237 0.125237
4120 10.352736 10.352736 10.352736 0.125237 0.125237 0.125237
4130 10.352736 10.352736 10.352736 0.125237 0.125237 0.125237
4140 10.352736 10.352736 10.352736 0.125237 0.125237 0.125237
4150 10.352736 10.352736 10.352736 0.125237 0.125237 0.125237
4160 10.352736 10.352736 10.352736 0.125237 0.125237 0.125237
4170 10.352736 10.352736 10.352736 0.125237 0.125237 0.125237
4180 10.352736 10.352736 10.352736 0.125237 0.125237 0.125237
4190 10.352736 10.352736 10.352736 0.125237 0.125237 0.125237
4200 10.352736 10.352736 10.352736 0.125237 0.125237 0.125237
4210 10.352736 10.352736 10.352736 0.125237 0.125237 0.125237
4220 10.352736 10.352736 10.352736 0.125237 0.125237 0.125237
4230 10.352736 10.352736 10.352736 0.125237 0.125237 0.125237
4240 10.352736 10.352736 10.352736 0.125237 0.125237 0.125237
4250 10.352736 10.352736 10.352736 0.125237 0.125237 0.125237
4260 10.352736 10.352736 10.352736 0.125237 0.125237 0.125237
4270 10.352736 10.352736 10.352736 0.125237 0.125237 0.125237
4280 10.352736 10.352736 10.352736 0.125237 0.125237 0.125237
4290 10.352736 10.352736 10.352736 0.125237 0.125237 0.125237
4300 10.352736 10.352736 10.352736 0.125237 0.125237 0.125237
4310 10.352736 10.352736 10.352736 0.125237 0.125237 0.125237
4320 10.352736 10.352736 10.352736 0.125237 0.125237 0.125237
4330 10.352736 10.352736 10.352736 0.125237 0.125237 0.125237
4340 10.352736 10.352736 10.352736 0.125237 0.125237 0.125237
4350 10.352736 10.352736 10.352736 0.125237 0.125237 0.125237
4360 10.352736 10.352736 10.352736 0.125237 0.125237 0.125237
4370 10.352736 10.352736 10.352736 0.125237 0.125237 0.125237
4380 10.352736 10.352736 10.352736 0.125237 0.125237 0.125237
4390 10.352736 10.352736 10.352736 0.125237 0.125237 0.125237
4400 10.352736 10.352736 10.352736 0.125237 0.125237 0.125237
4410 10.352736 10.352736 10.352736 0.125237 0.125237 0.125237
4420 10.352736 10.352736 10.352736 0.125237 0.125237 0.125237
4430 10.352736 10.352736 10.352736 0.125237 0.125237 0.125237
4440 10.352736 10.352736 10.352736 0.125237 0.125237 0.125237
4450 10.352736 10.352736 10.352736 0.125237 0.125237 0.125237
4460 10.352736 10.352736 10.352736 0.125237 0.125237 0.125237
4470 10.352736 10.352736 10.352736 0.125237 0.125237 0.125237
4480 10.352736 10.352736 10.352736 0.125237 0.125237 0.125237
4490 10.352736 10.352736 10.352736 0.125237 0.125237 0.125237
4500 10.352736 10.352736 10.352736 0.125237 0.125237 0.125237
4510 10.352736 10.352736 10.352736 0.125237 0.125237 0.125237
4520 10.352736 10.352736 10.352736 0.125237 0.125237 0.125237
4530 10.352736 10.352736 10.352736 0.125237 0.125237 0.125237
4540 10.352736 10.352736 10.352736 0.125237 0.125237 0.125237
4550 10.352736 10.352736 10.352736 0.125237 0.125237 0.125237
4560 10.352736 10.352736 10.352736 0.125237 0.125237 0.125237
4570 10.352736 10.352736 10.352736 0.125237 0.125237 0.125237
4580 10.352736 10.352736 10.352736 0.125237 0.125237 0.125237
4590 10.352736 10.352736 10.352736 0.125237 0.125237 0.125237
4600 10.352736 10.352736 10.352736 0.125237 0.125237 0.125237
4610 10.352736 10.352736 10.352736 0.125237 0.125237 0.125237
4620 10.352736 10.352736 10.352736 0.125237 0.125237 0.125237
4630 10.352736 10.352736 10.352736 0.125237 0.125237 0.125237
4640 10.352736 10.352736 10.352736 0.125237 0.125237 0.125237
4650 10.352736 10.352736 10.352736 0.125237 0.125237 0.125237
4660 10.352736 10.352736 10.352736 0.125237 0.125237 0.125237
4670 10.352736 10.352736 10.352736 0.125237 0.125237 0.125237
4680 10.352736 10.352736 10.352736 0.125237 0.125237 0.125237
4690 10.352736 10.352736 10.352736 0.125237 0.125237 0.125237
4700 10.352736 10.352736 10.352736 0.125237 0.125237 0.125237
4710 10.352736 10.352736 10.352736 0.125237 0.125237 0.125237
4720 10.352736 10.352736 10.352736 0.125237 0.125237 0.125237
4730 10.352736 10.352736 10.352736 0.125237 0.125237 0.125237
4740 10.352736 10.352736 10.352736 0.125237 0.125237 0.125237
4750 10.352736 10.352736 10.352736 0.125237 0.125237 0.125237
4760 10.352736 10.352736 10.352736 0.125237 0.125237 0.125237
4770 10.352736 10.352736 10.352736 0.125237 0.125237 0.125237
4780 10.352736 10.352736 10.352736 0.125237 0.125237 0.125237
4790 10.352736 10.352736 10.352736 0.125237 0.125237 0.125237
4800 10.352736 10.352736 10.352736 0.125237 0.125237 0.125237
4810 10.352736 10.352736 10.352736 0.125237 0.125237 0.125237
4820 10.352736 10.352736 10.352736 0.125237 0.125237 0.125237
4830 10.352736 10.352736 10.352736 0.125237 0.125237 0.125237
4840 10.352736 10.352736 10.352736 0.125237 0.125237 0.125237
4850 10.352736 10.352736 10.352736 0.125237 0.125237 0.125237
4860 10.352736 10.352736 10.352736 0.125237 0.125237 0.125237
4870 10.352736 10.352736 10.352736 0.125237 0.125237 0.125237
4880 10.352736 10.352736 10.352736 0.125237 0.125237 0.125237
4890 10.352736 10.352736 10.352736 0.125237 0.125237 0.125237
4900 10.352736 10.352736 10.352736 0.125237 0.125237 0.125237
4910 10.352736 10.352736 10.352736 0.125237 0.125237 0.125237
4920 10.352736 10.352736 10.352736 0.125237 0.125237 0.125237
4930 10.352736 10.352736 10.352736 0.125237 0.125237 0.125237
4940 10.352736 10.352736 10.352736 0.125237 0.125237 0.125237
4950 10.352736 10.352736 10.352736 0.125237 0.125237 0.125237
4960 10.352736 10.352736 10.352736 0.125237 0.125237 0.125237
4970 10.352736 10.352736 10.352736 0.125237 0.125237 0.125237
4980 10.352736 10.352736 10.352736 0.125237 0.125237 0.125237
4990 10.352736 10.352736 10.352736 0.125237 0.125237 0.125237
5000 10.352736 10.352736 10.352736 0.125237 0.125237 0.125237
5010 10.352736 10.352736 10.352736 0.125237 0.125237 0.125237
5020 10.352736 10.352736 10.352736 0.125237 0.125237 0.125237
5030 10.352736 10.352736 10.352736 0.125237 0.125237 0.125237
5040 10.352736 10.352736 10.352736 0.125237 0.125237 0.125237
5050 10.352736 10.352736 10.352736 0.125237 0.125237 0.125237
5060 10.352736 10.352736 10.352736 0.125237 0.125237 0.125237
5070 10.352736 10.352736 10.352736 0.125237 0.125237 0.125237
5080 10.352736 10.352736 10.352736 0.125237 0.125237 0.125237
5090 10.352736 10.352736 10.352736 0.125237 0.125237 0.125237
5100 10.352736 10.352736 10.352736 0.125237 0.125237 0.125237
5110 10.352736 10.352736 10.352736 0.125237 0.125237 0.125237
5120 10.352736 10.352736 10.352736 0.125237 0.125237 0.125237
5130 10.352736 10.352736 10.352736 0.125237 0.125237 0.125237
5140 10.352736 10.352736 10.352736 0.125237 0.125237 0.125237
5150 10.352736 10.352736 10.352736 0.125237 0.125237 0.125237
5160 10.352736 10.352736 10.352736 0.125237 0.125237 0.125237
5170 10.352736 10.352736 10.352736 0.125237 0.125237 0.125237
5180 10.352736 10.352736 10.352736 0.125237 0.125237 0.125237
5190 10.352736 10.352736 10.352736 0.125237 0.125237 0.125237
5200 10.352736 10.352736 10.352736 0.125237 0.125237 0.125237
5210 10.352736 10.352736 10.352736 0.125237 0.125237 0.125237
5220 10.352736 10.352736 10.352736 0.125237 0.125237 0.125237
5230 10.352736 10.352736 10.352736 0.125237 0.125237 0.125237
5240 10.352736 10.352736 10.352736 0.125237 0.125237 0.125237
5250 10.352736 10.352736 10.352736 0.125237 0.125237 0.125237
5260 10.352736 10.352736 10.352736 0.125237 0.125237 0.125237
5270 10.352736 10.352736 10.352736 0.125237 0.125237 0.125237
5280 10.352736 10.352736 10.352736 0.125237 0.125237 0.125237
5290 10.352736 10.352736 10.352736 0.125237 0.125237 0.125237
5300 10.352736 10.352736 10.352736 0.125237 0.125237 0.125237
5310 10.352736 10.352736 10.352736 0.125237 0.125237 0.125237
5320 10.352736 10.352736 10.352736 0.125237 0.125237 0.125237
5330 10.352736 10.352736 10.352736 0.125237 0.125237 0.125237
5340 10.352736 10.352736 10.352736 0.125237 0.125237 0.125237
5350 10.352736 10.352736 10.352736 0.125237 0.125237 0.125237
5360 10.352736 10.352736 10.352736 0.125237 0.125237 0.125237
5370 10.352736 10.352736 10.352736 0.125237 0.125237 0.125237
5380 10.352736 10.352736 10.352736 0.125237 0.125237 0.125237
5390 10.352736 10.352736 10.352736 0.125237 0.125237 0.125237
5400 10.352736 10.352736 10.352736 0.125237 0.125237 0.125237
5410 10.352736 10.352736 10.352736 0.125237 0.125237 0.125237
5420 10.352736 10.352736 10.352736 0.125237 0.125237 0.125237
5430 10.352736 10.352736 10.352736 0.125237 0.125237 0.125237
5440 10.352736 10.352736 10.352736 0.125237 0.125237 0.125237
5450 10.352736 10.352736 10.352736 0.125237 0.125237 0.125237
5460 10.352736 10.352736 10.352736 0.125237 0.125237 0.125237
5470 10.352736 10.352736 10.352736 0.125237 0.125237 0.125237
5480 10.352736 10.352736 10.352736 0.125237 0.125237 0.125237
5490 10.352736 10.352736 10.352736 0.125237 0.125237 0.125237
5500 10.352736 10.352736 10.352736 0.125237 0.125237 0.125237
5510 10.352736 10.352736 10.352736 0.125237 0.125237 0.125237
5520 10.352736 10.352736 10.352736 0.125237 0.125237 0.125237
5530 10.352736 10.352736 10.352736 0.125237 0.125237 0.125237
5540 10.352736 10.352736 10.352736 0.125237 0.125237 0.125237
5550 10.352736 10.352736 10.352736 0.125237 0.125237 0.125237
5560 10.352736 10.352736 10.352736 0.125237 0.125237 0.125237
5570 10.352736 10.352736 10.352736 0.125237 0.125237 0.125237
5580 10.352736 10.352736 10.352736 0.125237 0.125237 0.125237
5590 10.352736 10.352736 10.352736 0.125237 0.125237 0.125237
5600 10.352736 10.352736 10.352736 0.125237 0.125237 0.125237
5610 10.352736 10.352736 10.352736 0.125237 0.125237 0.125237
5620 10.352736 10.352736 10.352736 0.125237 0.125237 0.125237
5630 10.352736 10.352736 10.352736 0.125237 0.125237 0.125237
5640 10.352736 10.352736 10.352736 0.125237 0.125237 0.125237
5650 10.352736 10.352736 10.352736 0.125237 0.125237 0.125237
5660 10.352736 10.352736 10.352736 0.125237 0.125237 0.125237
5670 10.352736 10.352736 10.352736 0.125237 0.125237 0.125237
5680 10.352736 10.352736 10.352736 0.125237 0.125237 0.125237
5690 10.352736 10.352736 10.352736 0.125237 0.125237 0.125237
5700 10.352736 10.352736 10.352736 0.125237 0.125237 0.125237
5710 10.352736 10.352736 10.352736 0.125237 0.125237 0.125237
5720 10.352736 10.352736 10.352736 0.125237 0.125237 0.125237
5730 10.352736 10.352736 10.352736 0.125237 0.125237 0.125237
5740 10.352736 10.352736 10.352736 0.125237 0.125237 0.125237
5750 10.352736 10.352736 10.352736 0.125237 0.125237 0.125237
5760 10.352736 10.352736 10.352736 0.125237 0.125237 0.125237
5770 10.352736 10.352736 10.352736 0.125237 0.125237 0.125237
5780 10.352736 10.352736 10.352736 0.125237 0.125237 0.125237
5790 10.352736 10.352736 10.352736 0.125237 0.125237 0.125237
5800 10.352736 10.352736 10.352736 0.125237 0.125237 0.125237
5810 10.352736 10.352736 10.352736 0.125237 0.125237 0.125237
5820 10.352736 10.352736 10.352736 0.125237 0.125237 0.125237
5830 10.352736 10.352736 10.352736 0.125237 0.125237 0.125237
5840 10.352736 10.352736 10.352736 0.125237 0.125237 0.125237
5850 10.352736 10.352736 10.352736 0.125237 0.125237 0.125237
5860 10.352736 10.352736 10.352736 0.125237 0.125237 0.125237
5870 10.352736 10.352736 10.352736 0.125237 0.125237 0.125237
5880 10.352736 10.352736 10.352736 0.125237 0.125237 0.125237
5890 10.352736 10.352736 10.352736 0.125237 0.125237 0.125237
5900 10.352736 10.352736 10.352736 0.125237 0.125237 0.125237
5910 10.352736 10.352736 10.352736 0.125237 0.125237 0.125237
5920 10.352736 10.352736 10.352736 0.125237 0.125237 0.125237
5930 10.352736 10.352736 10.352736 0.125237 0.125237 0.125237
5940 10.352736 10.352736 10.352736 0.125237 0.125237 0.125237
5950 10.352736 10.352736 10.352736 0.125237 0.125237 0.125237
5960 10.352736 10.352736 10.352736 0.125237 0.125237 0.125237
5970 10.352736 10.352736 10.352736 0.125237 0.125237 0.125237
5980 10.352736 10.352736 10.352736 0.125237 0.125237 0.125237
5990 10.352736 10.352736 10.352736 0.125237 0.125237 0.125237
6000 10.352736 10.352736 10.352736 0.125237 0.125237 0.125237
6010 10.352736 10.352736 10.352736 0.125237 0.125237 0.125237
6020 10.352736 10.352736 10.352736 0.125237 0.125237 0.125237
6030 10.352736 10.352736 10.352736 0.125237 0.125237 0.125237
6040 10.352736 10.352736 10.352736 0.125237 0.125237 0.125237
6050 10.352736 10.352736 10.352736 0.125237 0.125237 0.125237
6060 10.352736 10.352736 10.352736 0.125237 0.125237 0.125237
6070 10.352736 10.352736 10.352736 0.125237 0.125237 0.125237
6080 10.352736 10.352736 10.352736 0.125237 0.125237 0.125237
6090 10.352736 10.352736 10.352736 0.125237 0.125237 0.125237
6100 10.352736 10.352736 10.352736 0.125237 0.125237 0.125237
6110 10.352736 10.352736 10.352736 0.125237 0.125237 0.125237
6120 10.352736 10.352736 10.352736 0.125237 0.125237 0.125237
6130 10.352736 10.352736 10.352736 0.125237 0.125237 0.125237
6140 10.352736 10.352736 10.352736 0.125237 0.125237 0.125237
6150 10.352736 10.352736 10.352736 0.125237 0.125237 0.125237
6160 10.352736 10.352736 10.352736 0.125237 0.125237 0.125237
6170 10.352736 10.352736 10.352736 0.125237 0.125237 0.125237
6180 10.352736 10.352736 10.352736 0.125237 0.125237 0.125237
6190 10.352736 10.352736 10.352736 0.125237 0.125237 0.125237
6200 10.352736 10.352736 10.352736 0.125237 0.125237 0.125237
6210 10.352736 10.352736 10.352736 0.125237 0.125237 0.125237
6220 10.352736 10.352736 10.352736 0.125237 0.125237 0.125237
6230 10.352736 10.352736 10.352736 0.125237 0.125237 0.125237
6240 10.352736 10.352736 10.352736 0.125237 0.125237 0.125237
6250 10.352736 10.352736 10.352736 0.125237 0.125237 0.125237
6260 10.352736 10.352736 10.352736 0.125237 0.125237 0.125237
6270 10.352736 10.352736 10.352736 0.125237 0.125237 0.125237
6280 10.352736 10.352736 10.352736 0.125237 0.125237 0.125237
6290 10.352736 10.352736 10.352736 0.125237 0.125237 0.125237
6300 10.352736 10.352736 10.352736 0.125237 0.125237 0.125237
6310 10.352736 10.352736 10.352736 0.125237 0.125237 0.125237
6320 10.352736 10.352736 10.352736 0.125237 0.125237 0.125237
6330 10.352736 10.352736 10.352736 0.125237 0.125237 0.125237
6340 10.352736 10.352736 10.352736 0.125237 0.125237 0.125237
6350 10.352736 10.352736 10.352736 0.125237 0.125237 0.125237
6360 10.352736 10.352736 10.352736 0.125237 0.125237 0.125237
6370 10.352736 10.352736 10.352736 0.125237 0.125237 0.125237
6380 10.352736 10.352736 10.352736 0.125237 0.125237 0.125237
6390 10.352736 10.352736 10.352736 0.125237 0.125237 0.125237
6400 10.352736 10.352736 10.352736 0.125237 0.125237 0.125237
6410 10.352736 10.352736 10.352736 0.125237 0.125237 0.125237
6420 10.352736 10.352736 10.352736 0.125237 0.125237 0.125237
6430 10.352736 10.352736 10.352736 0.125237 0.125237 0.125237
6440 10.352736 10.352736 10.352736 0.125237 0.125237 0.125237
6450 10.352736 10.352736 10.352736 0.125237 0.125237 0.125237
6460 10.352736 10.352736 10.352736 0.125237 0.125237 0.125237
6470 10.352736 10.352736 10.352736 0.125237 0.125237 0.125237
6480 10.352736 10.352736 10.352736 0.125237 0.125237 0.125237
6490 10.352736 10.352736 10.352736 0.125237 0.125237 0.125237
6500 10.352736 10.352736 10.352736 0.125237 0.125237 0.125237
6510 10.352736 10.352736 10.352736 0.125237 0.125237 0.125237
6520 10.352736 10.352736 10.352736 0.125237 0.125237 0.125237
6530 10.352736 10.352736 10.352736 0.125237 0.125237 0.125237
6540 10.352736 10.352736 10.352736 0.125237 0.125237 0.125237
6550 10.352736 10.352736 10.352736 0.125237 0.125237 0.125237
6560 10.352736 10.352736 10.352736 0.125237 0.125237 0.125237
6570 10.352736 10.352736 10.352736 0.125237 0.125237 0.125237
6580 10.352736 10.352736 10.352736 0.125237 0.125237 0.125237
6590 10.352736 10.352736 10.352736 0.125237 0.125237 0.125237
6600 10.352736 10.352736 10.352736 0.125237 0.125237 0.125237
6610 10.352736 10.352736 10.352736 0.125237 0.125237 0.125237
6620 10.352736 10.352736 10.352736 0.125237 0.125237 0.125237
6630 10.352736 10.352736 10.352736 0.125237 0.125237 0.125237
6640 10.352736 10.352736 10.352736 0.125237 0.125237 0.125237
6650 10.352736 10.352736 10.352736 0.125237 0.125237 0.125237
6660 10.352736 10.352736 10.352736 0.125237 0.125237 0.125237
6670 10.352736 10.352736 10.352736 0.125237 0.125237 0.125237
6680 10.352736 10.352736 10.352736 0.125237 0.125237 0.125237
6690 10.352736 10.352736 10.352736 0.125237 0.125237 0.125237
6700 10.352736 10.352736 10.352736 0.125237 0.125237 0.125237
6710 10.352736 10.352736 10.352736 0.125237 0.125237 0.125237
6720 10.352736 10.352736 10.352736 0.125237 0.125237 0.125237
6730 10.352736 10.352736 10.352736 0.125237 0.125237 0.125237
6740 10.352736 10.352736 10.352736 0.125237 0.125237 0.125237
6750 10.352736 10.352736 10.352736 0.125237 0.125237 0.125237
6760 10.352736 10.352736 10.352736 0.125237 0.125237 0.125237
6770 10.352736 10.352736 10.352736 0.125237 0.125237 0.125237
6780 10.352736 10.352736 10.352736 0.125237 0.125237 0.125237
6790 10.352736 10.352736 10.352736 0.125237 0.125237 0.125237
6800 10.352736 10.352736 10.352736 0.125237 0.125237 0.125237
6810 10.352736 10.352736 10.352736 0.125237 0.125237 0.125237
6820 10.352736 10.352736 10.352736 0.125237 0.125237 0.125237
6830 10.352736 10.352736 10.352736 0.125237 0.125237 0.125237
6840 10.352736 10.352736 10.352736 0.125237 0.125237 0.125237
6850 10.352736 10.352736 10.352736 0.125237 0.125237 0.125237
6860 10.352736 10.352736 10.352736 0.125237 0.125237 0.125237
6870 10.352736 10.352736 10.352736 0.125237 0.125237 0.125237
6880 10.352736 10.352736 10.352736 0.125237 0.125237 0.125237
6890 10.352736 10.352736 10.352736 0.125237 0.125237 0.125237
6900 10.352736 10.352736 10.352736 0.125237 0.125237 0.125237
6910 10.352736 10.352736 10.352736 0.125237 0.125237 0.125237
6920 10.352736 10.352736 10.352736 0.125237 0.125237 0.125237
6930 10.352736 10.352736 10.352736 0.125237 0.125237 0.125237
6940 10.352736 10.352736 10.352736 0.125237 0.125237 0.125237
6950 10.352736 10.352736 10.352736 0.125237 0.125237 0.125237
6960 10.352736 10.352736 10.352736 0.125237 0.125237 0.125237
6970 10.352736 10.352736 10.352736 0.125237 0.125237 0.125237
6980 10.352736 10.352736 10.352736 0.125237 0.125237 0.125237
6990 10.352736 10.352736 10.352736 0.125237 0.125237 0.125237
7000 10.352736 10.352736 10.352736 0.125237 0.125237 0.125237
7010 10.352736 10.352736 10.352736 0.125237 0.125237 0.125237
7020 10.352736 10.352736 10.352736 0.125237 0.125237 0.125237
7030 10.352736 10.352736 10.352736 0.125237 0.125237 0.125237
7040 10.352736 10.352736 10.352736 0.125237 0.125237 0.125237
7050 10.352736 10.352736 10.352736 0.125237 0.125237 0.125237
7060 10.352736 10.352736 10.352736 0.125237 0.125237 0.125237
7070 10.352736 10.352736 10.352736 0.125237 0.125237 0.125237
7080 10.352736 10.352736 10.352736 0.125237 0.125237 0.125237
7090 10.352736 10.352736 10.352736 0.125237 0.125237 0.125237
7100 10.352736 10.352736 10.352736 0.125237 0.125237 0.125237
7110 10.352736 10.352736 10.352736 0.125237 0.125237 0.125237
7120 10.352736 10.352736 10.352736 0.125237 0.125237 0.125237
7130 10.352736 10.352736 10.352736 0.125237 0.125237 0.125237
7140 10.352736 10.352736 10.352736 0.125237 0.125237 0.125237
7150 10.352736 10.352736 10.352736 0.125237 0.125237 0.125237
7160 10.352736 10.352736 10.352736 0.125237 0.125237 0.125237
7170 10.352736 10.352736 10.352736 0.125237 0.125237 0.125237
7180 10.352736 10.352736 10.352736 0.125237 0.125237 0.125237
7190 10.352736 10.352736 10.352736 0.125237 0.125237 0.125237
7200 10.352736 10.352736 10.352736 0.125237 0.125237 0.125237
7210 10.352736 10.352736 10.352736 0.125237 0.125237 0.125237
7220 10.352736 10.352736 10.352736 0.125237 0.125237 0.125237
7230 10.352736 10.352736 10.352736 0.125237 0.125237 0.125237
7240 10.352736 10.352736 10.352736 0.125237 0.125237 0.125237
7250 10.352736 10.352736 10.352736 0.125237 0.125237 0.125237
7260 10.352736 10.352736 10.352736 0.125237 0.125237 0.125237
7270 10.352736 10.352736 10.352736 0.125237 0.125237 0.125237
7280 10.352736 10.352736 10.352736 0.125237 0.125237 0.125237
7290 10.352736 10.352736 10.352736 0.125237 0.125237 0.125237
7300 10.352736 10.352736 10.352736 0.125237 0.125237 0.125237
7310 10.352736 10.352736 10.352736 0.125237 0.125237 0.125237
7320 10.352736 10.352736 10.352736 0.125237 0.125237 0.125237
7330 10.352736 10.352736 10.352736 0.125237 0.125237 0.125237
7340 10.352736 10.352736 10.352736 0.125237 0.125237 0.125237
7350 10.352736 10.352736 10.352736 0.125237 0.125237 0.125237
7360 10.352736 10.352736 10.352736 0.125237 0.125237 0.125237
7370 10.352736 10.352736 10.352736 0.125237 0.125237 0.125237
7380 10.352736 10.352736 10.352736 0.125237 0.125237 0.125237
7390 10.352736 10.352736 10.352736 0.125237 0.125237 0.125237
7400 10.352736 10.352736 10.352736 0.125237 0.125237 0.125237
7410 10.352736 10.352736 10.352736 0.125237 0.125237 0.125237
7420 10.352736 10.352736 10.352736 0.125237 0.125237 0.125237
7430 10.352736 10.352736 10.352736 0.125237 0.125237 0.125237
7440 10.352736 10.352736 10.352736 0.125237 0.125237 0.125237
7450 10.352736 10.352736 10.352736 0.125237 0.125237 0.125237
7460 10.352736 10.352736 10.352736 0.125237 0.125237 0.125237
7470 10.352736 10.352736 10.352736 0.125237 0.125237 0.125237
7480 10.352736 10.352736 10.352736 0.125237 0.125237 0.125237
7490 10.352736 10.352736 10.352736 0.125237 0.125237 0.125237
7500 10.352736 10.352736 10.352736 0.125237 0.125237 0.125237
7510 10.352736 10.352736 10.352736 0.125237 0.125237 0.125237
7520 10.352736 10.352736 10.352736 0.125237 0.125237 0.125237
7530 10.352736 10.352736 10.352736 0.125237 0.125237 0.125237
7540 10.352736 10.352736 10.352736 0.125237 0.125237 0.125237
7550 10.352736 10.352736 10.352736 0.125237 0.125237 0.125237
7560 10.352736 10.352736 10.352736 0.125237 0.125237 0.125237
7570 10.352736 10.352736 10.352736 0.125237 0.125237 0.125237
7580 10.352736 10.352736 10.352736 0.125237 0.125237 0.125237
7590 10.352736 10.352736 10.352736 0.125237 0.125237 0.125237
7600 10.352736 10.352736 10.352736 0.125237 0.125237 0.125237
7610 10.352736 10.352736 10.352736 0.125237 0.125237 0.125237
7620 10.352736 10.352736 10.352736 0.125237 0.125237 0.125237
7630 10.352736 10.352736 10.352736 0.125237 0.125237 0.125237
7640 10.352736 10.352736 10.352736 0.125237 0.125237 0.125237
7650 10.352736 10.352736 10.352736 0.125237 0.125237 0.125237
7660 10.352736 10.352736 10.352736 0.125237 0.125237 0.125237
7670 10.352736 10.352736 10.352736 0.125237 0.125237 0.125237
7680 10.352736 10.352736 10.352736 0.125237 0.125237 0.125237
7690 10.352736 10.352736 10.352736 0.125237 0.125237 0.125237
7700 10.352736 10.352736 10.352736 0.125237 0.125237 0.125237
7710 10.352736 10.352736 10.352736 0.125237 0.125237 0.125237
7720 10.352736 10.352736 10.352736 0.125237 0.125237 0.125237
7730 10.352736 10.352736 10.352736 0.125237 0.125237 0.125237
7740 10.352736 10.352736 10.352736 0.125237 0.125237 0.125237
7750 10.352736 10.352736 10.352736 0.125237 0.125237 0.125237
7760 10.352736 10.352736 10.352736 0.125237 0.125237 0.125237
7770 10.352736 10.352736 10.352736 0.125237 0.125237 0.125237
7780 10.352736 10.352736 10.352736 0.125237 0.125237 0.125237
7790 10.352736 10.352736 10.352736 0.125237 0.125237 0.125237
7800 10.352736 10.352736 10.352736 0.125237 0.125237 0.125237
7810 10.352736 10.352736 10.352736 0.125237 0.125237 0.125237
7820 10.352736 10.352736 10.352736 0.125237 0.125237 0.125237
7830 10.352736 10.352736 10.352736 0.125237 0.125237 0.125237
7840 10.352736 10.352736 10.352736 0.125237 0.125237 0.125237
7850 10.352736 10.352736 10.352736 0.125237 0.125237 0.125237
7860 10.352736 10.352736 10.352736 0.125237 0.125237 0.125237
7870 10.352736 10.352736 10.352736 0.125237 0.125237 0.125237
7880 10.352736 10.352736 10.352736 0.125237 0.125237 0.125237
7890 10.352736 10.352736 10.352736 0.125237 0.125237 0.125237
7900 10.352736 10.352736 10.352736 0.125237 0.125237 0.125237
7910 10.352736 10.352736 10.352736 0.125237 0.125237 0.125237
7920 10.352736 10.352736 10.352736 0.125237 0.125237 0.125237
7930 10.352736 10.352736 10.352736 0.125237 0.125237 0.125237
7940 10.352736 10.352736 10.352736 0.125237 0.125237 0.125237
7950 10.352736 10.352736 10.352736 0.125237 0.125237 0.125237
7960 10.352736 10.352736 10.352736 0.125237 0.125237 0.125237
7970 10.352736 10.352736 10.352736 0.125237 0.125237 0.125237
7980 10.352736 10.352736 10.352736 0.125237 0.125237 0.125237
7990 10.352736 10.352736 10.352736 0.125237 0.125237 0.125237
8000 10.352736 10.352736 10.352736 0.125237 0.125237 0.125237
8010 10.352736 10.352736 10.352736 0.125237 0.125237 0.125237
8020 10.352736 10.352736 10.352736 0.125237 0.125237 0.125237
8030 10.352736 10.352736 10.352736 0.125237 0.125237 0.125237
8040 10.352736 10.352736 10.352736 0.125237 0.125237 0.125237
8050 10.352736 10.352736 10.352736 0.125237 0.125237 0.125237
8060 10.352736 10.352736 10.352736 0.125237 0.125237 0.125237
8070 10.352736 10.352736 10.352736 0.125237 0.125237 0.125237
8080 10.352736 10.352736 10.352736 0.125237 0.125237 0.125237
8090 10.352736 10.352736 10.352736 0.125237 0.125237 0.125237
8100 10.352736 10.352736 10.352736 0.125237 0.125237 0.125237
8110 10.352736 10.352736 10.352736 0.125237 0.125237 0.125237
8120 10.352736 10.352736 10.352736 0.125237 0.125237 0.125237
8130 10.352736 10.352736 10.352736 0.125237 0.125237 0.125237
8140 10.352736 10.352736 10.352736 0.125237 0.125237 0.125237
8150 10.352736 10.352736 10.352736 0.125237 0.125237 0.125237
8160 10.352736 10.352736 10.352736 0.125237 0.125237 0.125237
8170 10.352736 10.352736 10.352736 0.125237 0.125237 0.125237
8180 10.352736 10.352736 10.352736 0.125237 0.125237 0.125237
8190 10.352736 10.352736 10.352736 0.125237 0.125237 0.125237
8200 10.352736 10.352736 10.352736 0.125237 0.125237 0.125237
8210 10.352736 10.352736 10.352736 0.125237 0.125237 0.125237
8220 10.352736 10.352736 10.352736 0.125237 0.125237 0.125237
8230 10.352736 10.352736 10.352736 0.125237 0.125237 0.125237
8240 10.352736 10.352736 10.352736 0.125237 0.125237 0.125237
8250 10.352736 10.352736 10.352736 0.125237 0.125237 0.125237
8260 10.352736 10.352736 10.352736 0.125237 0.125237 0.125237
8270 10.352736 10.352736 10.352736 0.125237 0.125237 0.125237
8280 10.352736 10.352736 10.352736 0.125237 0.125237 0.125237
8290 10.352736 10.352736 10.352736 0.125237 0.125237 0.125237
8300 10.352736 10.352736 10.352736 0.125237 0.125237 0.125237
8310 10.352736 10.352736 10.352736 0.125237 0.125237 0.125237
8320 10.352736 10.352736 10.352736 0.125237 0.125237 0.125237
8330 10.352736 10.352736 10.352736 0.125237 0.125237 0.125237
8340 10.352736 10.352736 10.352736 0.125237 0.125237 0.125237
8350 10.352736 10.352736 10.352736 0.125237 0.125237 0.125237
8360 10.352736 10.352736 10.352736 0.125237 0.125237 0.125237
8370 10.352736 10.352736 10.352736 0.125237 0.125237 0.125237
8380 10.352736 10.352736 10.352736 0.125237 0.125237 0.125237
8390 10.352736 10.352736 10.352736 0.125237 0.125237 0.125237
8400 10.352736 10.352736 10.352736 0.125237 0.125237 0.125237
8410 10.352736 10.352736 10.352736 0.125237 0.125237 0.125237
8420 10.352736 10.352736 10.352736 0.125237 0.125237 0.125237
8430 10.352736 10.352736 10.352736 0.125237 0.125237 0.125237
8440 10.352736 10.352736 10.352736 0.125237 0.125237 0.125237
8450 10.352736 10.352736 10.352736 0.125237 0.125237 0.125237
8460 10.352736 10.352736 10.352736 0.125237 0.125237 0.125237
8470 10.352736 10.352736 10.352736 0.125237 0.125237 0.125237
8480 10.352736 10.352736 10.352736 0.125237 0.125237 0.125237
8490 10.352736 10.352736 10.352736 0.125237 0.125237 0.125237
8500 10.352736 10.352736 10.352736 0.125237 0.125237 0.125237
8510 10.352736 10.352736 10.352736 0.125237 0.125237 0.125237
8520 10.352736 10.352736 10.352736 0.125237 0.125237 0.125237
8530 10.352736 10.352736 10.352736 0.125237 0.125237 0.125237
8540 10.352736 10.352736 10.352736 0.125237 0.125237 0.125237
8550 10.352736 10.352736 10.352736 0.125237 0.125237 0.125237
8560 10.352736 10.352736 10.352736 0.125237 0.125237 0.125237
8570 10.352736 10.352736 10.352736 0.125237 0.125237 0.125237
8580 10.352736 10.352736 10.352736 0.125237 0.125237 0.125237
8590 10.352736 10.352736 10.352736 0.125237 0.125237 0.125237
8600 10.352736 10.352736 10.352736 0.125237 0.125237 0.125237
8610 10.352736 10.352736 10.352736 0.125237 0.125237 0.125237
8620 10.352736 10.352736 10.352736 0.125237 0.125237 0.125237
8630 10.352736 10.352736 10.352736 0.125237 0.125237 0.125237
8640 10.352736 10.352736 10.352736 0.125237 0.125237 0.125237
8650 10.352736 10.352736 10.352736 0.125237 0.125237 0.125237
8660 10.352736 10.352736 10.352736 0.125237 0.125237 0.125237
8670 10.352736 10.352736 10.352736 0.125237 0.125237 0.125237
8680 10.352736 10.352736 10.352736 0.125237 0.125237 0.125237
8690 10.352736 10.352736 10.352736 0.125237 0.125237 0.125237
8700 10.352736 10.352736 10.352736 0.125237 0.125237 0.125237
8710 10.352736 10.352736 10.352736 0.125237 0.125237 0.125237
8720 10.352736 10.352736 10.352736 0.125237 0.125237 0.125237
8730 10.352736 10.352736 10.352736 0.125237 0.125237 0.125237
8740 10.352736 10.352736 10.352736 0.125237 0.125237 0.125237
8750 10.352736 10.352736 10.352736 0.125237 0.125237 0.125237
8760 10.352736 10.352736 10.352736 0.125237 0.125237 0.125237
8770 10.352736 10.352736 10.352736 0.125237 0.125237 0.125237
8780 10.352736 10.352736 10.352736 0.125237 0.125237 0.125237
8790 10.352736 10.352736 10.352736 0.125237 0.125237 0.125237
8800 10.352736 10.352736 10.352736 0.125237 0.125237 0.125237
8810 10.352736 10.352736 10.352736 0.125237 0.125237 0.125237
8820 10.352736 10.352736 10.352736 0.125237 0.125237 0.125237
8830 10.352736 10.352736 10.352736 0.125237 0.125237 0.125237
8840 10.352736 10.352736 10.352736 0.125237 0.125237 0.125237
8850 10.352736 10.352736 10.352736 0.125237 0.125237 0.125237
8860 10.352736 10.352736 10.352736 0.125237 0.125237 0.125237
8870 10.352736 10.352736 10.352736 0.125237 0.125237 0.125237
8880 10.352736 10.352736 10.352736 0.125237 0.125237 0.125237
8890 10.352736 10.352736 10.352736 0.125237 0.125237 0.125237
8900 10.352736 10.352736 10.352736 0.125237 0.125237 0.125237
8910 10.352736 10.352736 10.352736 0.125237 0.125237 0.125237
8920 10.352736 10.352736 10.352736 0.125237 0.125237 0.125237
8930 10.352736 10.352736 10.352736 0.125237 0.125237 0.125237
8940 10.352736 10.352736 10.352736 0.125237 0.125237 0.125237
8950 10.352736 10.352736 10.352736 0.125237 0.125237 0.125237
8960 10.352736 10.352736 10.352736 0.125237 0.125237 0.125237
8970 10.352736 10.352736 10.352736 0.125237 0.125237 0.125237
8980 10.352736 10.352736 10.352736 0.125237 0.125237 0.125237
8990 10.352736 10.352736 10.352736 0.125237 0.125237 0.125237
9000 10.352736 10.352736 10.352736 0.125237 0.125237 0.125237
9010 10.352736 10.352736 10.352736 0.125237 0.125237 0.125237
9020 10.352736 10.352736 10.352736 0.125237 0.125237 0.125237
9030 10.352736 10.352736 10.352736 0.125237 0.125237 0.125237
9040 10.352736 10.352736 10.352736 0.125237 0.125237 0.125237
9050 10.352736 10.352736 10.352736 0.125237 0.125237 0.125237
9060 10.352736 10.352736 10.352736 0.125237 0.125237 0.125237
9070 10.352736 10.352736 10.352736 0.125237 0.125237 0.125237
9080 10.352736 10.352736 10.352736 0.125237 0.125237 0.125237
9090 10.352736 10.352736 10.352736 0.125237 0.125237 0.125237
9100 10.352736 10.352736 10.352736 0.125237 0.125237 0.125237
9110 10.352736 10.352736 10.352736 0.125237 0.125237 0.125237
9120 10.352736 10.352736 10.352736 0.125237 0.125237 0.125237
9130 10.352736 10.352736 10.352736 0.125237 0.125237 0.125237
9140 10.352736 10.352736 10.352736 0.125237 0.125237 0.125237
9150 10.352736 10.352736 10.352736 0.125237 0.125237 0.125237
9160 10.352736 10.352736 10.352736 0.125237 0.125237 0.125237
9170 10.352736 10.352736 10.352736 0.125237 0.125237 0.125237
9180 10.352736 10.352736 10.352736 0.125237 0.125237 0.125237
9190 10.352736 10.352736 10.352736 0.125237 0.125237 0.125237
9200 10.352736 10.352736 10.352736 0.125237 0.125237 0.125237
9210 10.352736 10.352736 10.352736 0.125237 0.125237 0.125237
9220 10.352736 10.352736 10.352736 0.125237 0.125237 0.125237
9230 10.352736 10.352736 10.352736 0.125237 0.125237 0.125237
9240 10.352736 10.352736 10.352736 0.125237 0.125237 0.125237
9250 10.352736 10.352736 10.352736 0.125237 0.125237 0.125237
9260 10.352736 10.352736 10.352736 0.125237 0.125237 0.125237
9270 10.352736 10.352736 10.352736 0.125237 0.125237 0.125237
9280 10.352736 10.352736 10.352736 0.125237 0.125237 0.125237
9290 10.352736 10.352736 10.352736 0.125237 0.125237 0.125237
9300 10.352736 10.352736 10.352736 0.125237 0.125237 0.125237
9310 10.352736 10.352736 10.352736 0.125237 0.125237 0.125237
9320 10.352736 10.352736 10.352736 0.125237 0.125237 0.125237
9330 10.352736 10.352736 10.352736 0.125237 0.125237 0.125237
9340 10.352736 10.352736 10.352736 0.125237 0.125237 0.125237
9350 10.352736 10.352736 10.352736 0.125237 0.125237 0.125237
9360 10.352736 10.352736 10.352736 0.125237 0.125237 0.125237
9370 10.352736 10.352736 10.352736 0.125237 0.125237 0.125237
9380 10.352736 10.352736 10.352736 0.125237 0.125237 0.125237
9390 10.352736 10.352736 10.352736 0.125237 0.125237 0.125237
9400 10.352736 10.352736 10.352736 0.125237 0.125237 0.125237
9410 10.352736 10.352736 10.352736 0.125237 0.125237 0.125237
9420 10.352736 10.352736 10.352736 0.125237 0.125237 0.125237
9430 10.352736 10.352736 10.352736 0.125237 0.125237 0.125237
9440 10.352736 10.352736 10.352736 0.125237 0.125237 0.125237
9450 10.352736 10.352736 10.352736 0.125237 0.125237 0.125237
9460 10.352736 10.352736 10.352736 0.125237 0.125237 0.125237
9470 10.352736 10.352736 10.352736 0.125237 0.125237 0.125237
9480 10.352736 10.352736 10.352736 0.125237 0.125237 0.125237
9490 10.352736 10.352736 10.352736 0.125237 0.125237 0.125237
9500 10.352736 10.352736 10.352736 0.125237 0.125237 0.125237
9510 10.352736 10.352736 10.352736 0.125237 0.125237 0.125237
9520 10.352736 10.352736 10.352736 0.125237 0.125237 0.125237
9530 10.352736 10.352736 10.352736 0.125237 0.125237 0.125237
9540 10.352736 10.352736 10.352736 0.125237 0.125237 0.125237
9550 10.352736 10.352736 10.352736 0.125237 0.125237 0.125237
9560 10.352736 10.352736 10.352736 0.125237 0.125237 0.125237
9570 10.352736 10.352736 10.352736 0.125237 0.125237 0.125237
9580 10.352736 10.352736 10.352736 0.125237 0.125237 0.125237
9590 10.352736 10.352736 10.352736 0.125237 0.125237 0.125237
9600 10.352736 10.352736 10.352736 0.125237 0.125237 0.125237
9610 10.352736 10.352736 10.352736 0.125237 0.125237 0.125237
9620 10.352736 10.352736 10.352736 0.125237 0.125237 0.125237
9630 10.352736 10.352736 10.352736 0.125237 0.125237 0.125237
9640 10.352736 10.352736 10.352736 0.125237 0.125237 0.125237
9650 10.352736 10.352736 10.352736 0.125237 0.125237 0.125237
9660 10.352736 10.352736 10.352736 0.125237 0.125237 0.125237
9670 10.352736 10.352736 10.352736 0.125237 0.125237 0.125237
9680 10.352736 10.352736 10.352736 0.125237 0.125237 0.125237
9690 10.352736 10.352736 10.352736 0.125237 0.125237 0.125237
9700 10.352736 10.352736 10.352736 0.125237 0.125237 0.125237
9710 10.352736 10.352736 10.352736 0.125237 0.125237 0.125237
9720 10.352736 10.352736 10.352736 0.125237 0.125237 0.125237
9730 10.352736 10.352736 10.352736 0.125237 0.125237 0.125237
9740 10.352736 10.352736 10.352736 0.125237 0.125237 0.125237
9750 10.352736 10.352736 10.352736 0.125237 0.125237 0.125237
9760 10.352736 10.352736 10.352736 0.125237 0.125237 0.125237
9770 10.352736 10.352736 10.352736 0.125237 0.125237 0.125237
9780 10.352736 10.352736 10.352736 0.125237 0.125237 0.125237
9790 10.352736 10.352736 10.352736 0.125237 0.125237 0.125237
9800 10.352736 10.352736 10.352736 0.125237 0.125237 0.125237
9810 10.352736 10.352736 10.352736 0.125237 0.125237 0.125237
9820 10.352736 10.352736 10.352736 0.125237 0.125237 0.125237
9830 10.352736 10.352736 10.352736 0.125237 0.125237 0.125237
9840 10.352736 10.352736 10.352736 0.125237 0.125237 0.125237
9850 10.352736 10.352736 10.352736 0.125237 0.125237 0.125237
9860 10.352736 10.352736 10.352736 0.125237 0.125237 0.125237
9870 10.352736 10.352736 10.352736 0.125237 0.125237 0.125237
9880 10.352736 10.352736 10.352736 0.125237 0.125237 0.125237
9890 10.352736 10.352736 10.352736 0.125237 0.125237 0.125237
9900 10.352736 10.352736 10.352736 0.125237 0.125237 0.125237
9910 10.352736 10.352736 10.352736 0.125237 0.125237 0.125237
9920 10.352736 10.352736 10.352736 0.125237 0.125237 0.125237
9930 10.352736 10.352736 10.352736 0.125237 0.125237 0.125237
9940 10.352736 10.352736 10.352736 0.125237 0.125237 0.125237
9950 10.352736 10.352736 10.352736 0.125237 0.125237 0.125237
9960 10.352736 10.352736 10.352736 0.125237 0.125237 0.125237
9970 10.352736 10.352736 10.352736 0.125237 0.125237 0.125237
9980 10.352736 10.352736 10.352736 0.125237 0.125237 0.125237
9990 10.352736 10.352736 10.352736 0.125237 0.125237 0.125237
10000 10.489164 10.489164 10.489164 0.128240 0.128240 0.128240
