# generation power_min power_avg power_max util_min util_avg util_max
1 16.302336 14.233989 16.302336 0.780925 1.112216 1.434365
10 16.302336 14.071200 16.302336 0.780925 1.077461 1.349411
20 16.302336 13.817802 16.302336 0.780925 1.044282 1.299196
30 16.302336 13.674266 16.302336 0.760778 1.013797 1.231336
40 11.375221 13.440229 16.302336 0.712846 0.986681 1.231336
50 11.340235 13.249706 16.302336 0.685005 0.965558 1.231336
60 10.168500 12.933431 15.347931 0.685005 0.946704 1.125817
70 10.168500 12.612478 14.950167 0.685005 0.940232 1.115172
80 9.899517 12.440755 14.459417 0.685005 0.925977 1.103360
90 9.899517 12.215171 14.033251 0.685005 0.917989 1.056972
100 9.899517 11.954845 13.461806 0.621701 0.899931 1.056972
110 9.803207 11.709309 13.246356 0.621701 0.886781 1.056972
120 9.441246 11.507162 12.928242 0.621701 0.879385 1.038620
130 9.256527 11.279932 12.625160 0.621701 0.871546 1.038620
140 8.975066 11.023794 12.381464 0.621701 0.865357 1.038620
150 8.897450 10.786341 12.013282 0.602732 0.859155 1.038620
160 8.897450 10.583649 11.812115 0.602732 0.849334 1.006369
170 8.726914 10.359856 11.474883 0.602732 0.844508 1.006369
180 8.726914 10.141988 11.366362 0.602732 0.831169 1.006369
190 8.459771 9.930567 11.208384 0.602732 0.816864 1.006369
200 8.449882 9.709753 10.946912 0.602732 0.810218 1.006369
210 8.439042 9.528676 10.626262 0.602732 0.798064 1.006369
220 8.215711 9.355214 10.396938 0.602732 0.797617 0.988058
230 8.015077 9.204613 10.127052 0.602732 0.799244 0.988058
240 8.015077 9.071808 9.877877 0.602732 0.805913 0.988058
250 8.015077 8.945688 9.740222 0.612791 0.811937 0.988058
260 8.015077 8.832401 9.499214 0.612791 0.823050 0.988058
270 8.015077 8.736204 9.309196 0.638848 0.837664 0.988058
280 7.955437 8.631666 9.194727 0.655599 0.843999 0.988058
290 7.918233 8.541872 9.021746 0.655599 0.849966 0.988058
300 7.918233 8.468330 8.903855 0.655599 0.856623 1.007197
310 7.710033 8.393596 8.862420 0.655599 0.859034 1.007197
320 7.710033 8.325281 8.722304 0.655599 0.855854 1.007197
330 7.710033 8.256039 8.655473 0.706094 0.858699 1.007197
340 7.452725 8.171327 8.561244 0.733722 0.855270 1.007197
350 7.452725 8.093361 8.439042 0.733722 0.854282 1.007197
360 7.436935 8.022692 8.394644 0.733722 0.849999 1.007197
370 7.386098 7.961446 8.334746 0.733722 0.847968 0.976749
380 7.152479 7.882765 8.303031 0.733722 0.847851 0.993703
390 7.152479 7.813212 8.233854 0.733722 0.846132 0.993703
400 7.111576 7.730748 8.136066 0.733722 0.843374 0.993703
410 6.909055 7.648883 8.018358 0.688759 0.834003 0.993703
420 6.773364 7.558076 7.960093 0.650886 0.827567 0.993703
430 6.773364 7.480769 7.890742 0.650886 0.820474 0.993703
440 6.586955 7.399547 7.832719 0.650886 0.816278 0.993703
450 6.530577 7.325998 7.751711 0.650886 0.809919 0.993703
460 6.530577 7.245183 7.695035 0.650886 0.803935 0.993703
470 6.530577 7.171622 7.624793 0.650886 0.797925 0.993703
480 6.484343 7.091954 7.534694 0.650886 0.796624 0.993703
490 6.345250 7.005283 7.464554 0.650886 0.794362 0.993703
500 6.345250 6.930266 7.362002 0.650886 0.787135 0.993703
510 6.345250 6.870481 7.236408 0.650886 0.782535 0.993703
520 6.206709 6.802595 7.170489 0.650886 0.776527 0.969989
530 6.206709 6.741036 7.109079 0.650886 0.767165 0.969989
540 6.116791 6.663737 7.015539 0.650886 0.764535 0.969989
550 6.116791 6.611514 6.953188 0.650886 0.760526 0.969989
560 6.116791 6.556963 6.869155 0.650886 0.756887 0.969989
570 6.059510 6.499394 6.824556 0.650886 0.747857 0.951218
580 6.007736 6.437419 6.782327 0.650886 0.745233 0.913690
590 6.007736 6.380243 6.695600 0.652162 0.742071 0.913690
600 5.871096 6.324097 6.608842 0.667629 0.741610 0.851853
610 5.871096 6.282184 6.564030 0.667941 0.742169 0.851853
620 5.871096 6.240353 6.484343 0.667941 0.743599 0.815315
630 5.660594 6.192373 6.448598 0.667941 0.740313 0.805385
640 5.660594 6.151703 6.373462 0.686130 0.741751 0.805385
650 5.660594 6.113500 6.340005 0.686130 0.742390 0.797843
660 5.660594 6.069201 6.291103 0.687068 0.744857 0.797843
670 5.660594 6.026206 6.238098 0.695314 0.745898 0.797843
680 5.659716 5.990141 6.187704 0.695314 0.746994 0.797843
690 5.659716 5.951998 6.171865 0.695314 0.745159 0.779525
700 5.659716 5.916147 6.135977 0.695314 0.744701 0.779525
710 5.642342 5.880668 6.105867 0.695314 0.743163 0.779525
720 5.642342 5.839223 6.067408 0.695314 0.741264 0.779525
730 5.614592 5.801257 6.028121 0.695314 0.739386 0.779525
740 5.564697 5.766493 5.970123 0.695314 0.737615 0.776021
750 5.564697 5.735466 5.914142 0.695314 0.736802 0.770274
760 5.564697 5.711743 5.871096 0.695314 0.737237 0.764717
770 5.559257 5.690874 5.823223 0.695314 0.737412 0.764717
780 5.559257 5.672544 5.799370 0.695734 0.739938 0.764717
790 5.559257 5.658917 5.733835 0.721195 0.741270 0.784277
800 5.558957 5.648134 5.704485 0.721195 0.742764 0.784277
810 5.558957 5.640312 5.687701 0.723690 0.744824 0.784277
820 5.467222 5.631993 5.660594 0.739817 0.747644 0.794856
830 5.467222 5.624149 5.659716 0.739817 0.750025 0.794856
840 5.467222 5.615604 5.658477 0.739817 0.751628 0.794856
850 5.455505 5.605308 5.658477 0.739817 0.753850 0.795508
860 5.454627 5.592345 5.654466 0.741319 0.757196 0.795695
870 5.454627 5.578236 5.653001 0.741319 0.761063 0.795695
880 5.450028 5.562465 5.652737 0.741319 0.765404 0.796184
890 5.423965 5.548069 5.647999 0.741319 0.768760 0.797849
900 5.423965 5.535983 5.607399 0.751059 0.772076 0.797849
910 5.423965 5.523905 5.564697 0.751059 0.774509 0.797849
920 5.423965 5.513857 5.564697 0.751059 0.778576 0.797849
930 5.423760 5.505359 5.563119 0.751427 0.779096 0.799295
940 5.423760 5.493680 5.559257 0.751898 0.781950 0.799295
950 5.423087 5.481653 5.558162 0.751898 0.786301 0.799295
960 5.423087 5.469721 5.552829 0.751898 0.790446 0.799295
970 5.423087 5.457650 5.550711 0.754568 0.793264 0.799295
980 5.423087 5.447231 5.521477 0.754568 0.795018 0.799295
990 5.422326 5.441591 5.467222 0.794340 0.796638 0.799295
1000 5.422326 5.437509 5.467186 0.794340 0.796935 0.799295
1010 5.422326 5.433883 5.455505 0.795179 0.797203 0.799295
1020 5.422326 5.430867 5.450028 0.796184 0.797427 0.799295
1030 5.422290 5.428310 5.449150 0.796370 0.797594 0.799295
1040 5.422290 5.425774 5.449150 0.796370 0.797740 0.799295
1050 5.422290 5.424346 5.429442 0.797173 0.797868 0.799295
1060 5.422290 5.423690 5.429442 0.797173 0.797973 0.799295
1070 5.422290 5.423543 5.423965 0.797333 0.798011 0.799295
1080 5.422290 5.423443 5.423965 0.797333 0.798047 0.799295
1090 5.422290 5.423335 5.423965 0.797333 0.798112 0.799482
1100 5.422290 5.423236 5.423965 0.797333 0.798146 0.799482
1110 5.422121 5.423082 5.423965 0.797333 0.798218 0.800043
1120 5.422121 5.422930 5.423965 0.797333 0.798281 0.800043
1130 5.421448 5.422753 5.423965 0.797333 0.798341 0.800043
1140 5.421448 5.422573 5.423929 0.797333 0.798441 0.800043
1150 5.421448 5.422436 5.423087 0.798036 0.798470 0.800043
1160 5.421448 5.422341 5.423087 0.798036 0.798560 0.800043
1170 5.421448 5.422256 5.422882 0.798082 0.798628 0.800043
1180 5.421243 5.422224 5.422326 0.798082 0.798654 0.800230
1190 5.421243 5.422207 5.422326 0.798082 0.798714 0.800230
1200 5.421243 5.422182 5.422326 0.798082 0.798700 0.800230
1210 5.421243 5.422142 5.422290 0.798082 0.798827 0.800230
1220 5.421207 5.422056 5.422290 0.798082 0.798917 0.800230
1230 5.421207 5.421990 5.422290 0.798082 0.799045 0.800230
1240 5.421207 5.421926 5.422290 0.798082 0.799159 0.800230
1250 5.421207 5.421830 5.422290 0.798082 0.799326 0.800230
1260 5.421207 5.421747 5.422290 0.798082 0.799458 0.800230
1270 5.421207 5.421668 5.422121 0.798268 0.799520 0.800230
1280 5.421207 5.421577 5.422121 0.798268 0.799493 0.800230
1290 5.421207 5.421490 5.422121 0.798268 0.799441 0.800230
1300 5.421207 5.421402 5.422085 0.798268 0.799455 0.800230
1310 5.421207 5.421315 5.422085 0.798268 0.799479 0.800230
1320 5.421207 5.421259 5.421448 0.798268 0.799534 0.800230
1330 5.421207 5.421237 5.421412 0.798268 0.799658 0.800230
1340 5.421207 5.421216 5.421412 0.798268 0.799803 0.800230
1350 5.421207 5.421211 5.421243 0.799714 0.799771 0.800230
1360 5.421207 5.421207 5.421243 0.799714 0.799719 0.800230
1370 5.421207 5.421207 5.421207 0.799714 0.799714 0.799714
1380 5.421207 5.421207 5.421207 0.799714 0.799714 0.799714
1390 5.421207 5.421207 5.421207 0.799714 0.799714 0.799714
1400 5.421207 5.421207 5.421207 0.799714 0.799714 0.799714
1410 5.421207 5.421207 5.421207 0.799714 0.799714 0.799714
1420 5.421207 5.421207 5.421207 0.799714 0.799714 0.799714
1430 5.421207 5.421207 5.421207 0.799714 0.799714 0.799714
1440 5.421207 5.421207 5.421207 0.799714 0.799714 0.799714
1450 5.421207 5.421207 5.421207 0.799714 0.799714 0.799714
1460 5.421207 5.421207 5.421207 0.799714 0.799714 0.799714
1470 5.421207 5.421207 5.421207 0.799714 0.799714 0.799714
1480 5.421207 5.421207 5.421207 0.799714 0.799714 0.799714
1490 5.421207 5.421207 5.421207 0.799714 0.799714 0.799714
1500 5.421207 5.421207 5.421207 0.799714 0.799714 0.799714
1510 5.421207 5.421207 5.421207 0.799714 0.799714 0.799714
1520 5.421207 5.421207 5.421207 0.799714 0.799714 0.799714
1530 5.421207 5.421207 5.421207 0.799714 0.799714 0.799714
1540 5.421207 5.421207 5.421207 0.799714 0.799714 0.799714
1550 5.421207 5.421207 5.421207 0.799714 0.799714 0.799714
1560 5.421207 5.421207 5.421207 0.799714 0.799714 0.799714
1570 5.421207 5.421207 5.421207 0.799714 0.799714 0.799714
1580 5.421207 5.421207 5.421207 0.799714 0.799714 0.799714
1590 5.421207 5.421207 5.421207 0.799714 0.799714 0.799714
1600 5.421207 5.421207 5.421207 0.799714 0.799714 0.799714
1610 5.421207 5.421207 5.421207 0.799714 0.799714 0.799714
1620 5.421207 5.421207 5.421207 0.799714 0.799714 0.799714
1630 5.421207 5.421207 5.421207 0.799714 0.799714 0.799714
1640 5.421207 5.421207 5.421207 0.799714 0.799714 0.799714
1650 5.421207 5.421207 5.421207 0.799714 0.799714 0.799714
1660 5.421207 5.421207 5.421207 0.799714 0.799714 0.799714
1670 5.421207 5.421207 5.421207 0.799714 0.799714 0.799714
1680 5.421207 5.421207 5.421207 0.799714 0.799714 0.799714
1690 5.421207 5.421207 5.421207 0.799714 0.799714 0.799714
1700 5.421207 5.421207 5.421207 0.799714 0.799714 0.799714
1710 5.421207 5.421207 5.421207 0.799714 0.799714 0.799714
1720 5.421207 5.421207 5.421207 0.799714 0.799714 0.799714
1730 5.421207 5.421207 5.421207 0.799714 0.799714 0.799714
1740 5.421207 5.421207 5.421207 0.799714 0.799714 0.799714
1750 5.421207 5.421207 5.421207 0.799714 0.799714 0.799714
1760 5.421207 5.421207 5.421207 0.799714 0.799714 0.799714
1770 5.421207 5.421207 5.421207 0.799714 0.799714 0.799714
1780 5.421207 5.421207 5.421207 0.799714 0.799714 0.799714
1790 5.421207 5.421207 5.421207 0.799714 0.799714 0.799714
1800 5.421207 5.421207 5.421207 0.799714 0.799714 0.799714
1810 5.421207 5.421207 5.421207 0.799714 0.799714 0.799714
1820 5.421207 5.421207 5.421207 0.799714 0.799714 0.799714
1830 5.421207 5.421207 5.421207 0.799714 0.799714 0.799714
1840 5.421207 5.421207 5.421207 0.799714 0.799714 0.799714
1850 5.421207 5.421207 5.421207 0.799714 0.799714 0.799714
1860 5.421207 5.421207 5.421207 0.799714 0.799714 0.799714
1870 5.421207 5.421207 5.421207 0.799714 0.799714 0.799714
1880 5.421207 5.421207 5.421207 0.799714 0.799714 0.799714
1890 5.421207 5.421207 5.421207 0.799714 0.799714 0.799714
1900 5.421207 5.421207 5.421207 0.799714 0.799714 0.799714
1910 5.421207 5.421207 5.421207 0.799714 0.799714 0.799714
1920 5.421207 5.421207 5.421207 0.799714 0.799714 0.799714
1930 5.421207 5.421207 5.421207 0.799714 0.799714 0.799714
1940 5.421207 5.421207 5.421207 0.799714 0.799714 0.799714
1950 5.421207 5.421207 5.421207 0.799714 0.799714 0.799714
1960 5.421207 5.421207 5.421207 0.799714 0.799714 0.799714
1970 5.421207 5.421207 5.421207 0.799714 0.799714 0.799714
1980 5.421207 5.421207 5.421207 0.799714 0.799714 0.799714
1990 5.421207 5.421207 5.421207 0.799714 0.799714 0.799714
2000 5.421207 5.421207 5.421207 0.799714 0.799714 0.799714
2010 5.421207 5.421207 5.421207 0.799714 0.799714 0.799714
2020 5.421207 5.421207 5.421207 0.799714 0.799714 0.799714
2030 5.421207 5.421207 5.421207 0.799714 0.799714 0.799714
2040 5.421207 5.421207 5.421207 0.799714 0.799714 0.799714
2050 5.421207 5.421207 5.421207 0.799714 0.799714 0.799714
2060 5.421207 5.421207 5.421207 0.799714 0.799714 0.799714
2070 5.421207 5.421207 5.421207 0.799714 0.799714 0.799714
2080 5.421207 5.421207 5.421207 0.799714 0.799714 0.799714
2090 5.421207 5.421207 5.421207 0.799714 0.799714 0.799714
2100 5.421207 5.421207 5.421207 0.799714 0.799714 0.799714
2110 5.421207 5.421207 5.421207 0.799714 0.799714 0.799714
2120 5.421207 5.421207 5.421207 0.799714 0.799714 0.799714
2130 5.421207 5.421207 5.421207 0.799714 0.799714 0.799714
2140 5.421207 5.421207 5.421207 0.799714 0.799714 0.799714
2150 5.421207 5.421207 5.421207 0.799714 0.799714 0.799714
2160 5.421207 5.421207 5.421207 0.799714 0.799714 0.799714
2170 5.421207 5.421207 5.421207 0.799714 0.799714 0.799714
2180 5.421207 5.421207 5.421207 0.799714 0.799714 0.799714
2190 5.421207 5.421207 5.421207 0.799714 0.799714 0.799714
2200 5.421207 5.421207 5.421207 0.799714 0.799714 0.799714
2210 5.421207 5.421207 5.421207 0.799714 0.799714 0.799714
2220 5.421207 5.421207 5.421207 0.799714 0.799714 0.799714
2230 5.421207 5.421207 5.421207 0.799714 0.799714 0.799714
2240 5.421207 5.421207 5.421207 0.799714 0.799714 0.799714
2250 5.421207 5.421207 5.421207 0.799714 0.799714 0.799714
2260 5.421207 5.421207 5.421207 0.799714 0.799714 0.799714
2270 5.421207 5.421207 5.421207 0.799714 0.799714 0.799714
2280 5.421207 5.421207 5.421207 0.799714 0.799714 0.799714
2290 5.421207 5.421207 5.421207 0.799714 0.799714 0.799714
2300 5.421207 5.421207 5.421207 0.799714 0.799714 0.799714
2310 5.421207 5.421207 5.421207 0.799714 0.799714 0.799714
2320 5.421207 5.421207 5.421207 0.799714 0.799714 0.799714
2330 5.421207 5.421207 5.421207 0.799714 0.799714 0.799714
2340 5.421207 5.421207 5.421207 0.799714 0.799714 0.799714
2350 5.421207 5.421207 5.421207 0.799714 0.799714 0.799714
2360 5.421207 5.421207 5.421207 0.799714 0.799714 0.799714
2370 5.421207 5.421207 5.421207 0.799714 0.799714 0.799714
2380 5.421207 5.421207 5.421207 0.799714 0.799714 0.799714
2390 5.421207 5.421207 5.421207 0.799714 0.799714 0.799714
2400 5.421207 5.421207 5.421207 0.799714 0.799714 0.799714
2410 5.421207 5.421207 5.421207 0.799714 0.799714 0.799714
2420 5.421207 5.421207 5.421207 0.799714 0.799714 0.799714
2430 5.421207 5.421207 5.421207 0.799714 0.799714 0.799714
2440 5.421207 5.421207 5.421207 0.799714 0.799714 0.799714
2450 5.421207 5.421207 5.421207 0.799714 0.799714 0.799714
2460 5.421207 5.421207 5.421207 0.799714 0.799714 0.799714
2470 5.421207 5.421207 5.421207 0.799714 0.799714 0.799714
2480 5.421207 5.421207 5.421207 0.799714 0.799714 0.799714
2490 5.421207 5.421207 5.421207 0.799714 0.799714 0.799714
2500 5.421207 5.421207 5.421207 0.799714 0.799714 0.799714
2510 5.421207 5.421207 5.421207 0.799714 0.799714 0.799714
2520 5.421207 5.421207 5.421207 0.799714 0.799714 0.799714
2530 5.421207 5.421207 5.421207 0.799714 0.799714 0.799714
2540 5.421207 5.421207 5.421207 0.799714 0.799714 0.799714
2550 5.421207 5.421207 5.421207 0.799714 0.799714 0.799714
2560 5.421207 5.421207 5.421207 0.799714 0.799714 0.799714
2570 5.421207 5.421207 5.421207 0.799714 0.799714 0.799714
2580 5.421207 5.421207 5.421207 0.799714 0.799714 0.799714
2590 5.421207 5.421207 5.421207 0.799714 0.799714 0.799714
2600 5.421207 5.421207 5.421207 0.799714 0.799714 0.799714
2610 5.421207 5.421207 5.421207 0.799714 0.799714 0.799714
2620 5.421207 5.421207 5.421207 0.799714 0.799714 0.799714
2630 5.421207 5.421207 5.421207 0.799714 0.799714 0.799714
2640 5.421207 5.421207 5.421207 0.799714 0.799714 0.799714
2650 5.421207 5.421207 5.421207 0.799714 0.799714 0.799714
2660 5.421207 5.421207 5.421207 0.799714 0.799714 0.799714
2670 5.421207 5.421207 5.421207 0.799714 0.799714 0.799714
2680 5.421207 5.421207 5.421207 0.799714 0.799714 0.799714
2690 5.421207 5.421207 5.421207 0.799714 0.799714 0.799714
2700 5.421207 5.421207 5.421207 0.799714 0.799714 0.799714
2710 5.421207 5.421207 5.421207 0.799714 0.799714 0.799714
2720 5.421207 5.421207 5.421207 0.799714 0.799714 0.799714
2730 5.421207 5.421207 5.421207 0.799714 0.799714 0.799714
2740 5.421207 5.421207 5.421207 0.799714 0.799714 0.799714
2750 5.421207 5.421207 5.421207 0.799714 0.799714 0.799714
2760 5.421207 5.421207 5.421207 0.799714 0.799714 0.799714
2770 5.421207 5.421207 5.421207 0.799714 0.799714 0.799714
2780 5.421207 5.421207 5.421207 0.799714 0.799714 0.799714
2790 5.421207 5.421207 5.421207 0.799714 0.799714 0.799714
2800 5.421207 5.421207 5.421207 0.799714 0.799714 0.799714
2810 5.421207 5.421207 5.421207 0.799714 0.799714 0.799714
2820 5.421207 5.421207 5.421207 0.799714 0.799714 0.799714
2830 5.421207 5.421207 5.421207 0.799714 0.799714 0.799714
2840 5.421207 5.421207 5.421207 0.799714 0.799714 0.799714
2850 5.421207 5.421207 5.421207 0.799714 0.799714 0.799714
2860 5.421207 5.421207 5.421207 0.799714 0.799714 0.799714
2870 5.421207 5.421207 5.421207 0.799714 0.799714 0.799714
2880 5.421207 5.421207 5.421207 0.799714 0.799714 0.799714
2890 5.421207 5.421207 5.421207 0.799714 0.799714 0.799714
2900 5.421207 5.421207 5.421207 0.799714 0.799714 0.799714
2910 5.421207 5.421207 5.421207 0.799714 0.799714 0.799714
2920 5.421207 5.421207 5.421207 0.799714 0.799714 0.799714
2930 5.421207 5.421207 5.421207 0.799714 0.799714 0.799714
2940 5.421207 5.421207 5.421207 0.799714 0.799714 0.799714
2950 5.421207 5.421207 5.421207 0.799714 0.799714 0.799714
2960 5.421207 5.421207 5.421207 0.799714 0.799714 0.799714
2970 5.421207 5.421207 5.421207 0.799714 0.799714 0.799714
2980 5.421207 5.421207 5.421207 0.799714 0.799714 0.799714
2990 5.421207 5.421207 5.421207 0.799714 0.799714 0.799714
3000 5.421207 5.421207 5.421207 0.799714 0.799714 0.799714
3010 5.421207 5.421207 5.421207 0.799714 0.799714 0.799714
3020 5.421207 5.421207 5.421207 0.799714 0.799714 0.799714
3030 5.421207 5.421207 5.421207 0.799714 0.799714 0.799714
3040 5.421207 5.421207 5.421207 0.799714 0.799714 0.799714
3050 5.421207 5.421207 5.421207 0.799714 0.799714 0.799714
3060 5.421207 5.421207 5.421207 0.799714 0.799714 0.799714
3070 5.421207 5.421207 5.421207 0.799714 0.799714 0.799714
3080 5.421207 5.421207 5.421207 0.799714 0.799714 0.799714
3090 5.421207 5.421207 5.421207 0.799714 0.799714 0.799714
3100 5.421207 5.421207 5.421207 0.799714 0.799714 0.799714
3110 5.421207 5.421207 5.421207 0.799714 0.799714 0.799714
3120 5.421207 5.421207 5.421207 0.799714 0.799714 0.799714
3130 5.421207 5.421207 5.421207 0.799714 0.799714 0.799714
3140 5.421207 5.421207 5.421207 0.799714 0.799714 0.799714
3150 5.421207 5.421207 5.421207 0.799714 0.799714 0.799714
3160 5.421207 5.421207 5.421207 0.799714 0.799714 0.799714
3170 5.421207 5.421207 5.421207 0.799714 0.799714 0.799714
3180 5.421207 5.421207 5.421207 0.799714 0.799714 0.799714
3190 5.421207 5.421207 5.421207 0.799714 0.799714 0.799714
3200 5.421207 5.421207 5.421207 0.799714 0.799714 0.799714
3210 5.421207 5.421207 5.421207 0.799714 0.799714 0.799714
3220 5.421207 5.421207 5.421207 0.799714 0.799714 0.799714
3230 5.421207 5.421207 5.421207 0.799714 0.799714 0.799714
3240 5.421207 5.421207 5.421207 0.799714 0.799714 0.799714
3250 5.421207 5.421207 5.421207 0.799714 0.799714 0.799714
3260 5.421207 5.421207 5.421207 0.799714 0.799714 0.799714
3270 5.421207 5.421207 5.421207 0.799714 0.799714 0.799714
3280 5.421207 5.421207 5.421207 0.799714 0.799714 0.799714
3290 5.421207 5.421207 5.421207 0.799714 0.799714 0.799714
3300 5.421207 5.421207 5.421207 0.799714 0.799714 0.799714
3310 5.421207 5.421207 5.421207 0.799714 0.799714 0.799714
3320 5.421207 5.421207 5.421207 0.799714 0.799714 0.799714
3330 5.421207 5.421207 5.421207 0.799714 0.799714 0.799714
3340 5.421207 5.421207 5.421207 0.799714 0.799714 0.799714
3350 5.421207 5.421207 5.421207 0.799714 0.799714 0.799714
3360 5.421207 5.421207 5.421207 0.799714 0.799714 0.799714
3370 5.421207 5.421207 5.421207 0.799714 0.799714 0.799714
3380 5.421207 5.421207 5.421207 0.799714 0.799714 0.799714
3390 5.421207 5.421207 5.421207 0.799714 0.799714 0.799714
3400 5.421207 5.421207 5.421207 0.799714 0.799714 0.799714
3410 5.421207 5.421207 5.421207 0.799714 0.799714 0.799714
3420 5.421207 5.421207 5.421207 0.799714 0.799714 0.799714
3430 5.421207 5.421207 5.421207 0.799714 0.799714 0.799714
3440 5.421207 5.421207 5.421207 0.799714 0.799714 0.799714
3450 5.421207 5.421207 5.421207 0.799714 0.799714 0.799714
3460 5.421207 5.421207 5.421207 0.799714 0.799714 0.799714
3470 5.421207 5.421207 5.421207 0.799714 0.799714 0.799714
3480 5.421207 5.421207 5.421207 0.799714 0.799714 0.799714
3490 5.421207 5.421207 5.421207 0.799714 0.799714 0.799714
3500 5.421207 5.421207 5.421207 0.799714 0.799714 0.799714
3510 5.421207 5.421207 5.421207 0.799714 0.799714 0.799714
3520 5.421207 5.421207 5.421207 0.799714 0.799714 0.799714
3530 5.421207 5.421207 5.421207 0.799714 0.799714 0.799714
3540 5.421207 5.421207 5.421207 0.799714 0.799714 0.799714
3550 5.421207 5.421207 5.421207 0.799714 0.799714 0.799714
3560 5.421207 5.421207 5.421207 0.799714 0.799714 0.799714
3570 5.421207 5.421207 5.421207 0.799714 0.799714 0.799714
3580 5.421207 5.421207 5.421207 0.799714 0.799714 0.799714
3590 5.421207 5.421207 5.421207 0.799714 0.799714 0.799714
3600 5.421207 5.421207 5.421207 0.799714 0.799714 0.799714
3610 5.421207 5.421207 5.421207 0.799714 0.799714 0.799714
3620 5.421207 5.421207 5.421207 0.799714 0.799714 0.799714
3630 5.421207 5.421207 5.421207 0.799714 0.799714 0.799714
3640 5.421207 5.421207 5.421207 0.799714 0.799714 0.799714
3650 5.421207 5.421207 5.421207 0.799714 0.799714 0.799714
3660 5.421207 5.421207 5.421207 0.799714 0.799714 0.799714
3670 5.421207 5.421207 5.421207 0.799714 0.799714 0.799714
3680 5.421207 5.421207 5.421207 0.799714 0.799714 0.799714
3690 5.421207 5.421207 5.421207 0.799714 0.799714 0.799714
3700 5.421207 5.421207 5.421207 0.799714 0.799714 0.799714
3710 5.421207 5.421207 5.421207 0.799714 0.799714 0.799714
3720 5.421207 5.421207 5.421207 0.799714 0.799714 0.799714
3730 5.421207 5.421207 5.421207 0.799714 0.799714 0.799714
3740 5.421207 5.421207 5.421207 0.799714 0.799714 0.799714
3750 5.421207 5.421207 5.421207 0.799714 0.799714 0.799714
3760 5.421207 5.421207 5.421207 0.799714 0.799714 0.799714
3770 5.421207 5.421207 5.421207 0.799714 0.799714 0.799714
3780 5.421207 5.421207 5.421207 0.799714 0.799714 0.799714
3790 5.421207 5.421207 5.421207 0.799714 0.799714 0.799714
3800 5.421207 5.421207 5.421207 0.799714 0.799714 0.799714
3810 5.421207 5.421207 5.421207 0.799714 0.799714 0.799714
3820 5.421207 5.421207 5.421207 0.799714 0.799714 0.799714
3830 5.421207 5.421207 5.421207 0.799714 0.799714 0.799714
3840 5.421207 5.421207 5.421207 0.799714 0.799714 0.799714
3850 5.421207 5.421207 5.421207 0.799714 0.799714 0.799714
3860 5.421207 5.421207 5.421207 0.799714 0.799714 0.799714
3870 5.421207 5.421207 5.421207 0.799714 0.799714 0.799714
3880 5.421207 5.421207 5.421207 0.799714 0.799714 0.799714
3890 5.421207 5.421207 5.421207 0.799714 0.799714 0.799714
3900 5.421207 5.421207 5.421207 0.799714 0.799714 0.799714
3910 5.421207 5.421207 5.421207 0.799714 0.799714 0.799714
3920 5.421207 5.421207 5.421207 0.799714 0.799714 0.799714
3930 5.421207 5.421207 5.421207 0.799714 0.799714 0.799714
3940 5.421207 5.421207 5.421207 0.799714 0.799714 0.799714
3950 5.421207 5.421207 5.421207 0.799714 0.799714 0.799714
3960 5.421207 5.421207 5.421207 0.799714 0.799714 0.799714
3970 5.421207 5.421207 5.421207 0.799714 0.799714 0.799714
3980 5.421207 5.421207 5.421207 0.799714 0.799714 0.799714
3990 5.421207 5.421207 5.421207 0.799714 0.799714 0.799714
4000 5.421207 5.421207 5.421207 0.799714 0.799714 0.799714
4010 5.421207 5.421207 5.421207 0.799714 0.799714 0.799714
4020 5.421207 5.421207 5.421207 0.799714 0.799714 0.799714
4030 5.421207 5.421207 5.421207 0.799714 0.799714 0.799714
4040 5.421207 5.421207 5.421207 0.799714 0.799714 0.799714
4050 5.421207 5.421207 5.421207 0.799714 0.799714 0.799714
4060 5.421207 5.421207 5.421207 0.799714 0.799714 0.799714
4070 5.421207 5.421207 5.421207 0.799714 0.799714 0.799714
4080 5.421207 5.421207 5.421207 0.799714 0.799714 0.799714
4090 5.421207 5.421207 5.421207 0.799714 0.799714 0.799714
4100 5.421207 5.421207 5.421207 0.799714 0.799714 0.799714
4110 5.421207 5.421207 5.421207 0.799714 0.799714 0.799714
4120 5.421207 5.421207 5.421207 0.799714 0.799714 0.799714
4130 5.421207 5.421207 5.421207 0.799714 0.799714 0.799714
4140 5.421207 5.421207 5.421207 0.799714 0.799714 0.799714
4150 5.421207 5.421207 5.421207 0.799714 0.799714 0.799714
4160 5.421207 5.421207 5.421207 0.799714 0.799714 0.799714
4170 5.421207 5.421207 5.421207 0.799714 0.799714 0.799714
4180 5.421207 5.421207 5.421207 0.799714 0.799714 0.799714
4190 5.421207 5.421207 5.421207 0.799714 0.799714 0.799714
4200 5.421207 5.421207 5.421207 0.799714 0.799714 0.799714
4210 5.421207 5.421207 5.421207 0.799714 0.799714 0.799714
4220 5.421207 5.421207 5.421207 0.799714 0.799714 0.799714
4230 5.421207 5.421207 5.421207 0.799714 0.799714 0.799714
4240 5.421207 5.421207 5.421207 0.799714 0.799714 0.799714
4250 5.421207 5.421207 5.421207 0.799714 0.799714 0.799714
4260 5.421207 5.421207 5.421207 0.799714 0.799714 0.799714
4270 5.421207 5.421207 5.421207 0.799714 0.799714 0.799714
4280 5.421207 5.421207 5.421207 0.799714 0.799714 0.799714
4290 5.421207 5.421207 5.421207 0.799714 0.799714 0.799714
4300 5.421207 5.421207 5.421207 0.799714 0.799714 0.799714
4310 5.421207 5.421207 5.421207 0.799714 0.799714 0.799714
4320 5.421207 5.421207 5.421207 0.799714 0.799714 0.799714
4330 5.421207 5.421207 5.421207 0.799714 0.799714 0.799714
4340 5.421207 5.421207 5.421207 0.799714 0.799714 0.799714
4350 5.421207 5.421207 5.421207 0.799714 0.799714 0.799714
4360 5.421207 5.421207 5.421207 0.799714 0.799714 0.799714
4370 5.421207 5.421207 5.421207 0.799714 0.799714 0.799714
4380 5.421207 5.421207 5.421207 0.799714 0.799714 0.799714
4390 5.421207 5.421207 5.421207 0.799714 0.799714 0.799714
4400 5.421207 5.421207 5.421207 0.799714 0.799714 0.799714
4410 5.421207 5.421207 5.421207 0.799714 0.799714 0.799714
4420 5.421207 5.421207 5.421207 0.799714 0.799714 0.799714
4430 5.421207 5.421207 5.421207 0.799714 0.799714 0.799714
4440 5.421207 5.421207 5.421207 0.799714 0.799714 0.799714
4450 5.421207 5.421207 5.421207 0.799714 0.799714 0.799714
4460 5.421207 5.421207 5.421207 0.799714 0.799714 0.799714
4470 5.421207 5.421207 5.421207 0.799714 0.799714 0.799714
4480 5.421207 5.421207 5.421207 0.799714 0.799714 0.799714
4490 5.421207 5.421207 5.421207 0.799714 0.799714 0.799714
4500 5.421207 5.421207 5.421207 0.799714 0.799714 0.799714
4510 5.421207 5.421207 5.421207 0.799714 0.799714 0.799714
4520 5.421207 5.421207 5.421207 0.799714 0.799714 0.799714
4530 5.421207 5.421207 5.421207 0.799714 0.799714 0.799714
4540 5.421207 5.421207 5.421207 0.799714 0.799714 0.799714
4550 5.421207 5.421207 5.421207 0.799714 0.799714 0.799714
4560 5.421207 5.421207 5.421207 0.799714 0.799714 0.799714
4570 5.421207 5.421207 5.421207 0.799714 0.799714 0.799714
4580 5.421207 5.421207 5.421207 0.799714 0.799714 0.799714
4590 5.421207 5.421207 5.421207 0.799714 0.799714 0.799714
4600 5.421207 5.421207 5.421207 0.799714 0.799714 0.799714
4610 5.421207 5.421207 5.421207 0.799714 0.799714 0.799714
4620 5.421207 5.421207 5.421207 0.799714 0.799714 0.799714
4630 5.421207 5.421207 5.421207 0.799714 0.799714 0.799714
4640 5.421207 5.421207 5.421207 0.799714 0.799714 0.799714
4650 5.421207 5.421207 5.421207 0.799714 0.799714 0.799714
4660 5.421207 5.421207 5.421207 0.799714 0.799714 0.799714
4670 5.421207 5.421207 5.421207 0.799714 0.799714 0.799714
4680 5.421207 5.421207 5.421207 0.799714 0.799714 0.799714
4690 5.421207 5.421207 5.421207 0.799714 0.799714 0.799714
4700 5.421207 5.421207 5.421207 0.799714 0.799714 0.799714
4710 5.421207 5.421207 5.421207 0.799714 0.799714 0.799714
4720 5.421207 5.421207 5.421207 0.799714 0.799714 0.799714
4730 5.421207 5.421207 5.421207 0.799714 0.799714 0.799714
4740 5.421207 5.421207 5.421207 0.799714 0.799714 0.799714
4750 5.421207 5.421207 5.421207 0.799714 0.799714 0.799714
4760 5.421207 5.421207 5.421207 0.799714 0.799714 0.799714
4770 5.421207 5.421207 5.421207 0.799714 0.799714 0.799714
4780 5.421207 5.421207 5.421207 0.799714 0.799714 0.799714
4790 5.421207 5.421207 5.421207 0.799714 0.799714 0.799714
4800 5.421207 5.421207 5.421207 0.799714 0.799714 0.799714
4810 5.421207 5.421207 5.421207 0.799714 0.799714 0.799714
4820 5.421207 5.421207 5.421207 0.799714 0.799714 0.799714
4830 5.421207 5.421207 5.421207 0.799714 0.799714 0.799714
4840 5.421207 5.421207 5.421207 0.799714 0.799714 0.799714
4850 5.421207 5.421207 5.421207 0.799714 0.799714 0.799714
4860 5.421207 5.421207 5.421207 0.799714 0.799714 0.799714
4870 5.421207 5.421207 5.421207 0.799714 0.799714 0.799714
4880 5.421207 5.421207 5.421207 0.799714 0.799714 0.799714
4890 5.421207 5.421207 5.421207 0.799714 0.799714 0.799714
4900 5.421207 5.421207 5.421207 0.799714 0.799714 0.799714
4910 5.421207 5.421207 5.421207 0.799714 0.799714 0.799714
4920 5.421207 5.421207 5.421207 0.799714 0.799714 0.799714
4930 5.421207 5.421207 5.421207 0.799714 0.799714 0.799714
4940 5.421207 5.421207 5.421207 0.799714 0.799714 0.799714
4950 5.421207 5.421207 5.421207 0.799714 0.799714 0.799714
4960 5.421207 5.421207 5.421207 0.799714 0.799714 0.799714
4970 5.421207 5.421207 5.421207 0.799714 0.799714 0.799714
4980 5.421207 5.421207 5.421207 0.799714 0.799714 0.799714
4990 5.421207 5.421207 5.421207 0.799714 0.799714 0.799714
5000 5.421207 5.421207 5.421207 0.799714 0.799714 0.799714
5010 5.421207 5.421207 5.421207 0.799714 0.799714 0.799714
5020 5.421207 5.421207 5.421207 0.799714 0.799714 0.799714
5030 5.421207 5.421207 5.421207 0.799714 0.799714 0.799714
5040 5.421207 5.421207 5.421207 0.799714 0.799714 0.799714
5050 5.421207 5.421207 5.421207 0.799714 0.799714 0.799714
5060 5.421207 5.421207 5.421207 0.799714 0.799714 0.799714
5070 5.421207 5.421207 5.421207 0.799714 0.799714 0.799714
5080 5.421207 5.421207 5.421207 0.799714 0.799714 0.799714
5090 5.421207 5.421207 5.421207 0.799714 0.799714 0.799714
5100 5.421207 5.421207 5.421207 0.799714 0.799714 0.799714
5110 5.421207 5.421207 5.421207 0.799714 0.799714 0.799714
5120 5.421207 5.421207 5.421207 0.799714 0.799714 0.799714
5130 5.421207 5.421207 5.421207 0.799714 0.799714 0.799714
5140 5.421207 5.421207 5.421207 0.799714 0.799714 0.799714
5150 5.421207 5.421207 5.421207 0.799714 0.799714 0.799714
5160 5.421207 5.421207 5.421207 0.799714 0.799714 0.799714
5170 5.421207 5.421207 5.421207 0.799714 0.799714 0.799714
5180 5.421207 5.421207 5.421207 0.799714 0.799714 0.799714
5190 5.421207 5.421207 5.421207 0.799714 0.799714 0.799714
5200 5.421207 5.421207 5.421207 0.799714 0.799714 0.799714
5210 5.421207 5.421207 5.421207 0.799714 0.799714 0.799714
5220 5.421207 5.421207 5.421207 0.799714 0.799714 0.799714
5230 5.421207 5.421207 5.421207 0.799714 0.799714 0.799714
5240 5.421207 5.421207 5.421207 0.799714 0.799714 0.799714
5250 5.421207 5.421207 5.421207 0.799714 0.799714 0.799714
5260 5.421207 5.421207 5.421207 0.799714 0.799714 0.799714
5270 5.421207 5.421207 5.421207 0.799714 0.799714 0.799714
5280 5.421207 5.421207 5.421207 0.799714 0.799714 0.799714
5290 5.421207 5.421207 5.421207 0.799714 0.799714 0.799714
5300 5.421207 5.421207 5.421207 0.799714 0.799714 0.799714
5310 5.421207 5.421207 5.421207 0.799714 0.799714 0.799714
5320 5.421207 5.421207 5.421207 0.799714 0.799714 0.799714
5330 5.421207 5.421207 5.421207 0.799714 0.799714 0.799714
5340 5.421207 5.421207 5.421207 0.799714 0.799714 0.799714
5350 5.421207 5.421207 5.421207 0.799714 0.799714 0.799714
5360 5.421207 5.421207 5.421207 0.799714 0.799714 0.799714
5370 5.421207 5.421207 5.421207 0.799714 0.799714 0.799714
5380 5.421207 5.421207 5.421207 0.799714 0.799714 0.799714
5390 5.421207 5.421207 5.421207 0.799714 0.799714 0.799714
5400 5.421207 5.421207 5.421207 0.799714 0.799714 0.799714
5410 5.421207 5.421207 5.421207 0.799714 0.799714 0.799714
5420 5.421207 5.421207 5.421207 0.799714 0.799714 0.799714
5430 5.421207 5.421207 5.421207 0.799714 0.799714 0.799714
5440 5.421207 5.421207 5.421207 0.799714 0.799714 0.799714
5450 5.421207 5.421207 5.421207 0.799714 0.799714 0.799714
5460 5.421207 5.421207 5.421207 0.799714 0.799714 0.799714
5470 5.421207 5.421207 5.421207 0.799714 0.799714 0.799714
5480 5.421207 5.421207 5.421207 0.799714 0.799714 0.799714
5490 5.421207 5.421207 5.421207 0.799714 0.799714 0.799714
5500 5.421207 5.421207 5.421207 0.799714 0.799714 0.799714
5510 5.421207 5.421207 5.421207 0.799714 0.799714 0.799714
5520 5.421207 5.421207 5.421207 0.799714 0.799714 0.799714
5530 5.421207 5.421207 5.421207 0.799714 0.799714 0.799714
5540 5.421207 5.421207 5.421207 0.799714 0.799714 0.799714
5550 5.421207 5.421207 5.421207 0.799714 0.799714 0.799714
5560 5.421207 5.421207 5.421207 0.799714 0.799714 0.799714
5570 5.421207 5.421207 5.421207 0.799714 0.799714 0.799714
5580 5.421207 5.421207 5.421207 0.799714 0.799714 0.799714
5590 5.421207 5.421207 5.421207 0.799714 0.799714 0.799714
5600 5.421207 5.421207 5.421207 0.799714 0.799714 0.799714
5610 5.421207 5.421207 5.421207 0.799714 0.799714 0.799714
5620 5.421207 5.421207 5.421207 0.799714 0.799714 0.799714
5630 5.421207 5.421207 5.421207 0.799714 0.799714 0.799714
5640 5.421207 5.421207 5.421207 0.799714 0.799714 0.799714
5650 5.421207 5.421207 5.421207 0.799714 0.799714 0.799714
5660 5.421207 5.421207 5.421207 0.799714 0.799714 0.799714
5670 5.421207 5.421207 5.421207 0.799714 0.799714 0.799714
5680 5.421207 5.421207 5.421207 0.799714 0.799714 0.799714
5690 5.421207 5.421207 5.421207 0.799714 0.799714 0.799714
5700 5.421207 5.421207 5.421207 0.799714 0.799714 0.799714
5710 5.421207 5.421207 5.421207 0.799714 0.799714 0.799714
5720 5.421207 5.421207 5.421207 0.799714 0.799714 0.799714
5730 5.421207 5.421207 5.421207 0.799714 0.799714 0.799714
5740 5.421207 5.421207 5.421207 0.799714 0.799714 0.799714
5750 5.421207 5.421207 5.421207 0.799714 0.799714 0.799714
5760 5.421207 5.421207 5.421207 0.799714 0.799714 0.799714
5770 5.421207 5.421207 5.421207 0.799714 0.799714 0.799714
5780 5.421207 5.421207 5.421207 0.799714 0.799714 0.799714
5790 5.421207 5.421207 5.421207 0.799714 0.799714 0.799714
5800 5.421207 5.421207 5.421207 0.799714 0.799714 0.799714
5810 5.421207 5.421207 5.421207 0.799714 0.799714 0.799714
5820 5.421207 5.421207 5.421207 0.799714 0.799714 0.799714
5830 5.421207 5.421207 5.421207 0.799714 0.799714 0.799714
5840 5.421207 5.421207 5.421207 0.799714 0.799714 0.799714
5850 5.421207 5.421207 5.421207 0.799714 0.799714 0.799714
5860 5.421207 5.421207 5.421207 0.799714 0.799714 0.799714
5870 5.421207 5.421207 5.421207 0.799714 0.799714 0.799714
5880 5.421207 5.421207 5.421207 0.799714 0.799714 0.799714
5890 5.421207 5.421207 5.421207 0.799714 0.799714 0.799714
5900 5.421207 5.421207 5.421207 0.799714 0.799714 0.799714
5910 5.421207 5.421207 5.421207 0.799714 0.799714 0.799714
5920 5.421207 5.421207 5.421207 0.799714 0.799714 0.799714
5930 5.421207 5.421207 5.421207 0.799714 0.799714 0.799714
5940 5.421207 5.421207 5.421207 0.799714 0.799714 0.799714
5950 5.421207 5.421207 5.421207 0.799714 0.799714 0.799714
5960 5.421207 5.421207 5.421207 0.799714 0.799714 0.799714
5970 5.421207 5.421207 5.421207 0.799714 0.799714 0.799714
5980 5.421207 5.421207 5.421207 0.799714 0.799714 0.799714
5990 5.421207 5.421207 5.421207 0.799714 0.799714 0.799714
6000 5.421207 5.421207 5.421207 0.799714 0.799714 0.799714
6010 5.421207 5.421207 5.421207 0.799714 0.799714 0.799714
6020 5.421207 5.421207 5.421207 0.799714 0.799714 0.799714
6030 5.421207 5.421207 5.421207 0.799714 0.799714 0.799714
6040 5.421207 5.421207 5.421207 0.799714 0.799714 0.799714
6050 5.421207 5.421207 5.421207 0.799714 0.799714 0.799714
6060 5.421207 5.421207 5.421207 0.799714 0.799714 0.799714
6070 5.421207 5.421207 5.421207 0.799714 0.799714 0.799714
6080 5.421207 5.421207 5.421207 0.799714 0.799714 0.799714
6090 5.421207 5.421207 5.421207 0.799714 0.799714 0.799714
6100 5.421207 5.421207 5.421207 0.799714 0.799714 0.799714
6110 5.421207 5.421207 5.421207 0.799714 0.799714 0.799714
6120 5.421207 5.421207 5.421207 0.799714 0.799714 0.799714
6130 5.421207 5.421207 5.421207 0.799714 0.799714 0.799714
6140 5.421207 5.421207 5.421207 0.799714 0.799714 0.799714
6150 5.421207 5.421207 5.421207 0.799714 0.799714 0.799714
6160 5.421207 5.421207 5.421207 0.799714 0.799714 0.799714
6170 5.421207 5.421207 5.421207 0.799714 0.799714 0.799714
6180 5.421207 5.421207 5.421207 0.799714 0.799714 0.799714
6190 5.421207 5.421207 5.421207 0.799714 0.799714 0.799714
6200 5.421207 5.421207 5.421207 0.799714 0.799714 0.799714
6210 5.421207 5.421207 5.421207 0.799714 0.799714 0.799714
6220 5.421207 5.421207 5.421207 0.799714 0.799714 0.799714
6230 5.421207 5.421207 5.421207 0.799714 0.799714 0.799714
6240 5.421207 5.421207 5.421207 0.799714 0.799714 0.799714
6250 5.421207 5.421207 5.421207 0.799714 0.799714 0.799714
6260 5.421207 5.421207 5.421207 0.799714 0.799714 0.799714
6270 5.421207 5.421207 5.421207 0.799714 0.799714 0.799714
6280 5.421207 5.421207 5.421207 0.799714 0.799714 0.799714
6290 5.421207 5.421207 5.421207 0.799714 0.799714 0.799714
6300 5.421207 5.421207 5.421207 0.799714 0.799714 0.799714
6310 5.421207 5.421207 5.421207 0.799714 0.799714 0.799714
6320 5.421207 5.421207 5.421207 0.799714 0.799714 0.799714
6330 5.421207 5.421207 5.421207 0.799714 0.799714 0.799714
6340 5.421207 5.421207 5.421207 0.799714 0.799714 0.799714
6350 5.421207 5.421207 5.421207 0.799714 0.799714 0.799714
6360 5.421207 5.421207 5.421207 0.799714 0.799714 0.799714
6370 5.421207 5.421207 5.421207 0.799714 0.799714 0.799714
6380 5.421207 5.421207 5.421207 0.799714 0.799714 0.799714
6390 5.421207 5.421207 5.421207 0.799714 0.799714 0.799714
6400 5.421207 5.421207 5.421207 0.799714 0.799714 0.799714
6410 5.421207 5.421207 5.421207 0.799714 0.799714 0.799714
6420 5.421207 5.421207 5.421207 0.799714 0.799714 0.799714
6430 5.421207 5.421207 5.421207 0.799714 0.799714 0.799714
6440 5.421207 5.421207 5.421207 0.799714 0.799714 0.799714
6450 5.421207 5.421207 5.421207 0.799714 0.799714 0.799714
6460 5.421207 5.421207 5.421207 0.799714 0.799714 0.799714
6470 5.421207 5.421207 5.421207 0.799714 0.799714 0.799714
6480 5.421207 5.421207 5.421207 0.799714 0.799714 0.799714
6490 5.421207 5.421207 5.421207 0.799714 0.799714 0.799714
6500 5.421207 5.421207 5.421207 0.799714 0.799714 0.799714
6510 5.421207 5.421207 5.421207 0.799714 0.799714 0.799714
6520 5.421207 5.421207 5.421207 0.799714 0.799714 0.799714
6530 5.421207 5.421207 5.421207 0.799714 0.799714 0.799714
6540 5.421207 5.421207 5.421207 0.799714 0.799714 0.799714
6550 5.421207 5.421207 5.421207 0.799714 0.799714 0.799714
6560 5.421207 5.421207 5.421207 0.799714 0.799714 0.799714
6570 5.421207 5.421207 5.421207 0.799714 0.799714 0.799714
6580 5.421207 5.421207 5.421207 0.799714 0.799714 0.799714
6590 5.421207 5.421207 5.421207 0.799714 0.799714 0.799714
6600 5.421207 5.421207 5.421207 0.799714 0.799714 0.799714
6610 5.421207 5.421207 5.421207 0.799714 0.799714 0.799714
6620 5.421207 5.421207 5.421207 0.799714 0.799714 0.799714
6630 5.421207 5.421207 5.421207 0.799714 0.799714 0.799714
6640 5.421207 5.421207 5.421207 0.799714 0.799714 0.799714
6650 5.421207 5.421207 5.421207 0.799714 0.799714 0.799714
6660 5.421207 5.421207 5.421207 0.799714 0.799714 0.799714
6670 5.421207 5.421207 5.421207 0.799714 0.799714 0.799714
6680 5.421207 5.421207 5.421207 0.799714 0.799714 0.799714
6690 5.421207 5.421207 5.421207 0.799714 0.799714 0.799714
6700 5.421207 5.421207 5.421207 0.799714 0.799714 0.799714
6710 5.421207 5.421207 5.421207 0.799714 0.799714 0.799714
6720 5.421207 5.421207 5.421207 0.799714 0.799714 0.799714
6730 5.421207 5.421207 5.421207 0.799714 0.799714 0.799714
6740 5.421207 5.421207 5.421207 0.799714 0.799714 0.799714
6750 5.421207 5.421207 5.421207 0.799714 0.799714 0.799714
6760 5.421207 5.421207 5.421207 0.799714 0.799714 0.799714
6770 5.421207 5.421207 5.421207 0.799714 0.799714 0.799714
6780 5.421207 5.421207 5.421207 0.799714 0.799714 0.799714
6790 5.421207 5.421207 5.421207 0.799714 0.799714 0.799714
6800 5.421207 5.421207 5.421207 0.799714 0.799714 0.799714
6810 5.421207 5.421207 5.421207 0.799714 0.799714 0.799714
6820 5.421207 5.421207 5.421207 0.799714 0.799714 0.799714
6830 5.421207 5.421207 5.421207 0.799714 0.799714 0.799714
6840 5.421207 5.421207 5.421207 0.799714 0.799714 0.799714
6850 5.421207 5.421207 5.421207 0.799714 0.799714 0.799714
6860 5.421207 5.421207 5.421207 0.799714 0.799714 0.799714
6870 5.421207 5.421207 5.421207 0.799714 0.799714 0.799714
6880 5.421207 5.421207 5.421207 0.799714 0.799714 0.799714
6890 5.421207 5.421207 5.421207 0.799714 0.799714 0.799714
6900 5.421207 5.421207 5.421207 0.799714 0.799714 0.799714
6910 5.421207 5.421207 5.421207 0.799714 0.799714 0.799714
6920 5.421207 5.421207 5.421207 0.799714 0.799714 0.799714
6930 5.421207 5.421207 5.421207 0.799714 0.799714 0.799714
6940 5.421207 5.421207 5.421207 0.799714 0.799714 0.799714
6950 5.421207 5.421207 5.421207 0.799714 0.799714 0.799714
6960 5.421207 5.421207 5.421207 0.799714 0.799714 0.799714
6970 5.421207 5.421207 5.421207 0.799714 0.799714 0.799714
6980 5.421207 5.421207 5.421207 0.799714 0.799714 0.799714
6990 5.421207 5.421207 5.421207 0.799714 0.799714 0.799714
7000 5.421207 5.421207 5.421207 0.799714 0.799714 0.799714
7010 5.421207 5.421207 5.421207 0.799714 0.799714 0.799714
7020 5.421207 5.421207 5.421207 0.799714 0.799714 0.799714
7030 5.421207 5.421207 5.421207 0.799714 0.799714 0.799714
7040 5.421207 5.421207 5.421207 0.799714 0.799714 0.799714
7050 5.421207 5.421207 5.421207 0.799714 0.799714 0.799714
7060 5.421207 5.421207 5.421207 0.799714 0.799714 0.799714
7070 5.421207 5.421207 5.421207 0.799714 0.799714 0.799714
7080 5.421207 5.421207 5.421207 0.799714 0.799714 0.799714
7090 5.421207 5.421207 5.421207 0.799714 0.799714 0.799714
7100 5.421207 5.421207 5.421207 0.799714 0.799714 0.799714
7110 5.421207 5.421207 5.421207 0.799714 0.799714 0.799714
7120 5.421207 5.421207 5.421207 0.799714 0.799714 0.799714
7130 5.421207 5.421207 5.421207 0.799714 0.799714 0.799714
7140 5.421207 5.421207 5.421207 0.799714 0.799714 0.799714
7150 5.421207 5.421207 5.421207 0.799714 0.799714 0.799714
7160 5.421207 5.421207 5.421207 0.799714 0.799714 0.799714
7170 5.421207 5.421207 5.421207 0.799714 0.799714 0.799714
7180 5.421207 5.421207 5.421207 0.799714 0.799714 0.799714
7190 5.421207 5.421207 5.421207 0.799714 0.799714 0.799714
7200 5.421207 5.421207 5.421207 0.799714 0.799714 0.799714
7210 5.421207 5.421207 5.421207 0.799714 0.799714 0.799714
7220 5.421207 5.421207 5.421207 0.799714 0.799714 0.799714
7230 5.421207 5.421207 5.421207 0.799714 0.799714 0.799714
7240 5.421207 5.421207 5.421207 0.799714 0.799714 0.799714
7250 5.421207 5.421207 5.421207 0.799714 0.799714 0.799714
7260 5.421207 5.421207 5.421207 0.799714 0.799714 0.799714
7270 5.421207 5.421207 5.421207 0.799714 0.799714 0.799714
7280 5.421207 5.421207 5.421207 0.799714 0.799714 0.799714
7290 5.421207 5.421207 5.421207 0.799714 0.799714 0.799714
7300 5.421207 5.421207 5.421207 0.799714 0.799714 0.799714
7310 5.421207 5.421207 5.421207 0.799714 0.799714 0.799714
7320 5.421207 5.421207 5.421207 0.799714 0.799714 0.799714
7330 5.421207 5.421207 5.421207 0.799714 0.799714 0.799714
7340 5.421207 5.421207 5.421207 0.799714 0.799714 0.799714
7350 5.421207 5.421207 5.421207 0.799714 0.799714 0.799714
7360 5.421207 5.421207 5.421207 0.799714 0.799714 0.799714
7370 5.421207 5.421207 5.421207 0.799714 0.799714 0.799714
7380 5.421207 5.421207 5.421207 0.799714 0.799714 0.799714
7390 5.421207 5.421207 5.421207 0.799714 0.799714 0.799714
7400 5.421207 5.421207 5.421207 0.799714 0.799714 0.799714
7410 5.421207 5.421207 5.421207 0.799714 0.799714 0.799714
7420 5.421207 5.421207 5.421207 0.799714 0.799714 0.799714
7430 5.421207 5.421207 5.421207 0.799714 0.799714 0.799714
7440 5.421207 5.421207 5.421207 0.799714 0.799714 0.799714
7450 5.421207 5.421207 5.421207 0.799714 0.799714 0.799714
7460 5.421207 5.421207 5.421207 0.799714 0.799714 0.799714
7470 5.421207 5.421207 5.421207 0.799714 0.799714 0.799714
7480 5.421207 5.421207 5.421207 0.799714 0.799714 0.799714
7490 5.421207 5.421207 5.421207 0.799714 0.799714 0.799714
7500 5.421207 5.421207 5.421207 0.799714 0.799714 0.799714
7510 5.421207 5.421207 5.421207 0.799714 0.799714 0.799714
7520 5.421207 5.421207 5.421207 0.799714 0.799714 0.799714
7530 5.421207 5.421207 5.421207 0.799714 0.799714 0.799714
7540 5.421207 5.421207 5.421207 0.799714 0.799714 0.799714
7550 5.421207 5.421207 5.421207 0.799714 0.799714 0.799714
7560 5.421207 5.421207 5.421207 0.799714 0.799714 0.799714
7570 5.421207 5.421207 5.421207 0.799714 0.799714 0.799714
7580 5.421207 5.421207 5.421207 0.799714 0.799714 0.799714
7590 5.421207 5.421207 5.421207 0.799714 0.799714 0.799714
7600 5.421207 5.421207 5.421207 0.799714 0.799714 0.799714
7610 5.421207 5.421207 5.421207 0.799714 0.799714 0.799714
7620 5.421207 5.421207 5.421207 0.799714 0.799714 0.799714
7630 5.421207 5.421207 5.421207 0.799714 0.799714 0.799714
7640 5.421207 5.421207 5.421207 0.799714 0.799714 0.799714
7650 5.421207 5.421207 5.421207 0.799714 0.799714 0.799714
7660 5.421207 5.421207 5.421207 0.799714 0.799714 0.799714
7670 5.421207 5.421207 5.421207 0.799714 0.799714 0.799714
7680 5.421207 5.421207 5.421207 0.799714 0.799714 0.799714
7690 5.421207 5.421207 5.421207 0.799714 0.799714 0.799714
7700 5.421207 5.421207 5.421207 0.799714 0.799714 0.799714
7710 5.421207 5.421207 5.421207 0.799714 0.799714 0.799714
7720 5.421207 5.421207 5.421207 0.799714 0.799714 0.799714
7730 5.421207 5.421207 5.421207 0.799714 0.799714 0.799714
7740 5.421207 5.421207 5.421207 0.799714 0.799714 0.799714
7750 5.421207 5.421207 5.421207 0.799714 0.799714 0.799714
7760 5.421207 5.421207 5.421207 0.799714 0.799714 0.799714
7770 5.421207 5.421207 5.421207 0.799714 0.799714 0.799714
7780 5.421207 5.421207 5.421207 0.799714 0.799714 0.799714
7790 5.421207 5.421207 5.421207 0.799714 0.799714 0.799714
7800 5.421207 5.421207 5.421207 0.799714 0.799714 0.799714
7810 5.421207 5.421207 5.421207 0.799714 0.799714 0.799714
7820 5.421207 5.421207 5.421207 0.799714 0.799714 0.799714
7830 5.421207 5.421207 5.421207 0.799714 0.799714 0.799714
7840 5.421207 5.421207 5.421207 0.799714 0.799714 0.799714
7850 5.421207 5.421207 5.421207 0.799714 0.799714 0.799714
7860 5.421207 5.421207 5.421207 0.799714 0.799714 0.799714
7870 5.421207 5.421207 5.421207 0.799714 0.799714 0.799714
7880 5.421207 5.421207 5.421207 0.799714 0.799714 0.799714
7890 5.421207 5.421207 5.421207 0.799714 0.799714 0.799714
7900 5.421207 5.421207 5.421207 0.799714 0.799714 0.799714
7910 5.421207 5.421207 5.421207 0.799714 0.799714 0.799714
7920 5.421207 5.421207 5.421207 0.799714 0.799714 0.799714
7930 5.421207 5.421207 5.421207 0.799714 0.799714 0.799714
7940 5.421207 5.421207 5.421207 0.799714 0.799714 0.799714
7950 5.421207 5.421207 5.421207 0.799714 0.799714 0.799714
7960 5.421207 5.421207 5.421207 0.799714 0.799714 0.799714
7970 5.421207 5.421207 5.421207 0.799714 0.799714 0.799714
7980 5.421207 5.421207 5.421207 0.799714 0.799714 0.799714
7990 5.421207 5.421207 5.421207 0.799714 0.799714 0.799714
8000 5.421207 5.421207 5.421207 0.799714 0.799714 0.799714
8010 5.421207 5.421207 5.421207 0.799714 0.799714 0.799714
8020 5.421207 5.421207 5.421207 0.799714 0.799714 0.799714
8030 5.421207 5.421207 5.421207 0.799714 0.799714 0.799714
8040 5.421207 5.421207 5.421207 0.799714 0.799714 0.799714
8050 5.421207 5.421207 5.421207 0.799714 0.799714 0.799714
8060 5.421207 5.421207 5.421207 0.799714 0.799714 0.799714
8070 5.421207 5.421207 5.421207 0.799714 0.799714 0.799714
8080 5.421207 5.421207 5.421207 0.799714 0.799714 0.799714
8090 5.421207 5.421207 5.421207 0.799714 0.799714 0.799714
8100 5.421207 5.421207 5.421207 0.799714 0.799714 0.799714
8110 5.421207 5.421207 5.421207 0.799714 0.799714 0.799714
8120 5.421207 5.421207 5.421207 0.799714 0.799714 0.799714
8130 5.421207 5.421207 5.421207 0.799714 0.799714 0.799714
8140 5.421207 5.421207 5.421207 0.799714 0.799714 0.799714
8150 5.421207 5.421207 5.421207 0.799714 0.799714 0.799714
8160 5.421207 5.421207 5.421207 0.799714 0.799714 0.799714
8170 5.421207 5.421207 5.421207 0.799714 0.799714 0.799714
8180 5.421207 5.421207 5.421207 0.799714 0.799714 0.799714
8190 5.421207 5.421207 5.421207 0.799714 0.799714 0.799714
8200 5.421207 5.421207 5.421207 0.799714 0.799714 0.799714
8210 5.421207 5.421207 5.421207 0.799714 0.799714 0.799714
8220 5.421207 5.421207 5.421207 0.799714 0.799714 0.799714
8230 5.421207 5.421207 5.421207 0.799714 0.799714 0.799714
8240 5.421207 5.421207 5.421207 0.799714 0.799714 0.799714
8250 5.421207 5.421207 5.421207 0.799714 0.799714 0.799714
8260 5.421207 5.421207 5.421207 0.799714 0.799714 0.799714
8270 5.421207 5.421207 5.421207 0.799714 0.799714 0.799714
8280 5.421207 5.421207 5.421207 0.799714 0.799714 0.799714
8290 5.421207 5.421207 5.421207 0.799714 0.799714 0.799714
8300 5.421207 5.421207 5.421207 0.799714 0.799714 0.799714
8310 5.421207 5.421207 5.421207 0.799714 0.799714 0.799714
8320 5.421207 5.421207 5.421207 0.799714 0.799714 0.799714
8330 5.421207 5.421207 5.421207 0.799714 0.799714 0.799714
8340 5.421207 5.421207 5.421207 0.799714 0.799714 0.799714
8350 5.421207 5.421207 5.421207 0.799714 0.799714 0.799714
8360 5.421207 5.421207 5.421207 0.799714 0.799714 0.799714
8370 5.421207 5.421207 5.421207 0.799714 0.799714 0.799714
8380 5.421207 5.421207 5.421207 0.799714 0.799714 0.799714
8390 5.421207 5.421207 5.421207 0.799714 0.799714 0.799714
8400 5.421207 5.421207 5.421207 0.799714 0.799714 0.799714
8410 5.421207 5.421207 5.421207 0.799714 0.799714 0.799714
8420 5.421207 5.421207 5.421207 0.799714 0.799714 0.799714
8430 5.421207 5.421207 5.421207 0.799714 0.799714 0.799714
8440 5.421207 5.421207 5.421207 0.799714 0.799714 0.799714
8450 5.421207 5.421207 5.421207 0.799714 0.799714 0.799714
8460 5.421207 5.421207 5.421207 0.799714 0.799714 0.799714
8470 5.421207 5.421207 5.421207 0.799714 0.799714 0.799714
8480 5.421207 5.421207 5.421207 0.799714 0.799714 0.799714
8490 5.421207 5.421207 5.421207 0.799714 0.799714 0.799714
8500 5.421207 5.421207 5.421207 0.799714 0.799714 0.799714
8510 5.421207 5.421207 5.421207 0.799714 0.799714 0.799714
8520 5.421207 5.421207 5.421207 0.799714 0.799714 0.799714
8530 5.421207 5.421207 5.421207 0.799714 0.799714 0.799714
8540 5.421207 5.421207 5.421207 0.799714 0.799714 0.799714
8550 5.421207 5.421207 5.421207 0.799714 0.799714 0.799714
8560 5.421207 5.421207 5.421207 0.799714 0.799714 0.799714
8570 5.421207 5.421207 5.421207 0.799714 0.799714 0.799714
8580 5.421207 5.421207 5.421207 0.799714 0.799714 0.799714
8590 5.421207 5.421207 5.421207 0.799714 0.799714 0.799714
8600 5.421207 5.421207 5.421207 0.799714 0.799714 0.799714
8610 5.421207 5.421207 5.421207 0.799714 0.799714 0.799714
8620 5.421207 5.421207 5.421207 0.799714 0.799714 0.799714
8630 5.421207 5.421207 5.421207 0.799714 0.799714 0.799714
8640 5.421207 5.421207 5.421207 0.799714 0.799714 0.799714
8650 5.421207 5.421207 5.421207 0.799714 0.799714 0.799714
8660 5.421207 5.421207 5.421207 0.799714 0.799714 0.799714
8670 5.421207 5.421207 5.421207 0.799714 0.799714 0.799714
8680 5.421207 5.421207 5.421207 0.799714 0.799714 0.799714
8690 5.421207 5.421207 5.421207 0.799714 0.799714 0.799714
8700 5.421207 5.421207 5.421207 0.799714 0.799714 0.799714
8710 5.421207 5.421207 5.421207 0.799714 0.799714 0.799714
8720 5.421207 5.421207 5.421207 0.799714 0.799714 0.799714
8730 5.421207 5.421207 5.421207 0.799714 0.799714 0.799714
8740 5.421207 5.421207 5.421207 0.799714 0.799714 0.799714
8750 5.421207 5.421207 5.421207 0.799714 0.799714 0.799714
8760 5.421207 5.421207 5.421207 0.799714 0.799714 0.799714
8770 5.421207 5.421207 5.421207 0.799714 0.799714 0.799714
8780 5.421207 5.421207 5.421207 0.799714 0.799714 0.799714
8790 5.421207 5.421207 5.421207 0.799714 0.799714 0.799714
8800 5.421207 5.421207 5.421207 0.799714 0.799714 0.799714
8810 5.421207 5.421207 5.421207 0.799714 0.799714 0.799714
8820 5.421207 5.421207 5.421207 0.799714 0.799714 0.799714
8830 5.421207 5.421207 5.421207 0.799714 0.799714 0.799714
8840 5.421207 5.421207 5.421207 0.799714 0.799714 0.799714
8850 5.421207 5.421207 5.421207 0.799714 0.799714 0.799714
8860 5.421207 5.421207 5.421207 0.799714 0.799714 0.799714
8870 5.421207 5.421207 5.421207 0.799714 0.799714 0.799714
8880 5.421207 5.421207 5.421207 0.799714 0.799714 0.799714
8890 5.421207 5.421207 5.421207 0.799714 0.799714 0.799714
8900 5.421207 5.421207 5.421207 0.799714 0.799714 0.799714
8910 5.421207 5.421207 5.421207 0.799714 0.799714 0.799714
8920 5.421207 5.421207 5.421207 0.799714 0.799714 0.799714
8930 5.421207 5.421207 5.421207 0.799714 0.799714 0.799714
8940 5.421207 5.421207 5.421207 0.799714 0.799714 0.799714
8950 5.421207 5.421207 5.421207 0.799714 0.799714 0.799714
8960 5.421207 5.421207 5.421207 0.799714 0.799714 0.799714
8970 5.421207 5.421207 5.421207 0.799714 0.799714 0.799714
8980 5.421207 5.421207 5.421207 0.799714 0.799714 0.799714
8990 5.421207 5.421207 5.421207 0.799714 0.799714 0.799714
9000 5.421207 5.421207 5.421207 0.799714 0.799714 0.799714
9010 5.421207 5.421207 5.421207 0.799714 0.799714 0.799714
9020 5.421207 5.421207 5.421207 0.799714 0.799714 0.799714
9030 5.421207 5.421207 5.421207 0.799714 0.799714 0.799714
9040 5.421207 5.421207 5.421207 0.799714 0.799714 0.799714
9050 5.421207 5.421207 5.421207 0.799714 0.799714 0.799714
9060 5.421207 5.421207 5.421207 0.799714 0.799714 0.799714
9070 5.421207 5.421207 5.421207 0.799714 0.799714 0.799714
9080 5.421207 5.421207 5.421207 0.799714 0.799714 0.799714
9090 5.421207 5.421207 5.421207 0.799714 0.799714 0.799714
9100 5.421207 5.421207 5.421207 0.799714 0.799714 0.799714
9110 5.421207 5.421207 5.421207 0.799714 0.799714 0.799714
9120 5.421207 5.421207 5.421207 0.799714 0.799714 0.799714
9130 5.421207 5.421207 5.421207 0.799714 0.799714 0.799714
9140 5.421207 5.421207 5.421207 0.799714 0.799714 0.799714
9150 5.421207 5.421207 5.421207 0.799714 0.799714 0.799714
9160 5.421207 5.421207 5.421207 0.799714 0.799714 0.799714
9170 5.421207 5.421207 5.421207 0.799714 0.799714 0.799714
9180 5.421207 5.421207 5.421207 0.799714 0.799714 0.799714
9190 5.421207 5.421207 5.421207 0.799714 0.799714 0.799714
9200 5.421207 5.421207 5.421207 0.799714 0.799714 0.799714
9210 5.421207 5.421207 5.421207 0.799714 0.799714 0.799714
9220 5.421207 5.421207 5.421207 0.799714 0.799714 0.799714
9230 5.421207 5.421207 5.421207 0.799714 0.799714 0.799714
9240 5.421207 5.421207 5.421207 0.799714 0.799714 0.799714
9250 5.421207 5.421207 5.421207 0.799714 0.799714 0.799714
9260 5.421207 5.421207 5.421207 0.799714 0.799714 0.799714
9270 5.421207 5.421207 5.421207 0.799714 0.799714 0.799714
9280 5.421207 5.421207 5.421207 0.799714 0.799714 0.799714
9290 5.421207 5.421207 5.421207 0.799714 0.799714 0.799714
9300 5.421207 5.421207 5.421207 0.799714 0.799714 0.799714
9310 5.421207 5.421207 5.421207 0.799714 0.799714 0.799714
9320 5.421207 5.421207 5.421207 0.799714 0.799714 0.799714
9330 5.421207 5.421207 5.421207 0.799714 0.799714 0.799714
9340 5.421207 5.421207 5.421207 0.799714 0.799714 0.799714
9350 5.421207 5.421207 5.421207 0.799714 0.799714 0.799714
9360 5.421207 5.421207 5.421207 0.799714 0.799714 0.799714
9370 5.421207 5.421207 5.421207 0.799714 0.799714 0.799714
9380 5.421207 5.421207 5.421207 0.799714 0.799714 0.799714
9390 5.421207 5.421207 5.421207 0.799714 0.799714 0.799714
9400 5.421207 5.421207 5.421207 0.799714 0.799714 0.799714
9410 5.421207 5.421207 5.421207 0.799714 0.799714 0.799714
9420 5.421207 5.421207 5.421207 0.799714 0.799714 0.799714
9430 5.421207 5.421207 5.421207 0.799714 0.799714 0.799714
9440 5.421207 5.421207 5.421207 0.799714 0.799714 0.799714
9450 5.421207 5.421207 5.421207 0.799714 0.799714 0.799714
9460 5.421207 5.421207 5.421207 0.799714 0.799714 0.799714
9470 5.421207 5.421207 5.421207 0.799714 0.799714 0.799714
9480 5.421207 5.421207 5.421207 0.799714 0.799714 0.799714
9490 5.421207 5.421207 5.421207 0.799714 0.799714 0.799714
9500 5.421207 5.421207 5.421207 0.799714 0.799714 0.799714
9510 5.421207 5.421207 5.421207 0.799714 0.799714 0.799714
9520 5.421207 5.421207 5.421207 0.799714 0.799714 0.799714
9530 5.421207 5.421207 5.421207 0.799714 0.799714 0.799714
9540 5.421207 5.421207 5.421207 0.799714 0.799714 0.799714
9550 5.421207 5.421207 5.421207 0.799714 0.799714 0.799714
9560 5.421207 5.421207 5.421207 0.799714 0.799714 0.799714
9570 5.421207 5.421207 5.421207 0.799714 0.799714 0.799714
9580 5.421207 5.421207 5.421207 0.799714 0.799714 0.799714
9590 5.421207 5.421207 5.421207 0.799714 0.799714 0.799714
9600 5.421207 5.421207 5.421207 0.799714 0.799714 0.799714
9610 5.421207 5.421207 5.421207 0.799714 0.799714 0.799714
9620 5.421207 5.421207 5.421207 0.799714 0.799714 0.799714
9630 5.421207 5.421207 5.421207 0.799714 0.799714 0.799714
9640 5.421207 5.421207 5.421207 0.799714 0.799714 0.799714
9650 5.421207 5.421207 5.421207 0.799714 0.799714 0.799714
9660 5.421207 5.421207 5.421207 0.799714 0.799714 0.799714
9670 5.421207 5.421207 5.421207 0.799714 0.799714 0.799714
9680 5.421207 5.421207 5.421207 0.799714 0.799714 0.799714
9690 5.421207 5.421207 5.421207 0.799714 0.799714 0.799714
9700 5.421207 5.421207 5.421207 0.799714 0.799714 0.799714
9710 5.421207 5.421207 5.421207 0.799714 0.799714 0.799714
9720 5.421207 5.421207 5.421207 0.799714 0.799714 0.799714
9730 5.421207 5.421207 5.421207 0.799714 0.799714 0.799714
9740 5.421207 5.421207 5.421207 0.799714 0.799714 0.799714
9750 5.421207 5.421207 5.421207 0.799714 0.799714 0.799714
9760 5.421207 5.421207 5.421207 0.799714 0.799714 0.799714
9770 5.421207 5.421207 5.421207 0.799714 0.799714 0.799714
9780 5.421207 5.421207 5.421207 0.799714 0.799714 0.799714
9790 5.421207 5.421207 5.421207 0.799714 0.799714 0.799714
9800 5.421207 5.421207 5.421207 0.799714 0.799714 0.799714
9810 5.421207 5.421207 5.421207 0.799714 0.799714 0.799714
9820 5.421207 5.421207 5.421207 0.799714 0.799714 0.799714
9830 5.421207 5.421207 5.421207 0.799714 0.799714 0.799714
9840 5.421207 5.421207 5.421207 0.799714 0.799714 0.799714
9850 5.421207 5.421207 5.421207 0.799714 0.799714 0.799714
9860 5.421207 5.421207 5.421207 0.799714 0.799714 0.799714
9870 5.421207 5.421207 5.421207 0.799714 0.799714 0.799714
9880 5.421207 5.421207 5.421207 0.799714 0.799714 0.799714
9890 5.421207 5.421207 5.421207 0.799714 0.799714 0.799714
9900 5.421207 5.421207 5.421207 0.799714 0.799714 0.799714
9910 5.421207 5.421207 5.421207 0.799714 0.799714 0.799714
9920 5.421207 5.421207 5.421207 0.799714 0.799714 0.799714
9930 5.421207 5.421207 5.421207 0.799714 0.799714 0.799714
9940 5.421207 5.421207 5.421207 0.799714 0.799714 0.799714
9950 5.421207 5.421207 5.421207 0.799714 0.799714 0.799714
9960 5.421207 5.421207 5.421207 0.799714 0.799714 0.799714
9970 5.421207 5.421207 5.421207 0.799714 0.799714 0.799714
9980 5.421207 5.421207 5.421207 0.799714 0.799714 0.799714
9990 5.421207 5.421207 5.421207 0.799714 0.799714 0.799714
10000 5.421207 5.421207 5.421207 0.799714 0.799714 0.799714
