# generation power_min power_avg power_max util_min util_avg util_max
1 28.212811 28.212811 28.212811 1.470494 1.492554 1.499669
10 27.833220 27.833220 27.833220 1.341925 1.486145 1.499669
20 27.833220 27.833220 27.833220 1.341925 1.477939 1.499669
30 28.238088 28.238088 28.238088 1.234274 1.463463 1.499669
40 28.429648 28.429648 28.429648 1.211141 1.448178 1.499669
50 29.133712 29.133712 29.133712 1.119724 1.430561 1.499669
60 29.133712 29.133712 29.133712 1.119724 1.413393 1.499669
70 29.133712 29.133712 29.133712 1.119724 1.390976 1.499369
80 29.492851 29.492851 29.492851 1.117878 1.363235 1.498292
90 29.603376 29.603376 29.603376 1.083447 1.332923 1.498292
100 29.641827 29.641827 29.641827 1.044232 1.303572 1.496116
110 29.641827 29.641827 29.641827 1.044232 1.275521 1.482303
120 30.146782 30.146782 30.146782 1.033990 1.243747 1.415828
130 30.146782 30.146782 30.146782 1.026903 1.216603 1.392629
140 30.256191 30.256191 30.256191 0.998867 1.189903 1.362386
150 30.256191 30.256191 30.256191 0.998867 1.167190 1.328848
160 30.256191 30.256191 30.256191 0.998867 1.144795 1.282603
170 30.408240 30.256191 30.408240 0.998867 1.124619 1.269677
180 30.408240 30.256191 30.408240 0.998867 1.104400 1.234274
190 30.435974 30.256191 30.435974 0.998867 1.086596 1.192584
200 30.435974 30.053167 30.435974 0.995208 1.072787 1.163014
210 30.435974 30.138027 30.435974 0.992033 1.058549 1.153857
220 30.519622 30.249393 30.519622 0.992033 1.045723 1.140083
230 30.519622 30.267549 30.519622 0.981213 1.034761 1.122975
240 30.519622 30.294222 30.519622 0.975800 1.025008 1.085004
250 30.519622 30.283009 30.519622 0.975800 1.017715 1.070058
260 30.519622 30.265000 30.519622 0.975800 1.012088 1.044232
270 30.519622 30.236033 30.519622 0.975800 1.008551 1.041693
280 30.519622 30.188791 30.519622 0.975800 1.005539 1.031546
290 30.519622 30.161927 30.519622 0.975800 1.003473 1.022360
300 30.519622 30.127965 30.519622 0.975800 1.001854 1.018318
310 30.519622 30.085416 30.519622 0.975800 1.000252 1.018318
320 30.430593 30.019779 30.430593 0.980897 0.999619 1.013502
330 30.358086 29.972768 30.358086 0.980897 0.998760 1.012571
340 30.291761 29.908928 30.291761 0.980897 0.998749 1.011089
350 30.246101 29.833495 30.246101 0.980897 0.998696 1.011089
360 30.136148 29.785274 30.136148 0.976812 0.998189 1.011089
370 30.037440 29.760757 30.037440 0.976812 0.997923 1.011089
380 30.019293 29.726540 30.019293 0.976812 0.998070 1.011089
390 29.945714 29.700863 29.945714 0.976812 0.998049 1.006579
400 29.903331 29.670955 29.903331 0.976812 0.997974 1.006579
410 29.747929 29.642520 29.747929 0.984954 0.998393 1.006579
420 29.713762 29.618853 29.713762 0.984954 0.998490 1.006579
430 29.713762 29.595407 29.713762 0.984954 0.998455 1.006579
440 29.713762 29.566838 29.713762 0.984954 0.998420 1.006579
450 29.676811 29.546085 29.676811 0.984954 0.997934 1.004913
460 29.661148 29.520439 29.661148 0.987262 0.997952 1.004913
470 29.623964 29.503499 29.623964 0.987262 0.998030 1.004913
480 29.623964 29.489242 29.623964 0.987262 0.997897 1.004913
490 29.607497 29.472165 29.607497 0.987262 0.997889 1.004913
500 29.592049 29.460125 29.592049 0.987262 0.998125 1.005172
510 29.557319 29.431667 29.557319 0.989994 0.998378 1.005172
520 29.506240 29.407831 29.506240 0.992921 0.998325 1.005172
530 29.504127 29.389888 29.504127 0.992921 0.998725 1.005172
540 29.490028 29.372627 29.490028 0.992921 0.998809 1.005172
550 29.478591 29.347516 29.478591 0.992921 0.998964 1.005172
560 29.440415 29.328897 29.440415 0.992921 0.998953 1.005172
570 29.420824 29.317558 29.420824 0.994285 0.999482 1.005172
580 29.379552 29.298726 29.379552 0.994285 0.999809 1.005172
590 29.376288 29.277281 29.376288 0.994285 0.999845 1.003827
600 29.362312 29.260483 29.362312 0.994285 0.999989 1.005606
610 29.297929 29.248597 29.297929 0.996857 1.000379 1.005606
620 29.272472 29.238111 29.272472 0.999022 1.000699 1.005606
630 29.238257 29.231672 29.238257 0.998646 1.000760 1.005606
640 29.238257 29.229393 29.238257 0.998646 1.000913 1.005606
650 29.238257 29.223852 29.238257 0.998646 1.001106 1.005606
660 29.238257 29.199844 29.238257 0.998646 1.001308 1.005606
670 29.178722 29.170036 29.178722 0.998646 1.001356 1.005386
680 29.161350 29.161350 29.161350 0.999576 1.001343 1.005386
690 29.114178 29.114178 29.114178 1.000480 1.001524 1.005386
700 29.114178 29.114178 29.114178 1.000480 1.001594 1.005386
710 29.114178 29.114178 29.114178 1.000480 1.001632 1.005386
720 29.114178 29.114178 29.114178 1.000480 1.001673 1.005386
730 29.114178 29.114178 29.114178 1.000480 1.001748 1.005386
740 29.114178 29.114178 29.114178 1.000480 1.001869 1.005386
750 29.114178 29.114178 29.114178 1.000480 1.001990 1.005386
760 29.114178 29.114178 29.114178 1.000480 1.002141 1.005386
770 29.114178 29.114178 29.114178 1.000480 1.002367 1.005386
780 29.114178 29.114178 29.114178 1.000480 1.002592 1.005386
790 29.040087 29.040087 29.040087 1.001507 1.002719 1.005386
800 29.028996 29.028996 29.028996 1.001507 1.002683 1.002732
810 28.958246 28.958246 28.958246 1.002732 1.002732 1.002732
820 28.958246 28.958246 28.958246 1.002732 1.002732 1.002732
830 28.958246 28.958246 28.958246 1.002732 1.002732 1.002732
840 28.958246 28.958246 28.958246 1.002732 1.002732 1.002732
850 28.958246 28.958246 28.958246 1.002732 1.002732 1.002732
860 28.958246 28.958246 28.958246 1.002732 1.002732 1.002732
870 28.958246 28.958246 28.958246 1.002732 1.002732 1.002732
880 28.958246 28.958246 28.958246 1.002732 1.002732 1.002732
890 28.958246 28.958246 28.958246 1.002732 1.002732 1.002732
900 28.958246 28.958246 28.958246 1.002732 1.002732 1.002732
910 28.958246 28.958246 28.958246 1.002732 1.002732 1.002732
920 28.958246 28.958246 28.958246 1.002732 1.002732 1.002732
930 28.958246 28.958246 28.958246 1.002732 1.002732 1.002732
940 28.958246 28.958246 28.958246 1.002732 1.002732 1.002732
950 28.958246 28.958246 28.958246 1.002732 1.002732 1.002732
960 28.958246 28.958246 28.958246 1.002732 1.002732 1.002732
970 28.958246 28.958246 28.958246 1.002732 1.002732 1.002732
980 28.958246 28.958246 28.958246 1.002732 1.002732 1.002732
990 28.958246 28.958246 28.958246 1.002732 1.002732 1.002732
1000 28.958246 28.958246 28.958246 1.002732 1.002732 1.002732
1010 28.958246 28.958246 28.958246 1.002732 1.002732 1.002732
1020 28.958246 28.958246 28.958246 1.002732 1.002732 1.002732
1030 28.958246 28.958246 28.958246 1.002732 1.002732 1.002732
1040 28.958246 28.958246 28.958246 1.002732 1.002732 1.002732
1050 28.958246 28.958246 28.958246 1.002732 1.002732 1.002732
1060 28.958246 28.958246 28.958246 1.002732 1.002732 1.002732
1070 28.958246 28.958246 28.958246 1.002732 1.002732 1.002732
1080 28.958246 28.958246 28.958246 1.002732 1.002732 1.002732
1090 28.958246 28.958246 28.958246 1.002732 1.002732 1.002732
1100 28.958246 28.958246 28.958246 1.002732 1.002732 1.002732
1110 28.958246 28.958246 28.958246 1.002732 1.002732 1.002732
1120 28.958246 28.958246 28.958246 1.002732 1.002732 1.002732
1130 28.958246 28.958246 28.958246 1.002732 1.002732 1.002732
1140 28.958246 28.958246 28.958246 1.002732 1.002732 1.002732
1150 28.958246 28.958246 28.958246 1.002732 1.002732 1.002732
1160 28.958246 28.958246 28.958246 1.002732 1.002732 1.002732
1170 28.958246 28.958246 28.958246 1.002732 1.002732 1.002732
1180 28.958246 28.958246 28.958246 1.002732 1.002732 1.002732
1190 28.958246 28.958246 28.958246 1.002732 1.002732 1.002732
1200 28.958246 28.958246 28.958246 1.002732 1.002732 1.002732
1210 28.958246 28.958246 28.958246 1.002732 1.002732 1.002732
1220 28.958246 28.958246 28.958246 1.002732 1.002732 1.002732
1230 28.958246 28.958246 28.958246 1.002732 1.002732 1.002732
1240 28.958246 28.958246 28.958246 1.002732 1.002732 1.002732
1250 28.958246 28.958246 28.958246 1.002732 1.002732 1.002732
1260 28.958246 28.958246 28.958246 1.002732 1.002732 1.002732
1270 28.958246 28.958246 28.958246 1.002732 1.002732 1.002732
1280 28.958246 28.958246 28.958246 1.002732 1.002732 1.002732
1290 28.958246 28.958246 28.958246 1.002732 1.002732 1.002732
1300 28.958246 28.958246 28.958246 1.002732 1.002732 1.002732
1310 28.958246 28.958246 28.958246 1.002732 1.002732 1.002732
1320 28.958246 28.958246 28.958246 1.002732 1.002732 1.002732
1330 28.958246 28.958246 28.958246 1.002732 1.002732 1.002732
1340 28.958246 28.958246 28.958246 1.002732 1.002732 1.002732
1350 28.958246 28.958246 28.958246 1.002732 1.002732 1.002732
1360 28.958246 28.958246 28.958246 1.002732 1.002732 1.002732
1370 28.958246 28.958246 28.958246 1.002732 1.002732 1.002732
1380 28.958246 28.958246 28.958246 1.002732 1.002732 1.002732
1390 28.958246 28.958246 28.958246 1.002732 1.002732 1.002732
1400 28.958246 28.958246 28.958246 1.002732 1.002732 1.002732
1410 28.958246 28.958246 28.958246 1.002732 1.002732 1.002732
1420 28.958246 28.958246 28.958246 1.002732 1.002732 1.002732
1430 28.958246 28.958246 28.958246 1.002732 1.002732 1.002732
1440 28.958246 28.958246 28.958246 1.002732 1.002732 1.002732
1450 28.958246 28.958246 28.958246 1.002732 1.002732 1.002732
1460 28.958246 28.958246 28.958246 1.002732 1.002732 1.002732
1470 28.958246 28.958246 28.958246 1.002732 1.002732 1.002732
1480 28.958246 28.958246 28.958246 1.002732 1.002732 1.002732
1490 28.958246 28.958246 28.958246 1.002732 1.002732 1.002732
1500 28.958246 28.958246 28.958246 1.002732 1.002732 1.002732
1510 28.958246 28.958246 28.958246 1.002732 1.002732 1.002732
1520 28.958246 28.958246 28.958246 1.002732 1.002732 1.002732
1530 28.958246 28.958246 28.958246 1.002732 1.002732 1.002732
1540 28.958246 28.958246 28.958246 1.002732 1.002732 1.002732
1550 28.958246 28.958246 28.958246 1.002732 1.002732 1.002732
1560 28.958246 28.958246 28.958246 1.002732 1.002732 1.002732
1570 28.958246 28.958246 28.958246 1.002732 1.002732 1.002732
1580 28.958246 28.958246 28.958246 1.002732 1.002732 1.002732
1590 28.958246 28.958246 28.958246 1.002732 1.002732 1.002732
1600 28.958246 28.958246 28.958246 1.002732 1.002732 1.002732
1610 28.958246 28.958246 28.958246 1.002732 1.002732 1.002732
1620 28.958246 28.958246 28.958246 1.002732 1.002732 1.002732
1630 28.958246 28.958246 28.958246 1.002732 1.002732 1.002732
1640 28.958246 28.958246 28.958246 1.002732 1.002732 1.002732
1650 28.958246 28.958246 28.958246 1.002732 1.002732 1.002732
1660 28.958246 28.958246 28.958246 1.002732 1.002732 1.002732
1670 28.958246 28.958246 28.958246 1.002732 1.002732 1.002732
1680 28.958246 28.958246 28.958246 1.002732 1.002732 1.002732
1690 28.958246 28.958246 28.958246 1.002732 1.002732 1.002732
1700 28.958246 28.958246 28.958246 1.002732 1.002732 1.002732
1710 28.958246 28.958246 28.958246 1.002732 1.002732 1.002732
1720 28.958246 28.958246 28.958246 1.002732 1.002732 1.002732
1730 28.958246 28.958246 28.958246 1.002732 1.002732 1.002732
1740 28.958246 28.958246 28.958246 1.002732 1.002732 1.002732
1750 28.958246 28.958246 28.958246 1.002732 1.002732 1.002732
1760 28.958246 28.958246 28.958246 1.002732 1.002732 1.002732
1770 28.958246 28.958246 28.958246 1.002732 1.002732 1.002732
1780 28.958246 28.958246 28.958246 1.002732 1.002732 1.002732
1790 28.958246 28.958246 28.958246 1.002732 1.002732 1.002732
1800 28.958246 28.958246 28.958246 1.002732 1.002732 1.002732
1810 28.958246 28.958246 28.958246 1.002732 1.002732 1.002732
1820 28.958246 28.958246 28.958246 1.002732 1.002732 1.002732
1830 28.958246 28.958246 28.958246 1.002732 1.002732 1.002732
1840 28.958246 28.958246 28.958246 1.002732 1.002732 1.002732
1850 28.958246 28.958246 28.958246 1.002732 1.002732 1.002732
1860 28.958246 28.958246 28.958246 1.002732 1.002732 1.002732
1870 28.958246 28.958246 28.958246 1.002732 1.002732 1.002732
1880 28.958246 28.958246 28.958246 1.002732 1.002732 1.002732
1890 28.958246 28.958246 28.958246 1.002732 1.002732 1.002732
1900 28.958246 28.958246 28.958246 1.002732 1.002732 1.002732
1910 28.958246 28.958246 28.958246 1.002732 1.002732 1.002732
1920 28.958246 28.958246 28.958246 1.002732 1.002732 1.002732
1930 28.958246 28.958246 28.958246 1.002732 1.002732 1.002732
1940 28.958246 28.958246 28.958246 1.002732 1.002732 1.002732
1950 28.958246 28.958246 28.958246 1.002732 1.002732 1.002732
1960 28.958246 28.958246 28.958246 1.002732 1.002732 1.002732
1970 28.958246 28.958246 28.958246 1.002732 1.002732 1.002732
1980 28.958246 28.958246 28.958246 1.002732 1.002732 1.002732
1990 28.958246 28.958246 28.958246 1.002732 1.002732 1.002732
2000 28.958246 28.958246 28.958246 1.002732 1.002732 1.002732
2010 28.958246 28.958246 28.958246 1.002732 1.002732 1.002732
2020 28.958246 28.958246 28.958246 1.002732 1.002732 1.002732
2030 28.958246 28.958246 28.958246 1.002732 1.002732 1.002732
2040 28.958246 28.958246 28.958246 1.002732 1.002732 1.002732
2050 28.958246 28.958246 28.958246 1.002732 1.002732 1.002732
2060 28.958246 28.958246 28.958246 1.002732 1.002732 1.002732
2070 28.958246 28.958246 28.958246 1.002732 1.002732 1.002732
2080 28.958246 28.958246 28.958246 1.002732 1.002732 1.002732
2090 28.958246 28.958246 28.958246 1.002732 1.002732 1.002732
2100 28.958246 28.958246 28.958246 1.002732 1.002732 1.002732
2110 28.958246 28.958246 28.958246 1.002732 1.002732 1.002732
2120 28.958246 28.958246 28.958246 1.002732 1.002732 1.002732
2130 28.958246 28.958246 28.958246 1.002732 1.002732 1.002732
2140 28.958246 28.958246 28.958246 1.002732 1.002732 1.002732
2150 28.958246 28.958246 28.958246 1.002732 1.002732 1.002732
2160 28.958246 28.958246 28.958246 1.002732 1.002732 1.002732
2170 28.958246 28.958246 28.958246 1.002732 1.002732 1.002732
2180 28.958246 28.958246 28.958246 1.002732 1.002732 1.002732
2190 28.958246 28.958246 28.958246 1.002732 1.002732 1.002732
2200 28.958246 28.958246 28.958246 1.002732 1.002732 1.002732
2210 28.958246 28.958246 28.958246 1.002732 1.002732 1.002732
2220 28.958246 28.958246 28.958246 1.002732 1.002732 1.002732
2230 28.958246 28.958246 28.958246 1.002732 1.002732 1.002732
2240 28.958246 28.958246 28.958246 1.002732 1.002732 1.002732
2250 28.958246 28.958246 28.958246 1.002732 1.002732 1.002732
2260 28.958246 28.958246 28.958246 1.002732 1.002732 1.002732
2270 28.958246 28.958246 28.958246 1.002732 1.002732 1.002732
2280 28.958246 28.958246 28.958246 1.002732 1.002732 1.002732
2290 28.958246 28.958246 28.958246 1.002732 1.002732 1.002732
2300 28.958246 28.958246 28.958246 1.002732 1.002732 1.002732
2310 28.958246 28.958246 28.958246 1.002732 1.002732 1.002732
2320 28.958246 28.958246 28.958246 1.002732 1.002732 1.002732
2330 28.958246 28.958246 28.958246 1.002732 1.002732 1.002732
2340 28.958246 28.958246 28.958246 1.002732 1.002732 1.002732
2350 28.958246 28.958246 28.958246 1.002732 1.002732 1.002732
2360 28.958246 28.958246 28.958246 1.002732 1.002732 1.002732
2370 28.958246 28.958246 28.958246 1.002732 1.002732 1.002732
2380 28.958246 28.958246 28.958246 1.002732 1.002732 1.002732
2390 28.958246 28.958246 28.958246 1.002732 1.002732 1.002732
2400 28.958246 28.958246 28.958246 1.002732 1.002732 1.002732
2410 28.958246 28.958246 28.958246 1.002732 1.002732 1.002732
2420 28.958246 28.958246 28.958246 1.002732 1.002732 1.002732
2430 28.958246 28.958246 28.958246 1.002732 1.002732 1.002732
2440 28.958246 28.958246 28.958246 1.002732 1.002732 1.002732
2450 28.958246 28.958246 28.958246 1.002732 1.002732 1.002732
2460 28.958246 28.958246 28.958246 1.002732 1.002732 1.002732
2470 28.958246 28.958246 28.958246 1.002732 1.002732 1.002732
2480 28.958246 28.958246 28.958246 1.002732 1.002732 1.002732
2490 28.958246 28.958246 28.958246 1.002732 1.002732 1.002732
2500 28.958246 28.958246 28.958246 1.002732 1.002732 1.002732
2510 28.958246 28.958246 28.958246 1.002732 1.002732 1.002732
2520 28.958246 28.958246 28.958246 1.002732 1.002732 1.002732
2530 28.958246 28.958246 28.958246 1.002732 1.002732 1.002732
2540 28.958246 28.958246 28.958246 1.002732 1.002732 1.002732
2550 28.958246 28.958246 28.958246 1.002732 1.002732 1.002732
2560 28.958246 28.958246 28.958246 1.002732 1.002732 1.002732
2570 28.958246 28.958246 28.958246 1.002732 1.002732 1.002732
2580 28.958246 28.958246 28.958246 1.002732 1.002732 1.002732
2590 28.958246 28.958246 28.958246 1.002732 1.002732 1.002732
2600 28.958246 28.958246 28.958246 1.002732 1.002732 1.002732
2610 28.958246 28.958246 28.958246 1.002732 1.002732 1.002732
2620 28.958246 28.958246 28.958246 1.002732 1.002732 1.002732
2630 28.958246 28.958246 28.958246 1.002732 1.002732 1.002732
2640 28.958246 28.958246 28.958246 1.002732 1.002732 1.002732
2650 28.958246 28.958246 28.958246 1.002732 1.002732 1.002732
2660 28.958246 28.958246 28.958246 1.002732 1.002732 1.002732
2670 28.958246 28.958246 28.958246 1.002732 1.002732 1.002732
2680 28.958246 28.958246 28.958246 1.002732 1.002732 1.002732
2690 28.958246 28.958246 28.958246 1.002732 1.002732 1.002732
2700 28.958246 28.958246 28.958246 1.002732 1.002732 1.002732
2710 28.958246 28.958246 28.958246 1.002732 1.002732 1.002732
2720 28.958246 28.958246 28.958246 1.002732 1.002732 1.002732
2730 28.958246 28.958246 28.958246 1.002732 1.002732 1.002732
2740 28.958246 28.958246 28.958246 1.002732 1.002732 1.002732
2750 28.958246 28.958246 28.958246 1.002732 1.002732 1.002732
2760 28.958246 28.958246 28.958246 1.002732 1.002732 1.002732
2770 28.958246 28.958246 28.958246 1.002732 1.002732 1.002732
2780 28.958246 28.958246 28.958246 1.002732 1.002732 1.002732
2790 28.958246 28.958246 28.958246 1.002732 1.002732 1.002732
2800 28.958246 28.958246 28.958246 1.002732 1.002732 1.002732
2810 28.958246 28.958246 28.958246 1.002732 1.002732 1.002732
2820 28.958246 28.958246 28.958246 1.002732 1.002732 1.002732
2830 28.958246 28.958246 28.958246 1.002732 1.002732 1.002732
2840 28.958246 28.958246 28.958246 1.002732 1.002732 1.002732
2850 28.958246 28.958246 28.958246 1.002732 1.002732 1.002732
2860 28.958246 28.958246 28.958246 1.002732 1.002732 1.002732
2870 28.958246 28.958246 28.958246 1.002732 1.002732 1.002732
2880 28.958246 28.958246 28.958246 1.002732 1.002732 1.002732
2890 28.958246 28.958246 28.958246 1.002732 1.002732 1.002732
2900 28.958246 28.958246 28.958246 1.002732 1.002732 1.002732
2910 28.958246 28.958246 28.958246 1.002732 1.002732 1.002732
2920 28.958246 28.958246 28.958246 1.002732 1.002732 1.002732
2930 28.958246 28.958246 28.958246 1.002732 1.002732 1.002732
2940 28.958246 28.958246 28.958246 1.002732 1.002732 1.002732
2950 28.958246 28.958246 28.958246 1.002732 1.002732 1.002732
2960 28.958246 28.958246 28.958246 1.002732 1.002732 1.002732
2970 28.958246 28.958246 28.958246 1.002732 1.002732 1.002732
2980 28.958246 28.958246 28.958246 1.002732 1.002732 1.002732
2990 28.958246 28.958246 28.958246 1.002732 1.002732 1.002732
3000 28.958246 28.958246 28.958246 1.002732 1.002732 1.002732
3010 28.958246 28.958246 28.958246 1.002732 1.002732 1.002732
3020 28.958246 28.958246 28.958246 1.002732 1.002732 1.002732
3030 28.958246 28.958246 28.958246 1.002732 1.002732 1.002732
3040 28.958246 28.958246 28.958246 1.002732 1.002732 1.002732
3050 28.958246 28.958246 28.958246 1.002732 1.002732 1.002732
3060 28.958246 28.958246 28.958246 1.002732 1.002732 1.002732
3070 28.958246 28.958246 28.958246 1.002732 1.002732 1.002732
3080 28.958246 28.958246 28.958246 1.002732 1.002732 1.002732
3090 28.958246 28.958246 28.958246 1.002732 1.002732 1.002732
3100 28.958246 28.958246 28.958246 1.002732 1.002732 1.002732
3110 28.958246 28.958246 28.958246 1.002732 1.002732 1.002732
3120 28.958246 28.958246 28.958246 1.002732 1.002732 1.002732
3130 28.958246 28.958246 28.958246 1.002732 1.002732 1.002732
3140 28.958246 28.958246 28.958246 1.002732 1.002732 1.002732
3150 28.958246 28.958246 28.958246 1.002732 1.002732 1.002732
3160 28.958246 28.958246 28.958246 1.002732 1.002732 1.002732
3170 28.958246 28.958246 28.958246 1.002732 1.002732 1.002732
3180 28.958246 28.958246 28.958246 1.002732 1.002732 1.002732
3190 28.958246 28.958246 28.958246 1.002732 1.002732 1.002732
3200 28.958246 28.958246 28.958246 1.002732 1.002732 1.002732
3210 28.958246 28.958246 28.958246 1.002732 1.002732 1.002732
3220 28.958246 28.958246 28.958246 1.002732 1.002732 1.002732
3230 28.958246 28.958246 28.958246 1.002732 1.002732 1.002732
3240 28.958246 28.958246 28.958246 1.002732 1.002732 1.002732
3250 28.958246 28.958246 28.958246 1.002732 1.002732 1.002732
3260 28.958246 28.958246 28.958246 1.002732 1.002732 1.002732
3270 28.958246 28.958246 28.958246 1.002732 1.002732 1.002732
3280 28.958246 28.958246 28.958246 1.002732 1.002732 1.002732
3290 28.958246 28.958246 28.958246 1.002732 1.002732 1.002732
3300 28.958246 28.958246 28.958246 1.002732 1.002732 1.002732
3310 28.958246 28.958246 28.958246 1.002732 1.002732 1.002732
3320 28.958246 28.958246 28.958246 1.002732 1.002732 1.002732
3330 28.958246 28.958246 28.958246 1.002732 1.002732 1.002732
3340 28.958246 28.958246 28.958246 1.002732 1.002732 1.002732
3350 28.958246 28.958246 28.958246 1.002732 1.002732 1.002732
3360 28.958246 28.958246 28.958246 1.002732 1.002732 1.002732
3370 28.958246 28.958246 28.958246 1.002732 1.002732 1.002732
3380 28.958246 28.958246 28.958246 1.002732 1.002732 1.002732
3390 28.958246 28.958246 28.958246 1.002732 1.002732 1.002732
3400 28.958246 28.958246 28.958246 1.002732 1.002732 1.002732
3410 28.958246 28.958246 28.958246 1.002732 1.002732 1.002732
3420 28.958246 28.958246 28.958246 1.002732 1.002732 1.002732
3430 28.958246 28.958246 28.958246 1.002732 1.002732 1.002732
3440 28.958246 28.958246 28.958246 1.002732 1.002732 1.002732
3450 28.958246 28.958246 28.958246 1.002732 1.002732 1.002732
3460 28.958246 28.958246 28.958246 1.002732 1.002732 1.002732
3470 28.958246 28.958246 28.958246 1.002732 1.002732 1.002732
3480 28.958246 28.958246 28.958246 1.002732 1.002732 1.002732
3490 28.958246 28.958246 28.958246 1.002732 1.002732 1.002732
3500 28.958246 28.958246 28.958246 1.002732 1.002732 1.002732
3510 28.958246 28.958246 28.958246 1.002732 1.002732 1.002732
3520 28.958246 28.958246 28.958246 1.002732 1.002732 1.002732
3530 28.958246 28.958246 28.958246 1.002732 1.002732 1.002732
3540 28.958246 28.958246 28.958246 1.002732 1.002732 1.002732
3550 28.958246 28.958246 28.958246 1.002732 1.002732 1.002732
3560 28.958246 28.958246 28.958246 1.002732 1.002732 1.002732
3570 28.958246 28.958246 28.958246 1.002732 1.002732 1.002732
3580 28.958246 28.958246 28.958246 1.002732 1.002732 1.002732
3590 28.958246 28.958246 28.958246 1.002732 1.002732 1.002732
3600 28.958246 28.958246 28.958246 1.002732 1.002732 1.002732
3610 28.958246 28.958246 28.958246 1.002732 1.002732 1.002732
3620 28.958246 28.958246 28.958246 1.002732 1.002732 1.002732
3630 28.958246 28.958246 28.958246 1.002732 1.002732 1.002732
3640 28.958246 28.958246 28.958246 1.002732 1.002732 1.002732
3650 28.958246 28.958246 28.958246 1.002732 1.002732 1.002732
3660 28.958246 28.958246 28.958246 1.002732 1.002732 1.002732
3670 28.958246 28.958246 28.958246 1.002732 1.002732 1.002732
3680 28.958246 28.958246 28.958246 1.002732 1.002732 1.002732
3690 28.958246 28.958246 28.958246 1.002732 1.002732 1.002732
3700 28.958246 28.958246 28.958246 1.002732 1.002732 1.002732
3710 28.958246 28.958246 28.958246 1.002732 1.002732 1.002732
3720 28.958246 28.958246 28.958246 1.002732 1.002732 1.002732
3730 28.958246 28.958246 28.958246 1.002732 1.002732 1.002732
3740 28.958246 28.958246 28.958246 1.002732 1.002732 1.002732
3750 28.958246 28.958246 28.958246 1.002732 1.002732 1.002732
3760 28.958246 28.958246 28.958246 1.002732 1.002732 1.002732
3770 28.958246 28.958246 28.958246 1.002732 1.002732 1.002732
3780 28.958246 28.958246 28.958246 1.002732 1.002732 1.002732
3790 28.958246 28.958246 28.958246 1.002732 1.002732 1.002732
3800 28.958246 28.958246 28.958246 1.002732 1.002732 1.002732
3810 28.958246 28.958246 28.958246 1.002732 1.002732 1.002732
3820 28.958246 28.958246 28.958246 1.002732 1.002732 1.002732
3830 28.958246 28.958246 28.958246 1.002732 1.002732 1.002732
3840 28.958246 28.958246 28.958246 1.002732 1.002732 1.002732
3850 28.958246 28.958246 28.958246 1.002732 1.002732 1.002732
3860 28.958246 28.958246 28.958246 1.002732 1.002732 1.002732
3870 28.958246 28.958246 28.958246 1.002732 1.002732 1.002732
3880 28.958246 28.958246 28.958246 1.002732 1.002732 1.002732
3890 28.958246 28.958246 28.958246 1.002732 1.002732 1.002732
3900 28.958246 28.958246 28.958246 1.002732 1.002732 1.002732
3910 28.958246 28.958246 28.958246 1.002732 1.002732 1.002732
3920 28.958246 28.958246 28.958246 1.002732 1.002732 1.002732
3930 28.958246 28.958246 28.958246 1.002732 1.002732 1.002732
3940 28.958246 28.958246 28.958246 1.002732 1.002732 1.002732
3950 28.958246 28.958246 28.958246 1.002732 1.002732 1.002732
3960 28.958246 28.958246 28.958246 1.002732 1.002732 1.002732
3970 28.958246 28.958246 28.958246 1.002732 1.002732 1.002732
3980 28.958246 28.958246 28.958246 1.002732 1.002732 1.002732
3990 28.958246 28.958246 28.958246 1.002732 1.002732 1.002732
4000 28.958246 28.958246 28.958246 1.002732 1.002732 1.002732
4010 28.958246 28.958246 28.958246 1.002732 1.002732 1.002732
4020 28.958246 28.958246 28.958246 1.002732 1.002732 1.002732
4030 28.958246 28.958246 28.958246 1.002732 1.002732 1.002732
4040 28.958246 28.958246 28.958246 1.002732 1.002732 1.002732
4050 28.958246 28.958246 28.958246 1.002732 1.002732 1.002732
4060 28.958246 28.958246 28.958246 1.002732 1.002732 1.002732
4070 28.958246 28.958246 28.958246 1.002732 1.002732 1.002732
4080 28.958246 28.958246 28.958246 1.002732 1.002732 1.002732
4090 28.958246 28.958246 28.958246 1.002732 1.002732 1.002732
4100 28.958246 28.958246 28.958246 1.002732 1.002732 1.002732
4110 28.958246 28.958246 28.958246 1.002732 1.002732 1.002732
4120 28.958246 28.958246 28.958246 1.002732 1.002732 1.002732
4130 28.958246 28.958246 28.958246 1.002732 1.002732 1.002732
4140 28.958246 28.958246 28.958246 1.002732 1.002732 1.002732
4150 28.958246 28.958246 28.958246 1.002732 1.002732 1.002732
4160 28.958246 28.958246 28.958246 1.002732 1.002732 1.002732
4170 28.958246 28.958246 28.958246 1.002732 1.002732 1.002732
4180 28.958246 28.958246 28.958246 1.002732 1.002732 1.002732
4190 28.958246 28.958246 28.958246 1.002732 1.002732 1.002732
4200 28.958246 28.958246 28.958246 1.002732 1.002732 1.002732
4210 28.958246 28.958246 28.958246 1.002732 1.002732 1.002732
4220 28.958246 28.958246 28.958246 1.002732 1.002732 1.002732
4230 28.958246 28.958246 28.958246 1.002732 1.002732 1.002732
4240 28.958246 28.958246 28.958246 1.002732 1.002732 1.002732
4250 28.958246 28.958246 28.958246 1.002732 1.002732 1.002732
4260 28.958246 28.958246 28.958246 1.002732 1.002732 1.002732
4270 28.958246 28.958246 28.958246 1.002732 1.002732 1.002732
4280 28.958246 28.958246 28.958246 1.002732 1.002732 1.002732
4290 28.958246 28.958246 28.958246 1.002732 1.002732 1.002732
4300 28.958246 28.958246 28.958246 1.002732 1.002732 1.002732
4310 28.958246 28.958246 28.958246 1.002732 1.002732 1.002732
4320 28.958246 28.958246 28.958246 1.002732 1.002732 1.002732
4330 28.958246 28.958246 28.958246 1.002732 1.002732 1.002732
4340 28.958246 28.958246 28.958246 1.002732 1.002732 1.002732
4350 28.958246 28.958246 28.958246 1.002732 1.002732 1.002732
4360 28.958246 28.958246 28.958246 1.002732 1.002732 1.002732
4370 28.958246 28.958246 28.958246 1.002732 1.002732 1.002732
4380 28.958246 28.958246 28.958246 1.002732 1.002732 1.002732
4390 28.958246 28.958246 28.958246 1.002732 1.002732 1.002732
4400 28.958246 28.958246 28.958246 1.002732 1.002732 1.002732
4410 28.958246 28.958246 28.958246 1.002732 1.002732 1.002732
4420 28.958246 28.958246 28.958246 1.002732 1.002732 1.002732
4430 28.958246 28.958246 28.958246 1.002732 1.002732 1.002732
4440 28.958246 28.958246 28.958246 1.002732 1.002732 1.002732
4450 28.958246 28.958246 28.958246 1.002732 1.002732 1.002732
4460 28.958246 28.958246 28.958246 1.002732 1.002732 1.002732
4470 28.958246 28.958246 28.958246 1.002732 1.002732 1.002732
4480 28.958246 28.958246 28.958246 1.002732 1.002732 1.002732
4490 28.958246 28.958246 28.958246 1.002732 1.002732 1.002732
4500 28.958246 28.958246 28.958246 1.002732 1.002732 1.002732
4510 28.958246 28.958246 28.958246 1.002732 1.002732 1.002732
4520 28.958246 28.958246 28.958246 1.002732 1.002732 1.002732
4530 28.958246 28.958246 28.958246 1.002732 1.002732 1.002732
4540 28.958246 28.958246 28.958246 1.002732 1.002732 1.002732
4550 28.958246 28.958246 28.958246 1.002732 1.002732 1.002732
4560 28.958246 28.958246 28.958246 1.002732 1.002732 1.002732
4570 28.958246 28.958246 28.958246 1.002732 1.002732 1.002732
4580 28.958246 28.958246 28.958246 1.002732 1.002732 1.002732
4590 28.958246 28.958246 28.958246 1.002732 1.002732 1.002732
4600 28.958246 28.958246 28.958246 1.002732 1.002732 1.002732
4610 28.958246 28.958246 28.958246 1.002732 1.002732 1.002732
4620 28.958246 28.958246 28.958246 1.002732 1.002732 1.002732
4630 28.958246 28.958246 28.958246 1.002732 1.002732 1.002732
4640 28.958246 28.958246 28.958246 1.002732 1.002732 1.002732
4650 28.958246 28.958246 28.958246 1.002732 1.002732 1.002732
4660 28.958246 28.958246 28.958246 1.002732 1.002732 1.002732
4670 28.958246 28.958246 28.958246 1.002732 1.002732 1.002732
4680 28.958246 28.958246 28.958246 1.002732 1.002732 1.002732
4690 28.958246 28.958246 28.958246 1.002732 1.002732 1.002732
4700 28.958246 28.958246 28.958246 1.002732 1.002732 1.002732
4710 28.958246 28.958246 28.958246 1.002732 1.002732 1.002732
4720 28.958246 28.958246 28.958246 1.002732 1.002732 1.002732
4730 28.958246 28.958246 28.958246 1.002732 1.002732 1.002732
4740 28.958246 28.958246 28.958246 1.002732 1.002732 1.002732
4750 28.958246 28.958246 28.958246 1.002732 1.002732 1.002732
4760 28.958246 28.958246 28.958246 1.002732 1.002732 1.002732
4770 28.958246 28.958246 28.958246 1.002732 1.002732 1.002732
4780 28.958246 28.958246 28.958246 1.002732 1.002732 1.002732
4790 28.958246 28.958246 28.958246 1.002732 1.002732 1.002732
4800 28.958246 28.958246 28.958246 1.002732 1.002732 1.002732
4810 28.958246 28.958246 28.958246 1.002732 1.002732 1.002732
4820 28.958246 28.958246 28.958246 1.002732 1.002732 1.002732
4830 28.958246 28.958246 28.958246 1.002732 1.002732 1.002732
4840 28.958246 28.958246 28.958246 1.002732 1.002732 1.002732
4850 28.958246 28.958246 28.958246 1.002732 1.002732 1.002732
4860 28.958246 28.958246 28.958246 1.002732 1.002732 1.002732
4870 28.958246 28.958246 28.958246 1.002732 1.002732 1.002732
4880 28.958246 28.958246 28.958246 1.002732 1.002732 1.002732
4890 28.958246 28.958246 28.958246 1.002732 1.002732 1.002732
4900 28.958246 28.958246 28.958246 1.002732 1.002732 1.002732
4910 28.958246 28.958246 28.958246 1.002732 1.002732 1.002732
4920 28.958246 28.958246 28.958246 1.002732 1.002732 1.002732
4930 28.958246 28.958246 28.958246 1.002732 1.002732 1.002732
4940 28.958246 28.958246 28.958246 1.002732 1.002732 1.002732
4950 28.958246 28.958246 28.958246 1.002732 1.002732 1.002732
4960 28.958246 28.958246 28.958246 1.002732 1.002732 1.002732
4970 28.958246 28.958246 28.958246 1.002732 1.002732 1.002732
4980 28.958246 28.958246 28.958246 1.002732 1.002732 1.002732
4990 28.958246 28.958246 28.958246 1.002732 1.002732 1.002732
5000 28.958246 28.958246 28.958246 1.002732 1.002732 1.002732
5010 28.958246 28.958246 28.958246 1.002732 1.002732 1.002732
5020 28.958246 28.958246 28.958246 1.002732 1.002732 1.002732
5030 28.958246 28.958246 28.958246 1.002732 1.002732 1.002732
5040 28.958246 28.958246 28.958246 1.002732 1.002732 1.002732
5050 28.958246 28.958246 28.958246 1.002732 1.002732 1.002732
5060 28.958246 28.958246 28.958246 1.002732 1.002732 1.002732
5070 28.958246 28.958246 28.958246 1.002732 1.002732 1.002732
5080 28.958246 28.958246 28.958246 1.002732 1.002732 1.002732
5090 28.958246 28.958246 28.958246 1.002732 1.002732 1.002732
5100 28.958246 28.958246 28.958246 1.002732 1.002732 1.002732
5110 28.958246 28.958246 28.958246 1.002732 1.002732 1.002732
5120 28.958246 28.958246 28.958246 1.002732 1.002732 1.002732
5130 28.958246 28.958246 28.958246 1.002732 1.002732 1.002732
5140 28.958246 28.958246 28.958246 1.002732 1.002732 1.002732
5150 28.958246 28.958246 28.958246 1.002732 1.002732 1.002732
5160 28.958246 28.958246 28.958246 1.002732 1.002732 1.002732
5170 28.958246 28.958246 28.958246 1.002732 1.002732 1.002732
5180 28.958246 28.958246 28.958246 1.002732 1.002732 1.002732
5190 28.958246 28.958246 28.958246 1.002732 1.002732 1.002732
5200 28.958246 28.958246 28.958246 1.002732 1.002732 1.002732
5210 28.958246 28.958246 28.958246 1.002732 1.002732 1.002732
5220 28.958246 28.958246 28.958246 1.002732 1.002732 1.002732
5230 28.958246 28.958246 28.958246 1.002732 1.002732 1.002732
5240 28.958246 28.958246 28.958246 1.002732 1.002732 1.002732
5250 28.958246 28.958246 28.958246 1.002732 1.002732 1.002732
5260 28.958246 28.958246 28.958246 1.002732 1.002732 1.002732
5270 28.958246 28.958246 28.958246 1.002732 1.002732 1.002732
5280 28.958246 28.958246 28.958246 1.002732 1.002732 1.002732
5290 28.958246 28.958246 28.958246 1.002732 1.002732 1.002732
5300 28.958246 28.958246 28.958246 1.002732 1.002732 1.002732
5310 28.958246 28.958246 28.958246 1.002732 1.002732 1.002732
5320 28.958246 28.958246 28.958246 1.002732 1.002732 1.002732
5330 28.958246 28.958246 28.958246 1.002732 1.002732 1.002732
5340 28.958246 28.958246 28.958246 1.002732 1.002732 1.002732
5350 28.958246 28.958246 28.958246 1.002732 1.002732 1.002732
5360 28.958246 28.958246 28.958246 1.002732 1.002732 1.002732
5370 28.958246 28.958246 28.958246 1.002732 1.002732 1.002732
5380 28.958246 28.958246 28.958246 1.002732 1.002732 1.002732
5390 28.958246 28.958246 28.958246 1.002732 1.002732 1.002732
5400 28.958246 28.958246 28.958246 1.002732 1.002732 1.002732
5410 28.958246 28.958246 28.958246 1.002732 1.002732 1.002732
5420 28.958246 28.958246 28.958246 1.002732 1.002732 1.002732
5430 28.958246 28.958246 28.958246 1.002732 1.002732 1.002732
5440 28.958246 28.958246 28.958246 1.002732 1.002732 1.002732
5450 28.958246 28.958246 28.958246 1.002732 1.002732 1.002732
5460 28.958246 28.958246 28.958246 1.002732 1.002732 1.002732
5470 28.958246 28.958246 28.958246 1.002732 1.002732 1.002732
5480 28.958246 28.958246 28.958246 1.002732 1.002732 1.002732
5490 28.958246 28.958246 28.958246 1.002732 1.002732 1.002732
5500 28.958246 28.958246 28.958246 1.002732 1.002732 1.002732
5510 28.958246 28.958246 28.958246 1.002732 1.002732 1.002732
5520 28.958246 28.958246 28.958246 1.002732 1.002732 1.002732
5530 28.958246 28.958246 28.958246 1.002732 1.002732 1.002732
5540 28.958246 28.958246 28.958246 1.002732 1.002732 1.002732
5550 28.958246 28.958246 28.958246 1.002732 1.002732 1.002732
5560 28.958246 28.958246 28.958246 1.002732 1.002732 1.002732
5570 28.958246 28.958246 28.958246 1.002732 1.002732 1.002732
5580 28.958246 28.958246 28.958246 1.002732 1.002732 1.002732
5590 28.958246 28.958246 28.958246 1.002732 1.002732 1.002732
5600 28.958246 28.958246 28.958246 1.002732 1.002732 1.002732
5610 28.958246 28.958246 28.958246 1.002732 1.002732 1.002732
5620 28.958246 28.958246 28.958246 1.002732 1.002732 1.002732
5630 28.958246 28.958246 28.958246 1.002732 1.002732 1.002732
5640 28.958246 28.958246 28.958246 1.002732 1.002732 1.002732
5650 28.958246 28.958246 28.958246 1.002732 1.002732 1.002732
5660 28.958246 28.958246 28.958246 1.002732 1.002732 1.002732
5670 28.958246 28.958246 28.958246 1.002732 1.002732 1.002732
5680 28.958246 28.958246 28.958246 1.002732 1.002732 1.002732
5690 28.958246 28.958246 28.958246 1.002732 1.002732 1.002732
5700 28.958246 28.958246 28.958246 1.002732 1.002732 1.002732
5710 28.958246 28.958246 28.958246 1.002732 1.002732 1.002732
5720 28.958246 28.958246 28.958246 1.002732 1.002732 1.002732
5730 28.958246 28.958246 28.958246 1.002732 1.002732 1.002732
5740 28.958246 28.958246 28.958246 1.002732 1.002732 1.002732
5750 28.958246 28.958246 28.958246 1.002732 1.002732 1.002732
5760 28.958246 28.958246 28.958246 1.002732 1.002732 1.002732
5770 28.958246 28.958246 28.958246 1.002732 1.002732 1.002732
5780 28.958246 28.958246 28.958246 1.002732 1.002732 1.002732
5790 28.958246 28.958246 28.958246 1.002732 1.002732 1.002732
5800 28.958246 28.958246 28.958246 1.002732 1.002732 1.002732
5810 28.958246 28.958246 28.958246 1.002732 1.002732 1.002732
5820 28.958246 28.958246 28.958246 1.002732 1.002732 1.002732
5830 28.958246 28.958246 28.958246 1.002732 1.002732 1.002732
5840 28.958246 28.958246 28.958246 1.002732 1.002732 1.002732
5850 28.958246 28.958246 28.958246 1.002732 1.002732 1.002732
5860 28.958246 28.958246 28.958246 1.002732 1.002732 1.002732
5870 28.958246 28.958246 28.958246 1.002732 1.002732 1.002732
5880 28.958246 28.958246 28.958246 1.002732 1.002732 1.002732
5890 28.958246 28.958246 28.958246 1.002732 1.002732 1.002732
5900 28.958246 28.958246 28.958246 1.002732 1.002732 1.002732
5910 28.958246 28.958246 28.958246 1.002732 1.002732 1.002732
5920 28.958246 28.958246 28.958246 1.002732 1.002732 1.002732
5930 28.958246 28.958246 28.958246 1.002732 1.002732 1.002732
5940 28.958246 28.958246 28.958246 1.002732 1.002732 1.002732
5950 28.958246 28.958246 28.958246 1.002732 1.002732 1.002732
5960 28.958246 28.958246 28.958246 1.002732 1.002732 1.002732
5970 28.958246 28.958246 28.958246 1.002732 1.002732 1.002732
5980 28.958246 28.958246 28.958246 1.002732 1.002732 1.002732
5990 28.958246 28.958246 28.958246 1.002732 1.002732 1.002732
6000 28.958246 28.958246 28.958246 1.002732 1.002732 1.002732
6010 28.958246 28.958246 28.958246 1.002732 1.002732 1.002732
6020 28.958246 28.958246 28.958246 1.002732 1.002732 1.002732
6030 28.958246 28.958246 28.958246 1.002732 1.002732 1.002732
6040 28.958246 28.958246 28.958246 1.002732 1.002732 1.002732
6050 28.958246 28.958246 28.958246 1.002732 1.002732 1.002732
6060 28.958246 28.958246 28.958246 1.002732 1.002732 1.002732
6070 28.958246 28.958246 28.958246 1.002732 1.002732 1.002732
6080 28.958246 28.958246 28.958246 1.002732 1.002732 1.002732
6090 28.958246 28.958246 28.958246 1.002732 1.002732 1.002732
6100 28.958246 28.958246 28.958246 1.002732 1.002732 1.002732
6110 28.958246 28.958246 28.958246 1.002732 1.002732 1.002732
6120 28.958246 28.958246 28.958246 1.002732 1.002732 1.002732
6130 28.958246 28.958246 28.958246 1.002732 1.002732 1.002732
6140 28.958246 28.958246 28.958246 1.002732 1.002732 1.002732
6150 28.958246 28.958246 28.958246 1.002732 1.002732 1.002732
6160 28.958246 28.958246 28.958246 1.002732 1.002732 1.002732
6170 28.958246 28.958246 28.958246 1.002732 1.002732 1.002732
6180 28.958246 28.958246 28.958246 1.002732 1.002732 1.002732
6190 28.958246 28.958246 28.958246 1.002732 1.002732 1.002732
6200 28.958246 28.958246 28.958246 1.002732 1.002732 1.002732
6210 28.958246 28.958246 28.958246 1.002732 1.002732 1.002732
6220 28.958246 28.958246 28.958246 1.002732 1.002732 1.002732
6230 28.958246 28.958246 28.958246 1.002732 1.002732 1.002732
6240 28.958246 28.958246 28.958246 1.002732 1.002732 1.002732
6250 28.958246 28.958246 28.958246 1.002732 1.002732 1.002732
6260 28.958246 28.958246 28.958246 1.002732 1.002732 1.002732
6270 28.958246 28.958246 28.958246 1.002732 1.002732 1.002732
6280 28.958246 28.958246 28.958246 1.002732 1.002732 1.002732
6290 28.958246 28.958246 28.958246 1.002732 1.002732 1.002732
6300 28.958246 28.958246 28.958246 1.002732 1.002732 1.002732
6310 28.958246 28.958246 28.958246 1.002732 1.002732 1.002732
6320 28.958246 28.958246 28.958246 1.002732 1.002732 1.002732
6330 28.958246 28.958246 28.958246 1.002732 1.002732 1.002732
6340 28.958246 28.958246 28.958246 1.002732 1.002732 1.002732
6350 28.958246 28.958246 28.958246 1.002732 1.002732 1.002732
6360 28.958246 28.958246 28.958246 1.002732 1.002732 1.002732
6370 28.958246 28.958246 28.958246 1.002732 1.002732 1.002732
6380 28.958246 28.958246 28.958246 1.002732 1.002732 1.002732
6390 28.958246 28.958246 28.958246 1.002732 1.002732 1.002732
6400 28.958246 28.958246 28.958246 1.002732 1.002732 1.002732
6410 28.958246 28.958246 28.958246 1.002732 1.002732 1.002732
6420 28.958246 28.958246 28.958246 1.002732 1.002732 1.002732
6430 28.958246 28.958246 28.958246 1.002732 1.002732 1.002732
6440 28.958246 28.958246 28.958246 1.002732 1.002732 1.002732
6450 28.958246 28.958246 28.958246 1.002732 1.002732 1.002732
6460 28.958246 28.958246 28.958246 1.002732 1.002732 1.002732
6470 28.958246 28.958246 28.958246 1.002732 1.002732 1.002732
6480 28.958246 28.958246 28.958246 1.002732 1.002732 1.002732
6490 28.958246 28.958246 28.958246 1.002732 1.002732 1.002732
6500 28.958246 28.958246 28.958246 1.002732 1.002732 1.002732
6510 28.958246 28.958246 28.958246 1.002732 1.002732 1.002732
6520 28.958246 28.958246 28.958246 1.002732 1.002732 1.002732
6530 28.958246 28.958246 28.958246 1.002732 1.002732 1.002732
6540 28.958246 28.958246 28.958246 1.002732 1.002732 1.002732
6550 28.958246 28.958246 28.958246 1.002732 1.002732 1.002732
6560 28.958246 28.958246 28.958246 1.002732 1.002732 1.002732
6570 28.958246 28.958246 28.958246 1.002732 1.002732 1.002732
6580 28.958246 28.958246 28.958246 1.002732 1.002732 1.002732
6590 28.958246 28.958246 28.958246 1.002732 1.002732 1.002732
6600 28.958246 28.958246 28.958246 1.002732 1.002732 1.002732
6610 28.958246 28.958246 28.958246 1.002732 1.002732 1.002732
6620 28.958246 28.958246 28.958246 1.002732 1.002732 1.002732
6630 28.958246 28.958246 28.958246 1.002732 1.002732 1.002732
6640 28.958246 28.958246 28.958246 1.002732 1.002732 1.002732
6650 28.958246 28.958246 28.958246 1.002732 1.002732 1.002732
6660 28.958246 28.958246 28.958246 1.002732 1.002732 1.002732
6670 28.958246 28.958246 28.958246 1.002732 1.002732 1.002732
6680 28.958246 28.958246 28.958246 1.002732 1.002732 1.002732
6690 28.958246 28.958246 28.958246 1.002732 1.002732 1.002732
6700 28.958246 28.958246 28.958246 1.002732 1.002732 1.002732
6710 28.958246 28.958246 28.958246 1.002732 1.002732 1.002732
6720 28.958246 28.958246 28.958246 1.002732 1.002732 1.002732
6730 28.958246 28.958246 28.958246 1.002732 1.002732 1.002732
6740 28.958246 28.958246 28.958246 1.002732 1.002732 1.002732
6750 28.958246 28.958246 28.958246 1.002732 1.002732 1.002732
6760 28.958246 28.958246 28.958246 1.002732 1.002732 1.002732
6770 28.958246 28.958246 28.958246 1.002732 1.002732 1.002732
6780 28.958246 28.958246 28.958246 1.002732 1.002732 1.002732
6790 28.958246 28.958246 28.958246 1.002732 1.002732 1.002732
6800 28.958246 28.958246 28.958246 1.002732 1.002732 1.002732
6810 28.958246 28.958246 28.958246 1.002732 1.002732 1.002732
6820 28.958246 28.958246 28.958246 1.002732 1.002732 1.002732
6830 28.958246 28.958246 28.958246 1.002732 1.002732 1.002732
6840 28.958246 28.958246 28.958246 1.002732 1.002732 1.002732
6850 28.958246 28.958246 28.958246 1.002732 1.002732 1.002732
6860 28.958246 28.958246 28.958246 1.002732 1.002732 1.002732
6870 28.958246 28.958246 28.958246 1.002732 1.002732 1.002732
6880 28.958246 28.958246 28.958246 1.002732 1.002732 1.002732
6890 28.958246 28.958246 28.958246 1.002732 1.002732 1.002732
6900 28.958246 28.958246 28.958246 1.002732 1.002732 1.002732
6910 28.958246 28.958246 28.958246 1.002732 1.002732 1.002732
6920 28.958246 28.958246 28.958246 1.002732 1.002732 1.002732
6930 28.958246 28.958246 28.958246 1.002732 1.002732 1.002732
6940 28.958246 28.958246 28.958246 1.002732 1.002732 1.002732
6950 28.958246 28.958246 28.958246 1.002732 1.002732 1.002732
6960 28.958246 28.958246 28.958246 1.002732 1.002732 1.002732
6970 28.958246 28.958246 28.958246 1.002732 1.002732 1.002732
6980 28.958246 28.958246 28.958246 1.002732 1.002732 1.002732
6990 28.958246 28.958246 28.958246 1.002732 1.002732 1.002732
7000 28.958246 28.958246 28.958246 1.002732 1.002732 1.002732
7010 28.958246 28.958246 28.958246 1.002732 1.002732 1.002732
7020 28.958246 28.958246 28.958246 1.002732 1.002732 1.002732
7030 28.958246 28.958246 28.958246 1.002732 1.002732 1.002732
7040 28.958246 28.958246 28.958246 1.002732 1.002732 1.002732
7050 28.958246 28.958246 28.958246 1.002732 1.002732 1.002732
7060 28.958246 28.958246 28.958246 1.002732 1.002732 1.002732
7070 28.958246 28.958246 28.958246 1.002732 1.002732 1.002732
7080 28.958246 28.958246 28.958246 1.002732 1.002732 1.002732
7090 28.958246 28.958246 28.958246 1.002732 1.002732 1.002732
7100 28.958246 28.958246 28.958246 1.002732 1.002732 1.002732
7110 28.958246 28.958246 28.958246 1.002732 1.002732 1.002732
7120 28.958246 28.958246 28.958246 1.002732 1.002732 1.002732
7130 28.958246 28.958246 28.958246 1.002732 1.002732 1.002732
7140 28.958246 28.958246 28.958246 1.002732 1.002732 1.002732
7150 28.958246 28.958246 28.958246 1.002732 1.002732 1.002732
7160 28.958246 28.958246 28.958246 1.002732 1.002732 1.002732
7170 28.958246 28.958246 28.958246 1.002732 1.002732 1.002732
7180 28.958246 28.958246 28.958246 1.002732 1.002732 1.002732
7190 28.958246 28.958246 28.958246 1.002732 1.002732 1.002732
7200 28.958246 28.958246 28.958246 1.002732 1.002732 1.002732
7210 28.958246 28.958246 28.958246 1.002732 1.002732 1.002732
7220 28.958246 28.958246 28.958246 1.002732 1.002732 1.002732
7230 28.958246 28.958246 28.958246 1.002732 1.002732 1.002732
7240 28.958246 28.958246 28.958246 1.002732 1.002732 1.002732
7250 28.958246 28.958246 28.958246 1.002732 1.002732 1.002732
7260 28.958246 28.958246 28.958246 1.002732 1.002732 1.002732
7270 28.958246 28.958246 28.958246 1.002732 1.002732 1.002732
7280 28.958246 28.958246 28.958246 1.002732 1.002732 1.002732
7290 28.958246 28.958246 28.958246 1.002732 1.002732 1.002732
7300 28.958246 28.958246 28.958246 1.002732 1.002732 1.002732
7310 28.958246 28.958246 28.958246 1.002732 1.002732 1.002732
7320 28.958246 28.958246 28.958246 1.002732 1.002732 1.002732
7330 28.958246 28.958246 28.958246 1.002732 1.002732 1.002732
7340 28.958246 28.958246 28.958246 1.002732 1.002732 1.002732
7350 28.958246 28.958246 28.958246 1.002732 1.002732 1.002732
7360 28.958246 28.958246 28.958246 1.002732 1.002732 1.002732
7370 28.958246 28.958246 28.958246 1.002732 1.002732 1.002732
7380 28.958246 28.958246 28.958246 1.002732 1.002732 1.002732
7390 28.958246 28.958246 28.958246 1.002732 1.002732 1.002732
7400 28.958246 28.958246 28.958246 1.002732 1.002732 1.002732
7410 28.958246 28.958246 28.958246 1.002732 1.002732 1.002732
7420 28.958246 28.958246 28.958246 1.002732 1.002732 1.002732
7430 28.958246 28.958246 28.958246 1.002732 1.002732 1.002732
7440 28.958246 28.958246 28.958246 1.002732 1.002732 1.002732
7450 28.958246 28.958246 28.958246 1.002732 1.002732 1.002732
7460 28.958246 28.958246 28.958246 1.002732 1.002732 1.002732
7470 28.958246 28.958246 28.958246 1.002732 1.002732 1.002732
7480 28.958246 28.958246 28.958246 1.002732 1.002732 1.002732
7490 28.958246 28.958246 28.958246 1.002732 1.002732 1.002732
7500 28.958246 28.958246 28.958246 1.002732 1.002732 1.002732
7510 28.958246 28.958246 28.958246 1.002732 1.002732 1.002732
7520 28.958246 28.958246 28.958246 1.002732 1.002732 1.002732
7530 28.958246 28.958246 28.958246 1.002732 1.002732 1.002732
7540 28.958246 28.958246 28.958246 1.002732 1.002732 1.002732
7550 28.958246 28.958246 28.958246 1.002732 1.002732 1.002732
7560 28.958246 28.958246 28.958246 1.002732 1.002732 1.002732
7570 28.958246 28.958246 28.958246 1.002732 1.002732 1.002732
7580 28.958246 28.958246 28.958246 1.002732 1.002732 1.002732
7590 28.958246 28.958246 28.958246 1.002732 1.002732 1.002732
7600 28.958246 28.958246 28.958246 1.002732 1.002732 1.002732
7610 28.958246 28.958246 28.958246 1.002732 1.002732 1.002732
7620 28.958246 28.958246 28.958246 1.002732 1.002732 1.002732
7630 28.958246 28.958246 28.958246 1.002732 1.002732 1.002732
7640 28.958246 28.958246 28.958246 1.002732 1.002732 1.002732
7650 28.958246 28.958246 28.958246 1.002732 1.002732 1.002732
7660 28.958246 28.958246 28.958246 1.002732 1.002732 1.002732
7670 28.958246 28.958246 28.958246 1.002732 1.002732 1.002732
7680 28.958246 28.958246 28.958246 1.002732 1.002732 1.002732
7690 28.958246 28.958246 28.958246 1.002732 1.002732 1.002732
7700 28.958246 28.958246 28.958246 1.002732 1.002732 1.002732
7710 28.958246 28.958246 28.958246 1.002732 1.002732 1.002732
7720 28.958246 28.958246 28.958246 1.002732 1.002732 1.002732
7730 28.958246 28.958246 28.958246 1.002732 1.002732 1.002732
7740 28.958246 28.958246 28.958246 1.002732 1.002732 1.002732
7750 28.958246 28.958246 28.958246 1.002732 1.002732 1.002732
7760 28.958246 28.958246 28.958246 1.002732 1.002732 1.002732
7770 28.958246 28.958246 28.958246 1.002732 1.002732 1.002732
7780 28.958246 28.958246 28.958246 1.002732 1.002732 1.002732
7790 28.958246 28.958246 28.958246 1.002732 1.002732 1.002732
7800 28.958246 28.958246 28.958246 1.002732 1.002732 1.002732
7810 28.958246 28.958246 28.958246 1.002732 1.002732 1.002732
7820 28.958246 28.958246 28.958246 1.002732 1.002732 1.002732
7830 28.958246 28.958246 28.958246 1.002732 1.002732 1.002732
7840 28.958246 28.958246 28.958246 1.002732 1.002732 1.002732
7850 28.958246 28.958246 28.958246 1.002732 1.002732 1.002732
7860 28.958246 28.958246 28.958246 1.002732 1.002732 1.002732
7870 28.958246 28.958246 28.958246 1.002732 1.002732 1.002732
7880 28.958246 28.958246 28.958246 1.002732 1.002732 1.002732
7890 28.958246 28.958246 28.958246 1.002732 1.002732 1.002732
7900 28.958246 28.958246 28.958246 1.002732 1.002732 1.002732
7910 28.958246 28.958246 28.958246 1.002732 1.002732 1.002732
7920 28.958246 28.958246 28.958246 1.002732 1.002732 1.002732
7930 28.958246 28.958246 28.958246 1.002732 1.002732 1.002732
7940 28.958246 28.958246 28.958246 1.002732 1.002732 1.002732
7950 28.958246 28.958246 28.958246 1.002732 1.002732 1.002732
7960 28.958246 28.958246 28.958246 1.002732 1.002732 1.002732
7970 28.958246 28.958246 28.958246 1.002732 1.002732 1.002732
7980 28.958246 28.958246 28.958246 1.002732 1.002732 1.002732
7990 28.958246 28.958246 28.958246 1.002732 1.002732 1.002732
8000 28.958246 28.958246 28.958246 1.002732 1.002732 1.002732
8010 28.958246 28.958246 28.958246 1.002732 1.002732 1.002732
8020 28.958246 28.958246 28.958246 1.002732 1.002732 1.002732
8030 28.958246 28.958246 28.958246 1.002732 1.002732 1.002732
8040 28.958246 28.958246 28.958246 1.002732 1.002732 1.002732
8050 28.958246 28.958246 28.958246 1.002732 1.002732 1.002732
8060 28.958246 28.958246 28.958246 1.002732 1.002732 1.002732
8070 28.958246 28.958246 28.958246 1.002732 1.002732 1.002732
8080 28.958246 28.958246 28.958246 1.002732 1.002732 1.002732
8090 28.958246 28.958246 28.958246 1.002732 1.002732 1.002732
8100 28.958246 28.958246 28.958246 1.002732 1.002732 1.002732
8110 28.958246 28.958246 28.958246 1.002732 1.002732 1.002732
8120 28.958246 28.958246 28.958246 1.002732 1.002732 1.002732
8130 28.958246 28.958246 28.958246 1.002732 1.002732 1.002732
8140 28.958246 28.958246 28.958246 1.002732 1.002732 1.002732
8150 28.958246 28.958246 28.958246 1.002732 1.002732 1.002732
8160 28.958246 28.958246 28.958246 1.002732 1.002732 1.002732
8170 28.958246 28.958246 28.958246 1.002732 1.002732 1.002732
8180 28.958246 28.958246 28.958246 1.002732 1.002732 1.002732
8190 28.958246 28.958246 28.958246 1.002732 1.002732 1.002732
8200 28.958246 28.958246 28.958246 1.002732 1.002732 1.002732
8210 28.958246 28.958246 28.958246 1.002732 1.002732 1.002732
8220 28.958246 28.958246 28.958246 1.002732 1.002732 1.002732
8230 28.958246 28.958246 28.958246 1.002732 1.002732 1.002732
8240 28.958246 28.958246 28.958246 1.002732 1.002732 1.002732
8250 28.958246 28.958246 28.958246 1.002732 1.002732 1.002732
8260 28.958246 28.958246 28.958246 1.002732 1.002732 1.002732
8270 28.958246 28.958246 28.958246 1.002732 1.002732 1.002732
8280 28.958246 28.958246 28.958246 1.002732 1.002732 1.002732
8290 28.958246 28.958246 28.958246 1.002732 1.002732 1.002732
8300 28.958246 28.958246 28.958246 1.002732 1.002732 1.002732
8310 28.958246 28.958246 28.958246 1.002732 1.002732 1.002732
8320 28.958246 28.958246 28.958246 1.002732 1.002732 1.002732
8330 28.958246 28.958246 28.958246 1.002732 1.002732 1.002732
8340 28.958246 28.958246 28.958246 1.002732 1.002732 1.002732
8350 28.958246 28.958246 28.958246 1.002732 1.002732 1.002732
8360 28.958246 28.958246 28.958246 1.002732 1.002732 1.002732
8370 28.958246 28.958246 28.958246 1.002732 1.002732 1.002732
8380 28.958246 28.958246 28.958246 1.002732 1.002732 1.002732
8390 28.958246 28.958246 28.958246 1.002732 1.002732 1.002732
8400 28.958246 28.958246 28.958246 1.002732 1.002732 1.002732
8410 28.958246 28.958246 28.958246 1.002732 1.002732 1.002732
8420 28.958246 28.958246 28.958246 1.002732 1.002732 1.002732
8430 28.958246 28.958246 28.958246 1.002732 1.002732 1.002732
8440 28.958246 28.958246 28.958246 1.002732 1.002732 1.002732
8450 28.958246 28.958246 28.958246 1.002732 1.002732 1.002732
8460 28.958246 28.958246 28.958246 1.002732 1.002732 1.002732
8470 28.958246 28.958246 28.958246 1.002732 1.002732 1.002732
8480 28.958246 28.958246 28.958246 1.002732 1.002732 1.002732
8490 28.958246 28.958246 28.958246 1.002732 1.002732 1.002732
8500 28.958246 28.958246 28.958246 1.002732 1.002732 1.002732
8510 28.958246 28.958246 28.958246 1.002732 1.002732 1.002732
8520 28.958246 28.958246 28.958246 1.002732 1.002732 1.002732
8530 28.958246 28.958246 28.958246 1.002732 1.002732 1.002732
8540 28.958246 28.958246 28.958246 1.002732 1.002732 1.002732
8550 28.958246 28.958246 28.958246 1.002732 1.002732 1.002732
8560 28.958246 28.958246 28.958246 1.002732 1.002732 1.002732
8570 28.958246 28.958246 28.958246 1.002732 1.002732 1.002732
8580 28.958246 28.958246 28.958246 1.002732 1.002732 1.002732
8590 28.958246 28.958246 28.958246 1.002732 1.002732 1.002732
8600 28.958246 28.958246 28.958246 1.002732 1.002732 1.002732
8610 28.958246 28.958246 28.958246 1.002732 1.002732 1.002732
8620 28.958246 28.958246 28.958246 1.002732 1.002732 1.002732
8630 28.958246 28.958246 28.958246 1.002732 1.002732 1.002732
8640 28.958246 28.958246 28.958246 1.002732 1.002732 1.002732
8650 28.958246 28.958246 28.958246 1.002732 1.002732 1.002732
8660 28.958246 28.958246 28.958246 1.002732 1.002732 1.002732
8670 28.958246 28.958246 28.958246 1.002732 1.002732 1.002732
8680 28.958246 28.958246 28.958246 1.002732 1.002732 1.002732
8690 28.958246 28.958246 28.958246 1.002732 1.002732 1.002732
8700 28.958246 28.958246 28.958246 1.002732 1.002732 1.002732
8710 28.958246 28.958246 28.958246 1.002732 1.002732 1.002732
8720 28.958246 28.958246 28.958246 1.002732 1.002732 1.002732
8730 28.958246 28.958246 28.958246 1.002732 1.002732 1.002732
8740 28.958246 28.958246 28.958246 1.002732 1.002732 1.002732
8750 28.958246 28.958246 28.958246 1.002732 1.002732 1.002732
8760 28.958246 28.958246 28.958246 1.002732 1.002732 1.002732
8770 28.958246 28.958246 28.958246 1.002732 1.002732 1.002732
8780 28.958246 28.958246 28.958246 1.002732 1.002732 1.002732
8790 28.958246 28.958246 28.958246 1.002732 1.002732 1.002732
8800 28.958246 28.958246 28.958246 1.002732 1.002732 1.002732
8810 28.958246 28.958246 28.958246 1.002732 1.002732 1.002732
8820 28.958246 28.958246 28.958246 1.002732 1.002732 1.002732
8830 28.958246 28.958246 28.958246 1.002732 1.002732 1.002732
8840 28.958246 28.958246 28.958246 1.002732 1.002732 1.002732
8850 28.958246 28.958246 28.958246 1.002732 1.002732 1.002732
8860 28.958246 28.958246 28.958246 1.002732 1.002732 1.002732
8870 28.958246 28.958246 28.958246 1.002732 1.002732 1.002732
8880 28.958246 28.958246 28.958246 1.002732 1.002732 1.002732
8890 28.958246 28.958246 28.958246 1.002732 1.002732 1.002732
8900 28.958246 28.958246 28.958246 1.002732 1.002732 1.002732
8910 28.958246 28.958246 28.958246 1.002732 1.002732 1.002732
8920 28.958246 28.958246 28.958246 1.002732 1.002732 1.002732
8930 28.958246 28.958246 28.958246 1.002732 1.002732 1.002732
8940 28.958246 28.958246 28.958246 1.002732 1.002732 1.002732
8950 28.958246 28.958246 28.958246 1.002732 1.002732 1.002732
8960 28.958246 28.958246 28.958246 1.002732 1.002732 1.002732
8970 28.958246 28.958246 28.958246 1.002732 1.002732 1.002732
8980 28.958246 28.958246 28.958246 1.002732 1.002732 1.002732
8990 28.958246 28.958246 28.958246 1.002732 1.002732 1.002732
9000 28.958246 28.958246 28.958246 1.002732 1.002732 1.002732
9010 28.958246 28.958246 28.958246 1.002732 1.002732 1.002732
9020 28.958246 28.958246 28.958246 1.002732 1.002732 1.002732
9030 28.958246 28.958246 28.958246 1.002732 1.002732 1.002732
9040 28.958246 28.958246 28.958246 1.002732 1.002732 1.002732
9050 28.958246 28.958246 28.958246 1.002732 1.002732 1.002732
9060 28.958246 28.958246 28.958246 1.002732 1.002732 1.002732
9070 28.958246 28.958246 28.958246 1.002732 1.002732 1.002732
9080 28.958246 28.958246 28.958246 1.002732 1.002732 1.002732
9090 28.958246 28.958246 28.958246 1.002732 1.002732 1.002732
9100 28.958246 28.958246 28.958246 1.002732 1.002732 1.002732
9110 28.958246 28.958246 28.958246 1.002732 1.002732 1.002732
9120 28.958246 28.958246 28.958246 1.002732 1.002732 1.002732
9130 28.958246 28.958246 28.958246 1.002732 1.002732 1.002732
9140 28.958246 28.958246 28.958246 1.002732 1.002732 1.002732
9150 28.958246 28.958246 28.958246 1.002732 1.002732 1.002732
9160 28.958246 28.958246 28.958246 1.002732 1.002732 1.002732
9170 28.958246 28.958246 28.958246 1.002732 1.002732 1.002732
9180 28.958246 28.958246 28.958246 1.002732 1.002732 1.002732
9190 28.958246 28.958246 28.958246 1.002732 1.002732 1.002732
9200 28.958246 28.958246 28.958246 1.002732 1.002732 1.002732
9210 28.958246 28.958246 28.958246 1.002732 1.002732 1.002732
9220 28.958246 28.958246 28.958246 1.002732 1.002732 1.002732
9230 28.958246 28.958246 28.958246 1.002732 1.002732 1.002732
9240 28.958246 28.958246 28.958246 1.002732 1.002732 1.002732
9250 28.958246 28.958246 28.958246 1.002732 1.002732 1.002732
9260 28.958246 28.958246 28.958246 1.002732 1.002732 1.002732
9270 28.958246 28.958246 28.958246 1.002732 1.002732 1.002732
9280 28.958246 28.958246 28.958246 1.002732 1.002732 1.002732
9290 28.958246 28.958246 28.958246 1.002732 1.002732 1.002732
9300 28.958246 28.958246 28.958246 1.002732 1.002732 1.002732
9310 28.958246 28.958246 28.958246 1.002732 1.002732 1.002732
9320 28.958246 28.958246 28.958246 1.002732 1.002732 1.002732
9330 28.958246 28.958246 28.958246 1.002732 1.002732 1.002732
9340 28.958246 28.958246 28.958246 1.002732 1.002732 1.002732
9350 28.958246 28.958246 28.958246 1.002732 1.002732 1.002732
9360 28.958246 28.958246 28.958246 1.002732 1.002732 1.002732
9370 28.958246 28.958246 28.958246 1.002732 1.002732 1.002732
9380 28.958246 28.958246 28.958246 1.002732 1.002732 1.002732
9390 28.958246 28.958246 28.958246 1.002732 1.002732 1.002732
9400 28.958246 28.958246 28.958246 1.002732 1.002732 1.002732
9410 28.958246 28.958246 28.958246 1.002732 1.002732 1.002732
9420 28.958246 28.958246 28.958246 1.002732 1.002732 1.002732
9430 28.958246 28.958246 28.958246 1.002732 1.002732 1.002732
9440 28.958246 28.958246 28.958246 1.002732 1.002732 1.002732
9450 28.958246 28.958246 28.958246 1.002732 1.002732 1.002732
9460 28.958246 28.958246 28.958246 1.002732 1.002732 1.002732
9470 28.958246 28.958246 28.958246 1.002732 1.002732 1.002732
9480 28.958246 28.958246 28.958246 1.002732 1.002732 1.002732
9490 28.958246 28.958246 28.958246 1.002732 1.002732 1.002732
9500 28.958246 28.958246 28.958246 1.002732 1.002732 1.002732
9510 28.958246 28.958246 28.958246 1.002732 1.002732 1.002732
9520 28.958246 28.958246 28.958246 1.002732 1.002732 1.002732
9530 28.958246 28.958246 28.958246 1.002732 1.002732 1.002732
9540 28.958246 28.958246 28.958246 1.002732 1.002732 1.002732
9550 28.958246 28.958246 28.958246 1.002732 1.002732 1.002732
9560 28.958246 28.958246 28.958246 1.002732 1.002732 1.002732
9570 28.958246 28.958246 28.958246 1.002732 1.002732 1.002732
9580 28.958246 28.958246 28.958246 1.002732 1.002732 1.002732
9590 28.958246 28.958246 28.958246 1.002732 1.002732 1.002732
9600 28.958246 28.958246 28.958246 1.002732 1.002732 1.002732
9610 28.958246 28.958246 28.958246 1.002732 1.002732 1.002732
9620 28.958246 28.958246 28.958246 1.002732 1.002732 1.002732
9630 28.958246 28.958246 28.958246 1.002732 1.002732 1.002732
9640 28.958246 28.958246 28.958246 1.002732 1.002732 1.002732
9650 28.958246 28.958246 28.958246 1.002732 1.002732 1.002732
9660 28.958246 28.958246 28.958246 1.002732 1.002732 1.002732
9670 28.958246 28.958246 28.958246 1.002732 1.002732 1.002732
9680 28.958246 28.958246 28.958246 1.002732 1.002732 1.002732
9690 28.958246 28.958246 28.958246 1.002732 1.002732 1.002732
9700 28.958246 28.958246 28.958246 1.002732 1.002732 1.002732
9710 28.958246 28.958246 28.958246 1.002732 1.002732 1.002732
9720 28.958246 28.958246 28.958246 1.002732 1.002732 1.002732
9730 28.958246 28.958246 28.958246 1.002732 1.002732 1.002732
9740 28.958246 28.958246 28.958246 1.002732 1.002732 1.002732
9750 28.958246 28.958246 28.958246 1.002732 1.002732 1.002732
9760 28.958246 28.958246 28.958246 1.002732 1.002732 1.002732
9770 28.958246 28.958246 28.958246 1.002732 1.002732 1.002732
9780 28.958246 28.958246 28.958246 1.002732 1.002732 1.002732
9790 28.958246 28.958246 28.958246 1.002732 1.002732 1.002732
9800 28.958246 28.958246 28.958246 1.002732 1.002732 1.002732
9810 28.958246 28.958246 28.958246 1.002732 1.002732 1.002732
9820 28.958246 28.958246 28.958246 1.002732 1.002732 1.002732
9830 28.958246 28.958246 28.958246 1.002732 1.002732 1.002732
9840 28.958246 28.958246 28.958246 1.002732 1.002732 1.002732
9850 28.958246 28.958246 28.958246 1.002732 1.002732 1.002732
9860 28.958246 28.958246 28.958246 1.002732 1.002732 1.002732
9870 28.958246 28.958246 28.958246 1.002732 1.002732 1.002732
9880 28.958246 28.958246 28.958246 1.002732 1.002732 1.002732
9890 28.958246 28.958246 28.958246 1.002732 1.002732 1.002732
9900 28.958246 28.958246 28.958246 1.002732 1.002732 1.002732
9910 28.958246 28.958246 28.958246 1.002732 1.002732 1.002732
9920 28.958246 28.958246 28.958246 1.002732 1.002732 1.002732
9930 28.958246 28.958246 28.958246 1.002732 1.002732 1.002732
9940 28.958246 28.958246 28.958246 1.002732 1.002732 1.002732
9950 28.958246 28.958246 28.958246 1.002732 1.002732 1.002732
9960 28.958246 28.958246 28.958246 1.002732 1.002732 1.002732
9970 28.958246 28.958246 28.958246 1.002732 1.002732 1.002732
9980 28.958246 28.958246 28.958246 1.002732 1.002732 1.002732
9990 28.958246 28.958246 28.958246 1.002732 1.002732 1.002732
10000 28.958246 28.958246 28.958246 1.002732 1.002732 1.002732
