# generation power_min power_avg power_max util_min util_avg util_max
1 11.958634 13.851907 21.704904 0.724359 1.123358 1.494628
10 16.721976 13.735445 16.721976 0.724359 1.090826 1.365316
20 10.943713 13.385454 16.721976 0.724359 1.055280 1.313205
30 15.891562 13.284819 15.891562 0.724359 1.028838 1.237817
40 15.891562 13.049601 15.891562 0.724359 1.003746 1.237817
50 10.509888 12.897299 15.891562 0.724359 0.981583 1.175571
60 10.212157 12.617760 15.787036 0.724359 0.962402 1.175571
70 10.212157 12.356331 15.426210 0.724359 0.944955 1.175571
80 10.088116 12.079782 14.975943 0.724359 0.924733 1.131131
90 10.088116 11.732261 13.997065 0.724359 0.916369 1.049713
100 9.566268 11.423849 13.281391 0.741063 0.909823 1.049713
110 8.595982 11.183697 12.886511 0.741063 0.903113 1.049713
120 8.595982 10.979360 12.556929 0.656650 0.892380 1.046894
130 8.595982 10.763103 12.125742 0.656650 0.887314 1.046818
140 8.578664 10.505915 11.912756 0.627415 0.875927 1.046818
150 8.479051 10.265425 11.463784 0.550839 0.868763 1.007527
160 8.479051 10.059065 11.303202 0.550839 0.858972 1.007527
170 8.101888 9.833279 11.077223 0.518629 0.842781 1.007527
180 7.692148 9.636332 10.752743 0.518629 0.834779 1.002926
190 7.692148 9.427486 10.536548 0.518629 0.827881 1.002926
200 7.541868 9.211964 10.381794 0.518629 0.816663 1.002926
210 7.541868 9.049729 10.160653 0.518629 0.808677 0.999726
220 7.454481 8.863966 9.984039 0.509368 0.794721 0.986064
230 7.454481 8.681876 9.672726 0.498556 0.783319 0.986064
240 7.421222 8.528109 9.446823 0.498556 0.768894 0.986064
250 7.382945 8.358760 9.286459 0.498556 0.758583 0.986064
260 6.960979 8.195866 9.030485 0.498556 0.752737 0.986064
270 6.925341 8.025239 8.871098 0.498556 0.745144 0.986064
280 6.907850 7.899113 8.677639 0.498556 0.740186 0.986064
290 6.766791 7.755893 8.595982 0.498556 0.729508 0.986064
300 6.759783 7.610573 8.432686 0.498556 0.713453 0.959229
310 6.684831 7.477232 8.258218 0.498556 0.703861 0.948971
320 6.331089 7.356256 8.074301 0.498556 0.700236 0.948971
330 6.331089 7.252079 7.935884 0.498556 0.692480 0.948971
340 6.331089 7.152883 7.673798 0.509368 0.687840 0.948971
350 6.331089 7.068745 7.563373 0.561844 0.683762 0.948971
360 6.331089 6.991109 7.454481 0.561844 0.684156 0.820816
370 6.198551 6.908756 7.382945 0.561844 0.683305 0.832819
380 6.198551 6.844979 7.290260 0.561844 0.678845 0.832819
390 6.198551 6.780060 7.194654 0.561844 0.686434 0.832819
400 6.068410 6.710750 7.008815 0.561844 0.683982 0.832819
410 6.068410 6.656835 6.925341 0.561844 0.685554 0.832819
420 6.068410 6.612431 6.912491 0.556648 0.679690 0.832819
430 5.970571 6.556872 6.847605 0.556648 0.678814 0.832819
440 5.824123 6.498689 6.777717 0.556648 0.674521 0.832819
450 5.824123 6.445347 6.734250 0.556648 0.671227 0.832819
460 5.824123 6.400657 6.689456 0.556648 0.665319 0.832819
470 5.824123 6.352512 6.621954 0.556648 0.667084 0.832819
480 5.824123 6.306261 6.563845 0.556648 0.666077 0.832819
490 5.824123 6.259931 6.528819 0.556648 0.664125 0.804401
500 5.824123 6.216917 6.478723 0.556648 0.661891 0.804401
510 5.718784 6.166062 6.444185 0.572453 0.662779 0.781283
520 5.718784 6.122031 6.367627 0.572453 0.665396 0.781283
530 5.718784 6.070064 6.331089 0.572453 0.660009 0.749824
540 5.664602 6.019645 6.283890 0.572453 0.657296 0.755648
550 5.569419 5.972503 6.224244 0.594370 0.660322 0.764898
560 5.523019 5.924799 6.188664 0.594370 0.661292 0.764898
570 5.523019 5.886880 6.131727 0.596762 0.664297 0.764898
580 5.523019 5.843977 6.091324 0.596762 0.662141 0.764898
590 5.469833 5.801334 6.053501 0.601313 0.663925 0.764898
600 5.469833 5.764897 5.990253 0.601313 0.662350 0.764898
610 5.469833 5.733081 5.920069 0.601313 0.662800 0.764898
620 5.469833 5.705806 5.868568 0.601313 0.660548 0.764898
630 5.447255 5.673981 5.840882 0.604459 0.662253 0.764898
640 5.408053 5.643847 5.809471 0.604459 0.661743 0.764898
650 5.372876 5.617205 5.775921 0.612416 0.666489 0.764898
660 5.372876 5.589101 5.750767 0.612416 0.672276 0.764898
670 5.372876 5.560080 5.724717 0.612416 0.674762 0.764898
680 5.371827 5.531056 5.672578 0.612416 0.679864 0.764898
690 5.336950 5.505925 5.638655 0.612416 0.679494 0.734123
700 5.316643 5.480932 5.626860 0.612416 0.677905 0.734123
710 5.280207 5.458201 5.586110 0.594150 0.674061 0.734123
720 5.280207 5.440566 5.561249 0.594150 0.675285 0.734123
730 5.280207 5.420077 5.527872 0.594150 0.674943 0.734123
740 5.219185 5.399008 5.514148 0.594150 0.670476 0.726674
750 5.207317 5.377619 5.481760 0.594150 0.664450 0.726674
760 5.207317 5.361432 5.448508 0.594150 0.659814 0.726674
770 5.207317 5.344881 5.447255 0.594150 0.657592 0.726674
780 5.207317 5.326279 5.432376 0.594150 0.649017 0.691205
790 5.207317 5.310187 5.401777 0.594150 0.643250 0.691205
800 5.207317 5.295737 5.382258 0.594150 0.637030 0.691205
810 5.207317 5.282231 5.371827 0.594150 0.629943 0.691205
820 5.192889 5.268132 5.351973 0.594150 0.624050 0.691205
830 5.178360 5.256763 5.328069 0.594150 0.621907 0.691205
840 5.160242 5.245273 5.316643 0.594150 0.620974 0.691205
850 5.158781 5.235185 5.303577 0.594150 0.620752 0.691205
860 5.158781 5.226237 5.286859 0.594150 0.615463 0.653491
870 5.158781 5.218957 5.266789 0.604950 0.616300 0.653491
880 5.158781 5.214734 5.248336 0.607145 0.616289 0.651489
890 5.158781 5.211389 5.233107 0.607145 0.613670 0.617833
900 5.158781 5.208993 5.219626 0.607145 0.613542 0.617833
910 5.158781 5.206822 5.219185 0.607145 0.613501 0.617833
920 5.158781 5.205150 5.219185 0.607145 0.613653 0.617833
930 5.158781 5.203094 5.219185 0.607145 0.613682 0.617833
940 5.158781 5.200623 5.209795 0.607145 0.613375 0.614593
950 5.158781 5.198711 5.207317 0.607145 0.613195 0.614593
960 5.158781 5.196778 5.207317 0.607145 0.612915 0.614593
970 5.098839 5.193710 5.207317 0.607145 0.612633 0.614593
980 5.098839 5.190031 5.207317 0.607145 0.612219 0.614593
990 5.098839 5.185557 5.207317 0.607145 0.611855 0.614593
1000 5.098839 5.180092 5.207317 0.607145 0.611564 0.614593
1010 5.098839 5.173944 5.207317 0.607145 0.611305 0.614593
1020 5.098839 5.167716 5.207317 0.607145 0.611058 0.614593
1030 5.098839 5.162995 5.192889 0.607145 0.610813 0.614593
1040 5.098839 5.159681 5.178360 0.609553 0.611199 0.614593
1050 5.098839 5.154726 5.178360 0.609553 0.611563 0.614593
1060 5.098839 5.149771 5.178360 0.609553 0.611927 0.614593
1070 5.098839 5.143018 5.178360 0.609553 0.612375 0.614593
1080 5.098839 5.135665 5.178360 0.609553 0.612851 0.614593
1090 5.098839 5.129474 5.158781 0.611792 0.613152 0.614593
1100 5.098839 5.123480 5.158781 0.611792 0.613432 0.614593
1110 5.098839 5.117486 5.158781 0.611792 0.613712 0.614593
1120 5.098839 5.111492 5.158781 0.611792 0.613992 0.614593
1130 5.098839 5.105497 5.158781 0.611792 0.614273 0.614593
1140 5.098839 5.099503 5.158781 0.611792 0.614553 0.614593
1150 5.098839 5.098839 5.098839 0.614593 0.614593 0.614593
1160 5.098839 5.098839 5.098839 0.614593 0.614593 0.614593
1170 5.098839 5.098839 5.098839 0.614593 0.614593 0.614593
1180 5.098839 5.098839 5.098839 0.614593 0.614593 0.614593
1190 5.098839 5.098839 5.098839 0.614593 0.614593 0.614593
1200 5.098839 5.098839 5.098839 0.614593 0.614593 0.614593
1210 5.098839 5.098839 5.098839 0.614593 0.614593 0.614593
1220 5.098839 5.098839 5.098839 0.614593 0.614593 0.614593
1230 5.098839 5.098839 5.098839 0.614593 0.614593 0.614593
1240 5.098839 5.098839 5.098839 0.614593 0.614593 0.614593
1250 5.098839 5.098839 5.098839 0.614593 0.614593 0.614593
1260 5.098839 5.098839 5.098839 0.614593 0.614593 0.614593
1270 5.098839 5.098839 5.098839 0.614593 0.614593 0.614593
1280 5.098839 5.098839 5.098839 0.614593 0.614593 0.614593
1290 5.098839 5.098839 5.098839 0.614593 0.614593 0.614593
1300 5.098839 5.098839 5.098839 0.614593 0.614593 0.614593
1310 5.098839 5.098839 5.098839 0.614593 0.614593 0.614593
1320 5.098839 5.098839 5.098839 0.614593 0.614593 0.614593
1330 5.098839 5.098839 5.098839 0.614593 0.614593 0.614593
1340 5.098839 5.098839 5.098839 0.614593 0.614593 0.614593
1350 5.098839 5.098839 5.098839 0.614593 0.614593 0.614593
1360 5.098839 5.098839 5.098839 0.614593 0.614593 0.614593
1370 5.098839 5.098839 5.098839 0.614593 0.614593 0.614593
1380 5.098839 5.098839 5.098839 0.614593 0.614593 0.614593
1390 5.098839 5.098839 5.098839 0.614593 0.614593 0.614593
1400 5.098839 5.098839 5.098839 0.614593 0.614593 0.614593
1410 5.098839 5.098839 5.098839 0.614593 0.614593 0.614593
1420 5.098839 5.098839 5.098839 0.614593 0.614593 0.614593
1430 5.098839 5.098839 5.098839 0.614593 0.614593 0.614593
1440 5.098839 5.098839 5.098839 0.614593 0.614593 0.614593
1450 5.098839 5.098839 5.098839 0.614593 0.614593 0.614593
1460 5.098839 5.098839 5.098839 0.614593 0.614593 0.614593
1470 5.098839 5.098839 5.098839 0.614593 0.614593 0.614593
1480 5.098839 5.098839 5.098839 0.614593 0.614593 0.614593
1490 5.098839 5.098839 5.098839 0.614593 0.614593 0.614593
1500 5.098839 5.098839 5.098839 0.614593 0.614593 0.614593
1510 5.098839 5.098839 5.098839 0.614593 0.614593 0.614593
1520 5.098839 5.098839 5.098839 0.614593 0.614593 0.614593
1530 5.098839 5.098839 5.098839 0.614593 0.614593 0.614593
1540 5.098839 5.098839 5.098839 0.614593 0.614593 0.614593
1550 5.098839 5.098839 5.098839 0.614593 0.614593 0.614593
1560 5.098839 5.098839 5.098839 0.614593 0.614593 0.614593
1570 5.098839 5.098839 5.098839 0.614593 0.614593 0.614593
1580 5.098839 5.098839 5.098839 0.614593 0.614593 0.614593
1590 5.098839 5.098839 5.098839 0.614593 0.614593 0.614593
1600 5.098839 5.098839 5.098839 0.614593 0.614593 0.614593
1610 5.098839 5.098839 5.098839 0.614593 0.614593 0.614593
1620 5.098839 5.098839 5.098839 0.614593 0.614593 0.614593
1630 5.098839 5.098839 5.098839 0.614593 0.614593 0.614593
1640 5.098839 5.098839 5.098839 0.614593 0.614593 0.614593
1650 5.098839 5.098839 5.098839 0.614593 0.614593 0.614593
1660 5.098839 5.098839 5.098839 0.614593 0.614593 0.614593
1670 5.098839 5.098839 5.098839 0.614593 0.614593 0.614593
1680 5.098839 5.098839 5.098839 0.614593 0.614593 0.614593
1690 5.098839 5.098839 5.098839 0.614593 0.614593 0.614593
1700 5.098839 5.098839 5.098839 0.614593 0.614593 0.614593
1710 5.098839 5.098839 5.098839 0.614593 0.614593 0.614593
1720 5.098839 5.098839 5.098839 0.614593 0.614593 0.614593
1730 5.098839 5.098839 5.098839 0.614593 0.614593 0.614593
1740 5.098839 5.098839 5.098839 0.614593 0.614593 0.614593
1750 5.098839 5.098839 5.098839 0.614593 0.614593 0.614593
1760 5.098839 5.098839 5.098839 0.614593 0.614593 0.614593
1770 5.098839 5.098839 5.098839 0.614593 0.614593 0.614593
1780 5.098839 5.098839 5.098839 0.614593 0.614593 0.614593
1790 5.098839 5.098839 5.098839 0.614593 0.614593 0.614593
1800 5.098839 5.098839 5.098839 0.614593 0.614593 0.614593
1810 5.098839 5.098839 5.098839 0.614593 0.614593 0.614593
1820 5.098839 5.098839 5.098839 0.614593 0.614593 0.614593
1830 5.098839 5.098839 5.098839 0.614593 0.614593 0.614593
1840 5.098839 5.098839 5.098839 0.614593 0.614593 0.614593
1850 5.098839 5.098839 5.098839 0.614593 0.614593 0.614593
1860 5.098839 5.098839 5.098839 0.614593 0.614593 0.614593
1870 5.098839 5.098839 5.098839 0.614593 0.614593 0.614593
1880 5.098839 5.098839 5.098839 0.614593 0.614593 0.614593
1890 5.098839 5.098839 5.098839 0.614593 0.614593 0.614593
1900 5.098839 5.098839 5.098839 0.614593 0.614593 0.614593
1910 5.098839 5.098839 5.098839 0.614593 0.614593 0.614593
1920 5.098839 5.098839 5.098839 0.614593 0.614593 0.614593
1930 5.098839 5.098839 5.098839 0.614593 0.614593 0.614593
1940 5.098839 5.098839 5.098839 0.614593 0.614593 0.614593
1950 5.098839 5.098839 5.098839 0.614593 0.614593 0.614593
1960 5.098839 5.098839 5.098839 0.614593 0.614593 0.614593
1970 5.098839 5.098839 5.098839 0.614593 0.614593 0.614593
1980 5.098839 5.098839 5.098839 0.614593 0.614593 0.614593
1990 5.098839 5.098839 5.098839 0.614593 0.614593 0.614593
2000 5.098839 5.098839 5.098839 0.614593 0.614593 0.614593
2010 5.098839 5.098839 5.098839 0.614593 0.614593 0.614593
2020 5.098839 5.098839 5.098839 0.614593 0.614593 0.614593
2030 5.098839 5.098839 5.098839 0.614593 0.614593 0.614593
2040 5.098839 5.098839 5.098839 0.614593 0.614593 0.614593
2050 5.098839 5.098839 5.098839 0.614593 0.614593 0.614593
2060 5.098839 5.098839 5.098839 0.614593 0.614593 0.614593
2070 5.098839 5.098839 5.098839 0.614593 0.614593 0.614593
2080 5.098839 5.098839 5.098839 0.614593 0.614593 0.614593
2090 5.098839 5.098839 5.098839 0.614593 0.614593 0.614593
2100 5.098839 5.098839 5.098839 0.614593 0.614593 0.614593
2110 5.098839 5.098839 5.098839 0.614593 0.614593 0.614593
2120 5.098839 5.098839 5.098839 0.614593 0.614593 0.614593
2130 5.098839 5.098839 5.098839 0.614593 0.614593 0.614593
2140 5.098839 5.098839 5.098839 0.614593 0.614593 0.614593
2150 5.098839 5.098839 5.098839 0.614593 0.614593 0.614593
2160 5.098839 5.098839 5.098839 0.614593 0.614593 0.614593
2170 5.098839 5.098839 5.098839 0.614593 0.614593 0.614593
2180 5.098839 5.098839 5.098839 0.614593 0.614593 0.614593
2190 5.098839 5.098839 5.098839 0.614593 0.614593 0.614593
2200 5.098839 5.098839 5.098839 0.614593 0.614593 0.614593
2210 5.098839 5.098839 5.098839 0.614593 0.614593 0.614593
2220 5.098839 5.098839 5.098839 0.614593 0.614593 0.614593
2230 5.098839 5.098839 5.098839 0.614593 0.614593 0.614593
2240 5.098839 5.098839 5.098839 0.614593 0.614593 0.614593
2250 5.098839 5.098839 5.098839 0.614593 0.614593 0.614593
2260 5.098839 5.098839 5.098839 0.614593 0.614593 0.614593
2270 5.098839 5.098839 5.098839 0.614593 0.614593 0.614593
2280 5.098839 5.098839 5.098839 0.614593 0.614593 0.614593
2290 5.098839 5.098839 5.098839 0.614593 0.614593 0.614593
2300 5.098839 5.098839 5.098839 0.614593 0.614593 0.614593
2310 5.098839 5.098839 5.098839 0.614593 0.614593 0.614593
2320 5.098839 5.098839 5.098839 0.614593 0.614593 0.614593
2330 5.098839 5.098839 5.098839 0.614593 0.614593 0.614593
2340 5.098839 5.098839 5.098839 0.614593 0.614593 0.614593
2350 5.098839 5.098839 5.098839 0.614593 0.614593 0.614593
2360 5.098839 5.098839 5.098839 0.614593 0.614593 0.614593
2370 5.098839 5.098839 5.098839 0.614593 0.614593 0.614593
2380 5.098839 5.098839 5.098839 0.614593 0.614593 0.614593
2390 5.098839 5.098839 5.098839 0.614593 0.614593 0.614593
2400 5.098839 5.098839 5.098839 0.614593 0.614593 0.614593
2410 5.098839 5.098839 5.098839 0.614593 0.614593 0.614593
2420 5.098839 5.098839 5.098839 0.614593 0.614593 0.614593
2430 5.098839 5.098839 5.098839 0.614593 0.614593 0.614593
2440 5.098839 5.098839 5.098839 0.614593 0.614593 0.614593
2450 5.098839 5.098839 5.098839 0.614593 0.614593 0.614593
2460 5.098839 5.098839 5.098839 0.614593 0.614593 0.614593
2470 5.098839 5.098839 5.098839 0.614593 0.614593 0.614593
2480 5.098839 5.098839 5.098839 0.614593 0.614593 0.614593
2490 5.098839 5.098839 5.098839 0.614593 0.614593 0.614593
2500 5.098839 5.098839 5.098839 0.614593 0.614593 0.614593
2510 5.098839 5.098839 5.098839 0.614593 0.614593 0.614593
2520 5.098839 5.098839 5.098839 0.614593 0.614593 0.614593
2530 5.098839 5.098839 5.098839 0.614593 0.614593 0.614593
2540 5.098839 5.098839 5.098839 0.614593 0.614593 0.614593
2550 5.098839 5.098839 5.098839 0.614593 0.614593 0.614593
2560 5.098839 5.098839 5.098839 0.614593 0.614593 0.614593
2570 5.098839 5.098839 5.098839 0.614593 0.614593 0.614593
2580 5.098839 5.098839 5.098839 0.614593 0.614593 0.614593
2590 5.098839 5.098839 5.098839 0.614593 0.614593 0.614593
2600 5.098839 5.098839 5.098839 0.614593 0.614593 0.614593
2610 5.098839 5.098839 5.098839 0.614593 0.614593 0.614593
2620 5.098839 5.098839 5.098839 0.614593 0.614593 0.614593
2630 5.098839 5.098839 5.098839 0.614593 0.614593 0.614593
2640 5.098839 5.098839 5.098839 0.614593 0.614593 0.614593
2650 5.098839 5.098839 5.098839 0.614593 0.614593 0.614593
2660 5.098839 5.098839 5.098839 0.614593 0.614593 0.614593
2670 5.098839 5.098839 5.098839 0.614593 0.614593 0.614593
2680 5.098839 5.098839 5.098839 0.614593 0.614593 0.614593
2690 5.098839 5.098839 5.098839 0.614593 0.614593 0.614593
2700 5.098839 5.098839 5.098839 0.614593 0.614593 0.614593
2710 5.098839 5.098839 5.098839 0.614593 0.614593 0.614593
2720 5.098839 5.098839 5.098839 0.614593 0.614593 0.614593
2730 5.098839 5.098839 5.098839 0.614593 0.614593 0.614593
2740 5.098839 5.098839 5.098839 0.614593 0.614593 0.614593
2750 5.098839 5.098839 5.098839 0.614593 0.614593 0.614593
2760 5.098839 5.098839 5.098839 0.614593 0.614593 0.614593
2770 5.098839 5.098839 5.098839 0.614593 0.614593 0.614593
2780 5.098839 5.098839 5.098839 0.614593 0.614593 0.614593
2790 5.098839 5.098839 5.098839 0.614593 0.614593 0.614593
2800 5.098839 5.098839 5.098839 0.614593 0.614593 0.614593
2810 5.098839 5.098839 5.098839 0.614593 0.614593 0.614593
2820 5.098839 5.098839 5.098839 0.614593 0.614593 0.614593
2830 5.098839 5.098839 5.098839 0.614593 0.614593 0.614593
2840 5.098839 5.098839 5.098839 0.614593 0.614593 0.614593
2850 5.098839 5.098839 5.098839 0.614593 0.614593 0.614593
2860 5.098839 5.098839 5.098839 0.614593 0.614593 0.614593
2870 5.098839 5.098839 5.098839 0.614593 0.614593 0.614593
2880 5.098839 5.098839 5.098839 0.614593 0.614593 0.614593
2890 5.098839 5.098839 5.098839 0.614593 0.614593 0.614593
2900 5.098839 5.098839 5.098839 0.614593 0.614593 0.614593
2910 5.098839 5.098839 5.098839 0.614593 0.614593 0.614593
2920 5.098839 5.098839 5.098839 0.614593 0.614593 0.614593
2930 5.098839 5.098839 5.098839 0.614593 0.614593 0.614593
2940 5.098839 5.098839 5.098839 0.614593 0.614593 0.614593
2950 5.098839 5.098839 5.098839 0.614593 0.614593 0.614593
2960 5.098839 5.098839 5.098839 0.614593 0.614593 0.614593
2970 5.098839 5.098839 5.098839 0.614593 0.614593 0.614593
2980 5.098839 5.098839 5.098839 0.614593 0.614593 0.614593
2990 5.098839 5.098839 5.098839 0.614593 0.614593 0.614593
3000 5.098839 5.098839 5.098839 0.614593 0.614593 0.614593
3010 5.098839 5.098839 5.098839 0.614593 0.614593 0.614593
3020 5.098839 5.098839 5.098839 0.614593 0.614593 0.614593
3030 5.098839 5.098839 5.098839 0.614593 0.614593 0.614593
3040 5.098839 5.098839 5.098839 0.614593 0.614593 0.614593
3050 5.098839 5.098839 5.098839 0.614593 0.614593 0.614593
3060 5.098839 5.098839 5.098839 0.614593 0.614593 0.614593
3070 5.098839 5.098839 5.098839 0.614593 0.614593 0.614593
3080 5.098839 5.098839 5.098839 0.614593 0.614593 0.614593
3090 5.098839 5.098839 5.098839 0.614593 0.614593 0.614593
3100 5.098839 5.098839 5.098839 0.614593 0.614593 0.614593
3110 5.098839 5.098839 5.098839 0.614593 0.614593 0.614593
3120 5.098839 5.098839 5.098839 0.614593 0.614593 0.614593
3130 5.098839 5.098839 5.098839 0.614593 0.614593 0.614593
3140 5.098839 5.098839 5.098839 0.614593 0.614593 0.614593
3150 5.098839 5.098839 5.098839 0.614593 0.614593 0.614593
3160 5.098839 5.098839 5.098839 0.614593 0.614593 0.614593
3170 5.098839 5.098839 5.098839 0.614593 0.614593 0.614593
3180 5.098839 5.098839 5.098839 0.614593 0.614593 0.614593
3190 5.098839 5.098839 5.098839 0.614593 0.614593 0.614593
3200 5.098839 5.098839 5.098839 0.614593 0.614593 0.614593
3210 5.098839 5.098839 5.098839 0.614593 0.614593 0.614593
3220 5.098839 5.098839 5.098839 0.614593 0.614593 0.614593
3230 5.098839 5.098839 5.098839 0.614593 0.614593 0.614593
3240 5.098839 5.098839 5.098839 0.614593 0.614593 0.614593
3250 5.098839 5.098839 5.098839 0.614593 0.614593 0.614593
3260 5.098839 5.098839 5.098839 0.614593 0.614593 0.614593
3270 5.098839 5.098839 5.098839 0.614593 0.614593 0.614593
3280 5.098839 5.098839 5.098839 0.614593 0.614593 0.614593
3290 5.098839 5.098839 5.098839 0.614593 0.614593 0.614593
3300 5.098839 5.098839 5.098839 0.614593 0.614593 0.614593
3310 5.098839 5.098839 5.098839 0.614593 0.614593 0.614593
3320 5.098839 5.098839 5.098839 0.614593 0.614593 0.614593
3330 5.098839 5.098839 5.098839 0.614593 0.614593 0.614593
3340 5.098839 5.098839 5.098839 0.614593 0.614593 0.614593
3350 5.098839 5.098839 5.098839 0.614593 0.614593 0.614593
3360 5.098839 5.098839 5.098839 0.614593 0.614593 0.614593
3370 5.098839 5.098839 5.098839 0.614593 0.614593 0.614593
3380 5.098839 5.098839 5.098839 0.614593 0.614593 0.614593
3390 5.098839 5.098839 5.098839 0.614593 0.614593 0.614593
3400 5.098839 5.098839 5.098839 0.614593 0.614593 0.614593
3410 5.098839 5.098839 5.098839 0.614593 0.614593 0.614593
3420 5.098839 5.098839 5.098839 0.614593 0.614593 0.614593
3430 5.098839 5.098839 5.098839 0.614593 0.614593 0.614593
3440 5.098839 5.098839 5.098839 0.614593 0.614593 0.614593
3450 5.098839 5.098839 5.098839 0.614593 0.614593 0.614593
3460 5.098839 5.098839 5.098839 0.614593 0.614593 0.614593
3470 5.098839 5.098839 5.098839 0.614593 0.614593 0.614593
3480 5.098839 5.098839 5.098839 0.614593 0.614593 0.614593
3490 5.098839 5.098839 5.098839 0.614593 0.614593 0.614593
3500 5.098839 5.098839 5.098839 0.614593 0.614593 0.614593
3510 5.098839 5.098839 5.098839 0.614593 0.614593 0.614593
3520 5.098839 5.098839 5.098839 0.614593 0.614593 0.614593
3530 5.098839 5.098839 5.098839 0.614593 0.614593 0.614593
3540 5.098839 5.098839 5.098839 0.614593 0.614593 0.614593
3550 5.098839 5.098839 5.098839 0.614593 0.614593 0.614593
3560 5.098839 5.098839 5.098839 0.614593 0.614593 0.614593
3570 5.098839 5.098839 5.098839 0.614593 0.614593 0.614593
3580 5.098839 5.098839 5.098839 0.614593 0.614593 0.614593
3590 5.098839 5.098839 5.098839 0.614593 0.614593 0.614593
3600 5.098839 5.098839 5.098839 0.614593 0.614593 0.614593
3610 5.098839 5.098839 5.098839 0.614593 0.614593 0.614593
3620 5.098839 5.098839 5.098839 0.614593 0.614593 0.614593
3630 5.098839 5.098839 5.098839 0.614593 0.614593 0.614593
3640 5.098839 5.098839 5.098839 0.614593 0.614593 0.614593
3650 5.098839 5.098839 5.098839 0.614593 0.614593 0.614593
3660 5.098839 5.098839 5.098839 0.614593 0.614593 0.614593
3670 5.098839 5.098839 5.098839 0.614593 0.614593 0.614593
3680 5.098839 5.098839 5.098839 0.614593 0.614593 0.614593
3690 5.098839 5.098839 5.098839 0.614593 0.614593 0.614593
3700 5.098839 5.098839 5.098839 0.614593 0.614593 0.614593
3710 5.098839 5.098839 5.098839 0.614593 0.614593 0.614593
3720 5.098839 5.098839 5.098839 0.614593 0.614593 0.614593
3730 5.098839 5.098839 5.098839 0.614593 0.614593 0.614593
3740 5.098839 5.098839 5.098839 0.614593 0.614593 0.614593
3750 5.098839 5.098839 5.098839 0.614593 0.614593 0.614593
3760 5.098839 5.098839 5.098839 0.614593 0.614593 0.614593
3770 5.098839 5.098839 5.098839 0.614593 0.614593 0.614593
3780 5.098839 5.098839 5.098839 0.614593 0.614593 0.614593
3790 5.098839 5.098839 5.098839 0.614593 0.614593 0.614593
3800 5.098839 5.098839 5.098839 0.614593 0.614593 0.614593
3810 5.098839 5.098839 5.098839 0.614593 0.614593 0.614593
3820 5.098839 5.098839 5.098839 0.614593 0.614593 0.614593
3830 5.098839 5.098839 5.098839 0.614593 0.614593 0.614593
3840 5.098839 5.098839 5.098839 0.614593 0.614593 0.614593
3850 5.098839 5.098839 5.098839 0.614593 0.614593 0.614593
3860 5.098839 5.098839 5.098839 0.614593 0.614593 0.614593
3870 5.098839 5.098839 5.098839 0.614593 0.614593 0.614593
3880 5.098839 5.098839 5.098839 0.614593 0.614593 0.614593
3890 5.098839 5.098839 5.098839 0.614593 0.614593 0.614593
3900 5.098839 5.098839 5.098839 0.614593 0.614593 0.614593
3910 5.098839 5.098839 5.098839 0.614593 0.614593 0.614593
3920 5.098839 5.098839 5.098839 0.614593 0.614593 0.614593
3930 5.098839 5.098839 5.098839 0.614593 0.614593 0.614593
3940 5.098839 5.098839 5.098839 0.614593 0.614593 0.614593
3950 5.098839 5.098839 5.098839 0.614593 0.614593 0.614593
3960 5.098839 5.098839 5.098839 0.614593 0.614593 0.614593
3970 5.098839 5.098839 5.098839 0.614593 0.614593 0.614593
3980 5.098839 5.098839 5.098839 0.614593 0.614593 0.614593
3990 5.098839 5.098839 5.098839 0.614593 0.614593 0.614593
4000 5.098839 5.098839 5.098839 0.614593 0.614593 0.614593
4010 5.098839 5.098839 5.098839 0.614593 0.614593 0.614593
4020 5.098839 5.098839 5.098839 0.614593 0.614593 0.614593
4030 5.098839 5.098839 5.098839 0.614593 0.614593 0.614593
4040 5.098839 5.098839 5.098839 0.614593 0.614593 0.614593
4050 5.098839 5.098839 5.098839 0.614593 0.614593 0.614593
4060 5.098839 5.098839 5.098839 0.614593 0.614593 0.614593
4070 5.098839 5.098839 5.098839 0.614593 0.614593 0.614593
4080 5.098839 5.098839 5.098839 0.614593 0.614593 0.614593
4090 5.098839 5.098839 5.098839 0.614593 0.614593 0.614593
4100 5.098839 5.098839 5.098839 0.614593 0.614593 0.614593
4110 5.098839 5.098839 5.098839 0.614593 0.614593 0.614593
4120 5.098839 5.098839 5.098839 0.614593 0.614593 0.614593
4130 5.098839 5.098839 5.098839 0.614593 0.614593 0.614593
4140 5.098839 5.098839 5.098839 0.614593 0.614593 0.614593
4150 5.098839 5.098839 5.098839 0.614593 0.614593 0.614593
4160 5.098839 5.098839 5.098839 0.614593 0.614593 0.614593
4170 5.098839 5.098839 5.098839 0.614593 0.614593 0.614593
4180 5.098839 5.098839 5.098839 0.614593 0.614593 0.614593
4190 5.098839 5.098839 5.098839 0.614593 0.614593 0.614593
4200 5.098839 5.098839 5.098839 0.614593 0.614593 0.614593
4210 5.098839 5.098839 5.098839 0.614593 0.614593 0.614593
4220 5.098839 5.098839 5.098839 0.614593 0.614593 0.614593
4230 5.098839 5.098839 5.098839 0.614593 0.614593 0.614593
4240 5.098839 5.098839 5.098839 0.614593 0.614593 0.614593
4250 5.098839 5.098839 5.098839 0.614593 0.614593 0.614593
4260 5.098839 5.098839 5.098839 0.614593 0.614593 0.614593
4270 5.098839 5.098839 5.098839 0.614593 0.614593 0.614593
4280 5.098839 5.098839 5.098839 0.614593 0.614593 0.614593
4290 5.098839 5.098839 5.098839 0.614593 0.614593 0.614593
4300 5.098839 5.098839 5.098839 0.614593 0.614593 0.614593
4310 5.098839 5.098839 5.098839 0.614593 0.614593 0.614593
4320 5.098839 5.098839 5.098839 0.614593 0.614593 0.614593
4330 5.098839 5.098839 5.098839 0.614593 0.614593 0.614593
4340 5.098839 5.098839 5.098839 0.614593 0.614593 0.614593
4350 5.098839 5.098839 5.098839 0.614593 0.614593 0.614593
4360 5.098839 5.098839 5.098839 0.614593 0.614593 0.614593
4370 5.098839 5.098839 5.098839 0.614593 0.614593 0.614593
4380 5.098839 5.098839 5.098839 0.614593 0.614593 0.614593
4390 5.098839 5.098839 5.098839 0.614593 0.614593 0.614593
4400 5.098839 5.098839 5.098839 0.614593 0.614593 0.614593
4410 5.098839 5.098839 5.098839 0.614593 0.614593 0.614593
4420 5.098839 5.098839 5.098839 0.614593 0.614593 0.614593
4430 5.098839 5.098839 5.098839 0.614593 0.614593 0.614593
4440 5.098839 5.098839 5.098839 0.614593 0.614593 0.614593
4450 5.098839 5.098839 5.098839 0.614593 0.614593 0.614593
4460 5.098839 5.098839 5.098839 0.614593 0.614593 0.614593
4470 5.098839 5.098839 5.098839 0.614593 0.614593 0.614593
4480 5.098839 5.098839 5.098839 0.614593 0.614593 0.614593
4490 5.098839 5.098839 5.098839 0.614593 0.614593 0.614593
4500 5.098839 5.098839 5.098839 0.614593 0.614593 0.614593
4510 5.098839 5.098839 5.098839 0.614593 0.614593 0.614593
4520 5.098839 5.098839 5.098839 0.614593 0.614593 0.614593
4530 5.098839 5.098839 5.098839 0.614593 0.614593 0.614593
4540 5.098839 5.098839 5.098839 0.614593 0.614593 0.614593
4550 5.098839 5.098839 5.098839 0.614593 0.614593 0.614593
4560 5.098839 5.098839 5.098839 0.614593 0.614593 0.614593
4570 5.098839 5.098839 5.098839 0.614593 0.614593 0.614593
4580 5.098839 5.098839 5.098839 0.614593 0.614593 0.614593
4590 5.098839 5.098839 5.098839 0.614593 0.614593 0.614593
4600 5.098839 5.098839 5.098839 0.614593 0.614593 0.614593
4610 5.098839 5.098839 5.098839 0.614593 0.614593 0.614593
4620 5.098839 5.098839 5.098839 0.614593 0.614593 0.614593
4630 5.098839 5.098839 5.098839 0.614593 0.614593 0.614593
4640 5.098839 5.098839 5.098839 0.614593 0.614593 0.614593
4650 5.098839 5.098839 5.098839 0.614593 0.614593 0.614593
4660 5.098839 5.098839 5.098839 0.614593 0.614593 0.614593
4670 5.098839 5.098839 5.098839 0.614593 0.614593 0.614593
4680 5.098839 5.098839 5.098839 0.614593 0.614593 0.614593
4690 5.098839 5.098839 5.098839 0.614593 0.614593 0.614593
4700 5.098839 5.098839 5.098839 0.614593 0.614593 0.614593
4710 5.098839 5.098839 5.098839 0.614593 0.614593 0.614593
4720 5.098839 5.098839 5.098839 0.614593 0.614593 0.614593
4730 5.098839 5.098839 5.098839 0.614593 0.614593 0.614593
4740 5.098839 5.098839 5.098839 0.614593 0.614593 0.614593
4750 5.098839 5.098839 5.098839 0.614593 0.614593 0.614593
4760 5.098839 5.098839 5.098839 0.614593 0.614593 0.614593
4770 5.098839 5.098839 5.098839 0.614593 0.614593 0.614593
4780 5.098839 5.098839 5.098839 0.614593 0.614593 0.614593
4790 5.098839 5.098839 5.098839 0.614593 0.614593 0.614593
4800 5.098839 5.098839 5.098839 0.614593 0.614593 0.614593
4810 5.098839 5.098839 5.098839 0.614593 0.614593 0.614593
4820 5.098839 5.098839 5.098839 0.614593 0.614593 0.614593
4830 5.098839 5.098839 5.098839 0.614593 0.614593 0.614593
4840 5.098839 5.098839 5.098839 0.614593 0.614593 0.614593
4850 5.098839 5.098839 5.098839 0.614593 0.614593 0.614593
4860 5.098839 5.098839 5.098839 0.614593 0.614593 0.614593
4870 5.098839 5.098839 5.098839 0.614593 0.614593 0.614593
4880 5.098839 5.098839 5.098839 0.614593 0.614593 0.614593
4890 5.098839 5.098839 5.098839 0.614593 0.614593 0.614593
4900 5.098839 5.098839 5.098839 0.614593 0.614593 0.614593
4910 5.098839 5.098839 5.098839 0.614593 0.614593 0.614593
4920 5.098839 5.098839 5.098839 0.614593 0.614593 0.614593
4930 5.098839 5.098839 5.098839 0.614593 0.614593 0.614593
4940 5.098839 5.098839 5.098839 0.614593 0.614593 0.614593
4950 5.098839 5.098839 5.098839 0.614593 0.614593 0.614593
4960 5.098839 5.098839 5.098839 0.614593 0.614593 0.614593
4970 5.098839 5.098839 5.098839 0.614593 0.614593 0.614593
4980 5.098839 5.098839 5.098839 0.614593 0.614593 0.614593
4990 5.098839 5.098839 5.098839 0.614593 0.614593 0.614593
5000 5.098839 5.098839 5.098839 0.614593 0.614593 0.614593
5010 5.098839 5.098839 5.098839 0.614593 0.614593 0.614593
5020 5.098839 5.098839 5.098839 0.614593 0.614593 0.614593
5030 5.098839 5.098839 5.098839 0.614593 0.614593 0.614593
5040 5.098839 5.098839 5.098839 0.614593 0.614593 0.614593
5050 5.098839 5.098839 5.098839 0.614593 0.614593 0.614593
5060 5.098839 5.098839 5.098839 0.614593 0.614593 0.614593
5070 5.098839 5.098839 5.098839 0.614593 0.614593 0.614593
5080 5.098839 5.098839 5.098839 0.614593 0.614593 0.614593
5090 5.098839 5.098839 5.098839 0.614593 0.614593 0.614593
5100 5.098839 5.098839 5.098839 0.614593 0.614593 0.614593
5110 5.098839 5.098839 5.098839 0.614593 0.614593 0.614593
5120 5.098839 5.098839 5.098839 0.614593 0.614593 0.614593
5130 5.098839 5.098839 5.098839 0.614593 0.614593 0.614593
5140 5.098839 5.098839 5.098839 0.614593 0.614593 0.614593
5150 5.098839 5.098839 5.098839 0.614593 0.614593 0.614593
5160 5.098839 5.098839 5.098839 0.614593 0.614593 0.614593
5170 5.098839 5.098839 5.098839 0.614593 0.614593 0.614593
5180 5.098839 5.098839 5.098839 0.614593 0.614593 0.614593
5190 5.098839 5.098839 5.098839 0.614593 0.614593 0.614593
5200 5.098839 5.098839 5.098839 0.614593 0.614593 0.614593
5210 5.098839 5.098839 5.098839 0.614593 0.614593 0.614593
5220 5.098839 5.098839 5.098839 0.614593 0.614593 0.614593
5230 5.098839 5.098839 5.098839 0.614593 0.614593 0.614593
5240 5.098839 5.098839 5.098839 0.614593 0.614593 0.614593
5250 5.098839 5.098839 5.098839 0.614593 0.614593 0.614593
5260 5.098839 5.098839 5.098839 0.614593 0.614593 0.614593
5270 5.098839 5.098839 5.098839 0.614593 0.614593 0.614593
5280 5.098839 5.098839 5.098839 0.614593 0.614593 0.614593
5290 5.098839 5.098839 5.098839 0.614593 0.614593 0.614593
5300 5.098839 5.098839 5.098839 0.614593 0.614593 0.614593
5310 5.098839 5.098839 5.098839 0.614593 0.614593 0.614593
5320 5.098839 5.098839 5.098839 0.614593 0.614593 0.614593
5330 5.098839 5.098839 5.098839 0.614593 0.614593 0.614593
5340 5.098839 5.098839 5.098839 0.614593 0.614593 0.614593
5350 5.098839 5.098839 5.098839 0.614593 0.614593 0.614593
5360 5.098839 5.098839 5.098839 0.614593 0.614593 0.614593
5370 5.098839 5.098839 5.098839 0.614593 0.614593 0.614593
5380 5.098839 5.098839 5.098839 0.614593 0.614593 0.614593
5390 5.098839 5.098839 5.098839 0.614593 0.614593 0.614593
5400 5.098839 5.098839 5.098839 0.614593 0.614593 0.614593
5410 5.098839 5.098839 5.098839 0.614593 0.614593 0.614593
5420 5.098839 5.098839 5.098839 0.614593 0.614593 0.614593
5430 5.098839 5.098839 5.098839 0.614593 0.614593 0.614593
5440 5.098839 5.098839 5.098839 0.614593 0.614593 0.614593
5450 5.098839 5.098839 5.098839 0.614593 0.614593 0.614593
5460 5.098839 5.098839 5.098839 0.614593 0.614593 0.614593
5470 5.098839 5.098839 5.098839 0.614593 0.614593 0.614593
5480 5.098839 5.098839 5.098839 0.614593 0.614593 0.614593
5490 5.098839 5.098839 5.098839 0.614593 0.614593 0.614593
5500 5.098839 5.098839 5.098839 0.614593 0.614593 0.614593
5510 5.098839 5.098839 5.098839 0.614593 0.614593 0.614593
5520 5.098839 5.098839 5.098839 0.614593 0.614593 0.614593
5530 5.098839 5.098839 5.098839 0.614593 0.614593 0.614593
5540 5.098839 5.098839 5.098839 0.614593 0.614593 0.614593
5550 5.098839 5.098839 5.098839 0.614593 0.614593 0.614593
5560 5.098839 5.098839 5.098839 0.614593 0.614593 0.614593
5570 5.098839 5.098839 5.098839 0.614593 0.614593 0.614593
5580 5.098839 5.098839 5.098839 0.614593 0.614593 0.614593
5590 5.098839 5.098839 5.098839 0.614593 0.614593 0.614593
5600 5.098839 5.098839 5.098839 0.614593 0.614593 0.614593
5610 5.098839 5.098839 5.098839 0.614593 0.614593 0.614593
5620 5.098839 5.098839 5.098839 0.614593 0.614593 0.614593
5630 5.098839 5.098839 5.098839 0.614593 0.614593 0.614593
5640 5.098839 5.098839 5.098839 0.614593 0.614593 0.614593
5650 5.098839 5.098839 5.098839 0.614593 0.614593 0.614593
5660 5.098839 5.098839 5.098839 0.614593 0.614593 0.614593
5670 5.098839 5.098839 5.098839 0.614593 0.614593 0.614593
5680 5.098839 5.098839 5.098839 0.614593 0.614593 0.614593
5690 5.098839 5.098839 5.098839 0.614593 0.614593 0.614593
5700 5.098839 5.098839 5.098839 0.614593 0.614593 0.614593
5710 5.098839 5.098839 5.098839 0.614593 0.614593 0.614593
5720 5.098839 5.098839 5.098839 0.614593 0.614593 0.614593
5730 5.098839 5.098839 5.098839 0.614593 0.614593 0.614593
5740 5.098839 5.098839 5.098839 0.614593 0.614593 0.614593
5750 5.098839 5.098839 5.098839 0.614593 0.614593 0.614593
5760 5.098839 5.098839 5.098839 0.614593 0.614593 0.614593
5770 5.098839 5.098839 5.098839 0.614593 0.614593 0.614593
5780 5.098839 5.098839 5.098839 0.614593 0.614593 0.614593
5790 5.098839 5.098839 5.098839 0.614593 0.614593 0.614593
5800 5.098839 5.098839 5.098839 0.614593 0.614593 0.614593
5810 5.098839 5.098839 5.098839 0.614593 0.614593 0.614593
5820 5.098839 5.098839 5.098839 0.614593 0.614593 0.614593
5830 5.098839 5.098839 5.098839 0.614593 0.614593 0.614593
5840 5.098839 5.098839 5.098839 0.614593 0.614593 0.614593
5850 5.098839 5.098839 5.098839 0.614593 0.614593 0.614593
5860 5.098839 5.098839 5.098839 0.614593 0.614593 0.614593
5870 5.098839 5.098839 5.098839 0.614593 0.614593 0.614593
5880 5.098839 5.098839 5.098839 0.614593 0.614593 0.614593
5890 5.098839 5.098839 5.098839 0.614593 0.614593 0.614593
5900 5.098839 5.098839 5.098839 0.614593 0.614593 0.614593
5910 5.098839 5.098839 5.098839 0.614593 0.614593 0.614593
5920 5.098839 5.098839 5.098839 0.614593 0.614593 0.614593
5930 5.098839 5.098839 5.098839 0.614593 0.614593 0.614593
5940 5.098839 5.098839 5.098839 0.614593 0.614593 0.614593
5950 5.098839 5.098839 5.098839 0.614593 0.614593 0.614593
5960 5.098839 5.098839 5.098839 0.614593 0.614593 0.614593
5970 5.098839 5.098839 5.098839 0.614593 0.614593 0.614593
5980 5.098839 5.098839 5.098839 0.614593 0.614593 0.614593
5990 5.098839 5.098839 5.098839 0.614593 0.614593 0.614593
6000 5.098839 5.098839 5.098839 0.614593 0.614593 0.614593
6010 5.098839 5.098839 5.098839 0.614593 0.614593 0.614593
6020 5.098839 5.098839 5.098839 0.614593 0.614593 0.614593
6030 5.098839 5.098839 5.098839 0.614593 0.614593 0.614593
6040 5.098839 5.098839 5.098839 0.614593 0.614593 0.614593
6050 5.098839 5.098839 5.098839 0.614593 0.614593 0.614593
6060 5.098839 5.098839 5.098839 0.614593 0.614593 0.614593
6070 5.098839 5.098839 5.098839 0.614593 0.614593 0.614593
6080 5.098839 5.098839 5.098839 0.614593 0.614593 0.614593
6090 5.098839 5.098839 5.098839 0.614593 0.614593 0.614593
6100 5.098839 5.098839 5.098839 0.614593 0.614593 0.614593
6110 5.098839 5.098839 5.098839 0.614593 0.614593 0.614593
6120 5.098839 5.098839 5.098839 0.614593 0.614593 0.614593
6130 5.098839 5.098839 5.098839 0.614593 0.614593 0.614593
6140 5.098839 5.098839 5.098839 0.614593 0.614593 0.614593
6150 5.098839 5.098839 5.098839 0.614593 0.614593 0.614593
6160 5.098839 5.098839 5.098839 0.614593 0.614593 0.614593
6170 5.098839 5.098839 5.098839 0.614593 0.614593 0.614593
6180 5.098839 5.098839 5.098839 0.614593 0.614593 0.614593
6190 5.098839 5.098839 5.098839 0.614593 0.614593 0.614593
6200 5.098839 5.098839 5.098839 0.614593 0.614593 0.614593
6210 5.098839 5.098839 5.098839 0.614593 0.614593 0.614593
6220 5.098839 5.098839 5.098839 0.614593 0.614593 0.614593
6230 5.098839 5.098839 5.098839 0.614593 0.614593 0.614593
6240 5.098839 5.098839 5.098839 0.614593 0.614593 0.614593
6250 5.098839 5.098839 5.098839 0.614593 0.614593 0.614593
6260 5.098839 5.098839 5.098839 0.614593 0.614593 0.614593
6270 5.098839 5.098839 5.098839 0.614593 0.614593 0.614593
6280 5.098839 5.098839 5.098839 0.614593 0.614593 0.614593
6290 5.098839 5.098839 5.098839 0.614593 0.614593 0.614593
6300 5.098839 5.098839 5.098839 0.614593 0.614593 0.614593
6310 5.098839 5.098839 5.098839 0.614593 0.614593 0.614593
6320 5.098839 5.098839 5.098839 0.614593 0.614593 0.614593
6330 5.098839 5.098839 5.098839 0.614593 0.614593 0.614593
6340 5.098839 5.098839 5.098839 0.614593 0.614593 0.614593
6350 5.098839 5.098839 5.098839 0.614593 0.614593 0.614593
6360 5.098839 5.098839 5.098839 0.614593 0.614593 0.614593
6370 5.098839 5.098839 5.098839 0.614593 0.614593 0.614593
6380 5.098839 5.098839 5.098839 0.614593 0.614593 0.614593
6390 5.098839 5.098839 5.098839 0.614593 0.614593 0.614593
6400 5.098839 5.098839 5.098839 0.614593 0.614593 0.614593
6410 5.098839 5.098839 5.098839 0.614593 0.614593 0.614593
6420 5.098839 5.098839 5.098839 0.614593 0.614593 0.614593
6430 5.098839 5.098839 5.098839 0.614593 0.614593 0.614593
6440 5.098839 5.098839 5.098839 0.614593 0.614593 0.614593
6450 5.098839 5.098839 5.098839 0.614593 0.614593 0.614593
6460 5.098839 5.098839 5.098839 0.614593 0.614593 0.614593
6470 5.098839 5.098839 5.098839 0.614593 0.614593 0.614593
6480 5.098839 5.098839 5.098839 0.614593 0.614593 0.614593
6490 5.098839 5.098839 5.098839 0.614593 0.614593 0.614593
6500 5.098839 5.098839 5.098839 0.614593 0.614593 0.614593
6510 5.098839 5.098839 5.098839 0.614593 0.614593 0.614593
6520 5.098839 5.098839 5.098839 0.614593 0.614593 0.614593
6530 5.098839 5.098839 5.098839 0.614593 0.614593 0.614593
6540 5.098839 5.098839 5.098839 0.614593 0.614593 0.614593
6550 5.098839 5.098839 5.098839 0.614593 0.614593 0.614593
6560 5.098839 5.098839 5.098839 0.614593 0.614593 0.614593
6570 5.098839 5.098839 5.098839 0.614593 0.614593 0.614593
6580 5.098839 5.098839 5.098839 0.614593 0.614593 0.614593
6590 5.098839 5.098839 5.098839 0.614593 0.614593 0.614593
6600 5.098839 5.098839 5.098839 0.614593 0.614593 0.614593
6610 5.098839 5.098839 5.098839 0.614593 0.614593 0.614593
6620 5.098839 5.098839 5.098839 0.614593 0.614593 0.614593
6630 5.098839 5.098839 5.098839 0.614593 0.614593 0.614593
6640 5.098839 5.098839 5.098839 0.614593 0.614593 0.614593
6650 5.098839 5.098839 5.098839 0.614593 0.614593 0.614593
6660 5.098839 5.098839 5.098839 0.614593 0.614593 0.614593
6670 5.098839 5.098839 5.098839 0.614593 0.614593 0.614593
6680 5.098839 5.098839 5.098839 0.614593 0.614593 0.614593
6690 5.098839 5.098839 5.098839 0.614593 0.614593 0.614593
6700 5.098839 5.098839 5.098839 0.614593 0.614593 0.614593
6710 5.098839 5.098839 5.098839 0.614593 0.614593 0.614593
6720 5.098839 5.098839 5.098839 0.614593 0.614593 0.614593
6730 5.098839 5.098839 5.098839 0.614593 0.614593 0.614593
6740 5.098839 5.098839 5.098839 0.614593 0.614593 0.614593
6750 5.098839 5.098839 5.098839 0.614593 0.614593 0.614593
6760 5.098839 5.098839 5.098839 0.614593 0.614593 0.614593
6770 5.098839 5.098839 5.098839 0.614593 0.614593 0.614593
6780 5.098839 5.098839 5.098839 0.614593 0.614593 0.614593
6790 5.098839 5.098839 5.098839 0.614593 0.614593 0.614593
6800 5.098839 5.098839 5.098839 0.614593 0.614593 0.614593
6810 5.098839 5.098839 5.098839 0.614593 0.614593 0.614593
6820 5.098839 5.098839 5.098839 0.614593 0.614593 0.614593
6830 5.098839 5.098839 5.098839 0.614593 0.614593 0.614593
6840 5.098839 5.098839 5.098839 0.614593 0.614593 0.614593
6850 5.098839 5.098839 5.098839 0.614593 0.614593 0.614593
6860 5.098839 5.098839 5.098839 0.614593 0.614593 0.614593
6870 5.098839 5.098839 5.098839 0.614593 0.614593 0.614593
6880 5.098839 5.098839 5.098839 0.614593 0.614593 0.614593
6890 5.098839 5.098839 5.098839 0.614593 0.614593 0.614593
6900 5.098839 5.098839 5.098839 0.614593 0.614593 0.614593
6910 5.098839 5.098839 5.098839 0.614593 0.614593 0.614593
6920 5.098839 5.098839 5.098839 0.614593 0.614593 0.614593
6930 5.098839 5.098839 5.098839 0.614593 0.614593 0.614593
6940 5.098839 5.098839 5.098839 0.614593 0.614593 0.614593
6950 5.098839 5.098839 5.098839 0.614593 0.614593 0.614593
6960 5.098839 5.098839 5.098839 0.614593 0.614593 0.614593
6970 5.098839 5.098839 5.098839 0.614593 0.614593 0.614593
6980 5.098839 5.098839 5.098839 0.614593 0.614593 0.614593
6990 5.098839 5.098839 5.098839 0.614593 0.614593 0.614593
7000 5.098839 5.098839 5.098839 0.614593 0.614593 0.614593
7010 5.098839 5.098839 5.098839 0.614593 0.614593 0.614593
7020 5.098839 5.098839 5.098839 0.614593 0.614593 0.614593
7030 5.098839 5.098839 5.098839 0.614593 0.614593 0.614593
7040 5.098839 5.098839 5.098839 0.614593 0.614593 0.614593
7050 5.098839 5.098839 5.098839 0.614593 0.614593 0.614593
7060 5.098839 5.098839 5.098839 0.614593 0.614593 0.614593
7070 5.098839 5.098839 5.098839 0.614593 0.614593 0.614593
7080 5.098839 5.098839 5.098839 0.614593 0.614593 0.614593
7090 5.098839 5.098839 5.098839 0.614593 0.614593 0.614593
7100 5.098839 5.098839 5.098839 0.614593 0.614593 0.614593
7110 5.098839 5.098839 5.098839 0.614593 0.614593 0.614593
7120 5.098839 5.098839 5.098839 0.614593 0.614593 0.614593
7130 5.098839 5.098839 5.098839 0.614593 0.614593 0.614593
7140 5.098839 5.098839 5.098839 0.614593 0.614593 0.614593
7150 5.098839 5.098839 5.098839 0.614593 0.614593 0.614593
7160 5.098839 5.098839 5.098839 0.614593 0.614593 0.614593
7170 5.098839 5.098839 5.098839 0.614593 0.614593 0.614593
7180 5.098839 5.098839 5.098839 0.614593 0.614593 0.614593
7190 5.098839 5.098839 5.098839 0.614593 0.614593 0.614593
7200 5.098839 5.098839 5.098839 0.614593 0.614593 0.614593
7210 5.098839 5.098839 5.098839 0.614593 0.614593 0.614593
7220 5.098839 5.098839 5.098839 0.614593 0.614593 0.614593
7230 5.098839 5.098839 5.098839 0.614593 0.614593 0.614593
7240 5.098839 5.098839 5.098839 0.614593 0.614593 0.614593
7250 5.098839 5.098839 5.098839 0.614593 0.614593 0.614593
7260 5.098839 5.098839 5.098839 0.614593 0.614593 0.614593
7270 5.098839 5.098839 5.098839 0.614593 0.614593 0.614593
7280 5.098839 5.098839 5.098839 0.614593 0.614593 0.614593
7290 5.098839 5.098839 5.098839 0.614593 0.614593 0.614593
7300 5.098839 5.098839 5.098839 0.614593 0.614593 0.614593
7310 5.098839 5.098839 5.098839 0.614593 0.614593 0.614593
7320 5.098839 5.098839 5.098839 0.614593 0.614593 0.614593
7330 5.098839 5.098839 5.098839 0.614593 0.614593 0.614593
7340 5.098839 5.098839 5.098839 0.614593 0.614593 0.614593
7350 5.098839 5.098839 5.098839 0.614593 0.614593 0.614593
7360 5.098839 5.098839 5.098839 0.614593 0.614593 0.614593
7370 5.098839 5.098839 5.098839 0.614593 0.614593 0.614593
7380 5.098839 5.098839 5.098839 0.614593 0.614593 0.614593
7390 5.098839 5.098839 5.098839 0.614593 0.614593 0.614593
7400 5.098839 5.098839 5.098839 0.614593 0.614593 0.614593
7410 5.098839 5.098839 5.098839 0.614593 0.614593 0.614593
7420 5.098839 5.098839 5.098839 0.614593 0.614593 0.614593
7430 5.098839 5.098839 5.098839 0.614593 0.614593 0.614593
7440 5.098839 5.098839 5.098839 0.614593 0.614593 0.614593
7450 5.098839 5.098839 5.098839 0.614593 0.614593 0.614593
7460 5.098839 5.098839 5.098839 0.614593 0.614593 0.614593
7470 5.098839 5.098839 5.098839 0.614593 0.614593 0.614593
7480 5.098839 5.098839 5.098839 0.614593 0.614593 0.614593
7490 5.098839 5.098839 5.098839 0.614593 0.614593 0.614593
7500 5.098839 5.098839 5.098839 0.614593 0.614593 0.614593
7510 5.098839 5.098839 5.098839 0.614593 0.614593 0.614593
7520 5.098839 5.098839 5.098839 0.614593 0.614593 0.614593
7530 5.098839 5.098839 5.098839 0.614593 0.614593 0.614593
7540 5.098839 5.098839 5.098839 0.614593 0.614593 0.614593
7550 5.098839 5.098839 5.098839 0.614593 0.614593 0.614593
7560 5.098839 5.098839 5.098839 0.614593 0.614593 0.614593
7570 5.098839 5.098839 5.098839 0.614593 0.614593 0.614593
7580 5.098839 5.098839 5.098839 0.614593 0.614593 0.614593
7590 5.098839 5.098839 5.098839 0.614593 0.614593 0.614593
7600 5.098839 5.098839 5.098839 0.614593 0.614593 0.614593
7610 5.098839 5.098839 5.098839 0.614593 0.614593 0.614593
7620 5.098839 5.098839 5.098839 0.614593 0.614593 0.614593
7630 5.098839 5.098839 5.098839 0.614593 0.614593 0.614593
7640 5.098839 5.098839 5.098839 0.614593 0.614593 0.614593
7650 5.098839 5.098839 5.098839 0.614593 0.614593 0.614593
7660 5.098839 5.098839 5.098839 0.614593 0.614593 0.614593
7670 5.098839 5.098839 5.098839 0.614593 0.614593 0.614593
7680 5.098839 5.098839 5.098839 0.614593 0.614593 0.614593
7690 5.098839 5.098839 5.098839 0.614593 0.614593 0.614593
7700 5.098839 5.098839 5.098839 0.614593 0.614593 0.614593
7710 5.098839 5.098839 5.098839 0.614593 0.614593 0.614593
7720 5.098839 5.098839 5.098839 0.614593 0.614593 0.614593
7730 5.098839 5.098839 5.098839 0.614593 0.614593 0.614593
7740 5.098839 5.098839 5.098839 0.614593 0.614593 0.614593
7750 5.098839 5.098839 5.098839 0.614593 0.614593 0.614593
7760 5.098839 5.098839 5.098839 0.614593 0.614593 0.614593
7770 5.098839 5.098839 5.098839 0.614593 0.614593 0.614593
7780 5.098839 5.098839 5.098839 0.614593 0.614593 0.614593
7790 5.098839 5.098839 5.098839 0.614593 0.614593 0.614593
7800 5.098839 5.098839 5.098839 0.614593 0.614593 0.614593
7810 5.098839 5.098839 5.098839 0.614593 0.614593 0.614593
7820 5.098839 5.098839 5.098839 0.614593 0.614593 0.614593
7830 5.098839 5.098839 5.098839 0.614593 0.614593 0.614593
7840 5.098839 5.098839 5.098839 0.614593 0.614593 0.614593
7850 5.098839 5.098839 5.098839 0.614593 0.614593 0.614593
7860 5.098839 5.098839 5.098839 0.614593 0.614593 0.614593
7870 5.098839 5.098839 5.098839 0.614593 0.614593 0.614593
7880 5.098839 5.098839 5.098839 0.614593 0.614593 0.614593
7890 5.098839 5.098839 5.098839 0.614593 0.614593 0.614593
7900 5.098839 5.098839 5.098839 0.614593 0.614593 0.614593
7910 5.098839 5.098839 5.098839 0.614593 0.614593 0.614593
7920 5.098839 5.098839 5.098839 0.614593 0.614593 0.614593
7930 5.098839 5.098839 5.098839 0.614593 0.614593 0.614593
7940 5.098839 5.098839 5.098839 0.614593 0.614593 0.614593
7950 5.098839 5.098839 5.098839 0.614593 0.614593 0.614593
7960 5.098839 5.098839 5.098839 0.614593 0.614593 0.614593
7970 5.098839 5.098839 5.098839 0.614593 0.614593 0.614593
7980 5.098839 5.098839 5.098839 0.614593 0.614593 0.614593
7990 5.098839 5.098839 5.098839 0.614593 0.614593 0.614593
8000 5.098839 5.098839 5.098839 0.614593 0.614593 0.614593
8010 5.098839 5.098839 5.098839 0.614593 0.614593 0.614593
8020 5.098839 5.098839 5.098839 0.614593 0.614593 0.614593
8030 5.098839 5.098839 5.098839 0.614593 0.614593 0.614593
8040 5.098839 5.098839 5.098839 0.614593 0.614593 0.614593
8050 5.098839 5.098839 5.098839 0.614593 0.614593 0.614593
8060 5.098839 5.098839 5.098839 0.614593 0.614593 0.614593
8070 5.098839 5.098839 5.098839 0.614593 0.614593 0.614593
8080 5.098839 5.098839 5.098839 0.614593 0.614593 0.614593
8090 5.098839 5.098839 5.098839 0.614593 0.614593 0.614593
8100 5.098839 5.098839 5.098839 0.614593 0.614593 0.614593
8110 5.098839 5.098839 5.098839 0.614593 0.614593 0.614593
8120 5.098839 5.098839 5.098839 0.614593 0.614593 0.614593
8130 5.098839 5.098839 5.098839 0.614593 0.614593 0.614593
8140 5.098839 5.098839 5.098839 0.614593 0.614593 0.614593
8150 5.098839 5.098839 5.098839 0.614593 0.614593 0.614593
8160 5.098839 5.098839 5.098839 0.614593 0.614593 0.614593
8170 5.098839 5.098839 5.098839 0.614593 0.614593 0.614593
8180 5.098839 5.098839 5.098839 0.614593 0.614593 0.614593
8190 5.098839 5.098839 5.098839 0.614593 0.614593 0.614593
8200 5.098839 5.098839 5.098839 0.614593 0.614593 0.614593
8210 5.098839 5.098839 5.098839 0.614593 0.614593 0.614593
8220 5.098839 5.098839 5.098839 0.614593 0.614593 0.614593
8230 5.098839 5.098839 5.098839 0.614593 0.614593 0.614593
8240 5.098839 5.098839 5.098839 0.614593 0.614593 0.614593
8250 5.098839 5.098839 5.098839 0.614593 0.614593 0.614593
8260 5.098839 5.098839 5.098839 0.614593 0.614593 0.614593
8270 5.098839 5.098839 5.098839 0.614593 0.614593 0.614593
8280 5.098839 5.098839 5.098839 0.614593 0.614593 0.614593
8290 5.098839 5.098839 5.098839 0.614593 0.614593 0.614593
8300 5.098839 5.098839 5.098839 0.614593 0.614593 0.614593
8310 5.098839 5.098839 5.098839 0.614593 0.614593 0.614593
8320 5.098839 5.098839 5.098839 0.614593 0.614593 0.614593
8330 5.098839 5.098839 5.098839 0.614593 0.614593 0.614593
8340 5.098839 5.098839 5.098839 0.614593 0.614593 0.614593
8350 5.098839 5.098839 5.098839 0.614593 0.614593 0.614593
8360 5.098839 5.098839 5.098839 0.614593 0.614593 0.614593
8370 5.098839 5.098839 5.098839 0.614593 0.614593 0.614593
8380 5.098839 5.098839 5.098839 0.614593 0.614593 0.614593
8390 5.098839 5.098839 5.098839 0.614593 0.614593 0.614593
8400 5.098839 5.098839 5.098839 0.614593 0.614593 0.614593
8410 5.098839 5.098839 5.098839 0.614593 0.614593 0.614593
8420 5.098839 5.098839 5.098839 0.614593 0.614593 0.614593
8430 5.098839 5.098839 5.098839 0.614593 0.614593 0.614593
8440 5.098839 5.098839 5.098839 0.614593 0.614593 0.614593
8450 5.098839 5.098839 5.098839 0.614593 0.614593 0.614593
8460 5.098839 5.098839 5.098839 0.614593 0.614593 0.614593
8470 5.098839 5.098839 5.098839 0.614593 0.614593 0.614593
8480 5.098839 5.098839 5.098839 0.614593 0.614593 0.614593
8490 5.098839 5.098839 5.098839 0.614593 0.614593 0.614593
8500 5.098839 5.098839 5.098839 0.614593 0.614593 0.614593
8510 5.098839 5.098839 5.098839 0.614593 0.614593 0.614593
8520 5.098839 5.098839 5.098839 0.614593 0.614593 0.614593
8530 5.098839 5.098839 5.098839 0.614593 0.614593 0.614593
8540 5.098839 5.098839 5.098839 0.614593 0.614593 0.614593
8550 5.098839 5.098839 5.098839 0.614593 0.614593 0.614593
8560 5.098839 5.098839 5.098839 0.614593 0.614593 0.614593
8570 5.098839 5.098839 5.098839 0.614593 0.614593 0.614593
8580 5.098839 5.098839 5.098839 0.614593 0.614593 0.614593
8590 5.098839 5.098839 5.098839 0.614593 0.614593 0.614593
8600 5.098839 5.098839 5.098839 0.614593 0.614593 0.614593
8610 5.098839 5.098839 5.098839 0.614593 0.614593 0.614593
8620 5.098839 5.098839 5.098839 0.614593 0.614593 0.614593
8630 5.098839 5.098839 5.098839 0.614593 0.614593 0.614593
8640 5.098839 5.098839 5.098839 0.614593 0.614593 0.614593
8650 5.098839 5.098839 5.098839 0.614593 0.614593 0.614593
8660 5.098839 5.098839 5.098839 0.614593 0.614593 0.614593
8670 5.098839 5.098839 5.098839 0.614593 0.614593 0.614593
8680 5.098839 5.098839 5.098839 0.614593 0.614593 0.614593
8690 5.098839 5.098839 5.098839 0.614593 0.614593 0.614593
8700 5.098839 5.098839 5.098839 0.614593 0.614593 0.614593
8710 5.098839 5.098839 5.098839 0.614593 0.614593 0.614593
8720 5.098839 5.098839 5.098839 0.614593 0.614593 0.614593
8730 5.098839 5.098839 5.098839 0.614593 0.614593 0.614593
8740 5.098839 5.098839 5.098839 0.614593 0.614593 0.614593
8750 5.098839 5.098839 5.098839 0.614593 0.614593 0.614593
8760 5.098839 5.098839 5.098839 0.614593 0.614593 0.614593
8770 5.098839 5.098839 5.098839 0.614593 0.614593 0.614593
8780 5.098839 5.098839 5.098839 0.614593 0.614593 0.614593
8790 5.098839 5.098839 5.098839 0.614593 0.614593 0.614593
8800 5.098839 5.098839 5.098839 0.614593 0.614593 0.614593
8810 5.098839 5.098839 5.098839 0.614593 0.614593 0.614593
8820 5.098839 5.098839 5.098839 0.614593 0.614593 0.614593
8830 5.098839 5.098839 5.098839 0.614593 0.614593 0.614593
8840 5.098839 5.098839 5.098839 0.614593 0.614593 0.614593
8850 5.098839 5.098839 5.098839 0.614593 0.614593 0.614593
8860 5.098839 5.098839 5.098839 0.614593 0.614593 0.614593
8870 5.098839 5.098839 5.098839 0.614593 0.614593 0.614593
8880 5.098839 5.098839 5.098839 0.614593 0.614593 0.614593
8890 5.098839 5.098839 5.098839 0.614593 0.614593 0.614593
8900 5.098839 5.098839 5.098839 0.614593 0.614593 0.614593
8910 5.098839 5.098839 5.098839 0.614593 0.614593 0.614593
8920 5.098839 5.098839 5.098839 0.614593 0.614593 0.614593
8930 5.098839 5.098839 5.098839 0.614593 0.614593 0.614593
8940 5.098839 5.098839 5.098839 0.614593 0.614593 0.614593
8950 5.098839 5.098839 5.098839 0.614593 0.614593 0.614593
8960 5.098839 5.098839 5.098839 0.614593 0.614593 0.614593
8970 5.098839 5.098839 5.098839 0.614593 0.614593 0.614593
8980 5.098839 5.098839 5.098839 0.614593 0.614593 0.614593
8990 5.098839 5.098839 5.098839 0.614593 0.614593 0.614593
9000 5.098839 5.098839 5.098839 0.614593 0.614593 0.614593
9010 5.098839 5.098839 5.098839 0.614593 0.614593 0.614593
9020 5.098839 5.098839 5.098839 0.614593 0.614593 0.614593
9030 5.098839 5.098839 5.098839 0.614593 0.614593 0.614593
9040 5.098839 5.098839 5.098839 0.614593 0.614593 0.614593
9050 5.098839 5.098839 5.098839 0.614593 0.614593 0.614593
9060 5.098839 5.098839 5.098839 0.614593 0.614593 0.614593
9070 5.098839 5.098839 5.098839 0.614593 0.614593 0.614593
9080 5.098839 5.098839 5.098839 0.614593 0.614593 0.614593
9090 5.098839 5.098839 5.098839 0.614593 0.614593 0.614593
9100 5.098839 5.098839 5.098839 0.614593 0.614593 0.614593
9110 5.098839 5.098839 5.098839 0.614593 0.614593 0.614593
9120 5.098839 5.098839 5.098839 0.614593 0.614593 0.614593
9130 5.098839 5.098839 5.098839 0.614593 0.614593 0.614593
9140 5.098839 5.098839 5.098839 0.614593 0.614593 0.614593
9150 5.098839 5.098839 5.098839 0.614593 0.614593 0.614593
9160 5.098839 5.098839 5.098839 0.614593 0.614593 0.614593
9170 5.098839 5.098839 5.098839 0.614593 0.614593 0.614593
9180 5.098839 5.098839 5.098839 0.614593 0.614593 0.614593
9190 5.098839 5.098839 5.098839 0.614593 0.614593 0.614593
9200 5.098839 5.098839 5.098839 0.614593 0.614593 0.614593
9210 5.098839 5.098839 5.098839 0.614593 0.614593 0.614593
9220 5.098839 5.098839 5.098839 0.614593 0.614593 0.614593
9230 5.098839 5.098839 5.098839 0.614593 0.614593 0.614593
9240 5.098839 5.098839 5.098839 0.614593 0.614593 0.614593
9250 5.098839 5.098839 5.098839 0.614593 0.614593 0.614593
9260 5.098839 5.098839 5.098839 0.614593 0.614593 0.614593
9270 5.098839 5.098839 5.098839 0.614593 0.614593 0.614593
9280 5.098839 5.098839 5.098839 0.614593 0.614593 0.614593
9290 5.098839 5.098839 5.098839 0.614593 0.614593 0.614593
9300 5.098839 5.098839 5.098839 0.614593 0.614593 0.614593
9310 5.098839 5.098839 5.098839 0.614593 0.614593 0.614593
9320 5.098839 5.098839 5.098839 0.614593 0.614593 0.614593
9330 5.098839 5.098839 5.098839 0.614593 0.614593 0.614593
9340 5.098839 5.098839 5.098839 0.614593 0.614593 0.614593
9350 5.098839 5.098839 5.098839 0.614593 0.614593 0.614593
9360 5.098839 5.098839 5.098839 0.614593 0.614593 0.614593
9370 5.098839 5.098839 5.098839 0.614593 0.614593 0.614593
9380 5.098839 5.098839 5.098839 0.614593 0.614593 0.614593
9390 5.098839 5.098839 5.098839 0.614593 0.614593 0.614593
9400 5.098839 5.098839 5.098839 0.614593 0.614593 0.614593
9410 5.098839 5.098839 5.098839 0.614593 0.614593 0.614593
9420 5.098839 5.098839 5.098839 0.614593 0.614593 0.614593
9430 5.098839 5.098839 5.098839 0.614593 0.614593 0.614593
9440 5.098839 5.098839 5.098839 0.614593 0.614593 0.614593
9450 5.098839 5.098839 5.098839 0.614593 0.614593 0.614593
9460 5.098839 5.098839 5.098839 0.614593 0.614593 0.614593
9470 5.098839 5.098839 5.098839 0.614593 0.614593 0.614593
9480 5.098839 5.098839 5.098839 0.614593 0.614593 0.614593
9490 5.098839 5.098839 5.098839 0.614593 0.614593 0.614593
9500 5.098839 5.098839 5.098839 0.614593 0.614593 0.614593
9510 5.098839 5.098839 5.098839 0.614593 0.614593 0.614593
9520 5.098839 5.098839 5.098839 0.614593 0.614593 0.614593
9530 5.098839 5.098839 5.098839 0.614593 0.614593 0.614593
9540 5.098839 5.098839 5.098839 0.614593 0.614593 0.614593
9550 5.098839 5.098839 5.098839 0.614593 0.614593 0.614593
9560 5.098839 5.098839 5.098839 0.614593 0.614593 0.614593
9570 5.098839 5.098839 5.098839 0.614593 0.614593 0.614593
9580 5.098839 5.098839 5.098839 0.614593 0.614593 0.614593
9590 5.098839 5.098839 5.098839 0.614593 0.614593 0.614593
9600 5.098839 5.098839 5.098839 0.614593 0.614593 0.614593
9610 5.098839 5.098839 5.098839 0.614593 0.614593 0.614593
9620 5.098839 5.098839 5.098839 0.614593 0.614593 0.614593
9630 5.098839 5.098839 5.098839 0.614593 0.614593 0.614593
9640 5.098839 5.098839 5.098839 0.614593 0.614593 0.614593
9650 5.098839 5.098839 5.098839 0.614593 0.614593 0.614593
9660 5.098839 5.098839 5.098839 0.614593 0.614593 0.614593
9670 5.098839 5.098839 5.098839 0.614593 0.614593 0.614593
9680 5.098839 5.098839 5.098839 0.614593 0.614593 0.614593
9690 5.098839 5.098839 5.098839 0.614593 0.614593 0.614593
9700 5.098839 5.098839 5.098839 0.614593 0.614593 0.614593
9710 5.098839 5.098839 5.098839 0.614593 0.614593 0.614593
9720 5.098839 5.098839 5.098839 0.614593 0.614593 0.614593
9730 5.098839 5.098839 5.098839 0.614593 0.614593 0.614593
9740 5.098839 5.098839 5.098839 0.614593 0.614593 0.614593
9750 5.098839 5.098839 5.098839 0.614593 0.614593 0.614593
9760 5.098839 5.098839 5.098839 0.614593 0.614593 0.614593
9770 5.098839 5.098839 5.098839 0.614593 0.614593 0.614593
9780 5.098839 5.098839 5.098839 0.614593 0.614593 0.614593
9790 5.098839 5.098839 5.098839 0.614593 0.614593 0.614593
9800 5.098839 5.098839 5.098839 0.614593 0.614593 0.614593
9810 5.098839 5.098839 5.098839 0.614593 0.614593 0.614593
9820 5.098839 5.098839 5.098839 0.614593 0.614593 0.614593
9830 5.098839 5.098839 5.098839 0.614593 0.614593 0.614593
9840 5.098839 5.098839 5.098839 0.614593 0.614593 0.614593
9850 5.098839 5.098839 5.098839 0.614593 0.614593 0.614593
9860 5.098839 5.098839 5.098839 0.614593 0.614593 0.614593
9870 5.098839 5.098839 5.098839 0.614593 0.614593 0.614593
9880 5.098839 5.098839 5.098839 0.614593 0.614593 0.614593
9890 5.098839 5.098839 5.098839 0.614593 0.614593 0.614593
9900 5.098839 5.098839 5.098839 0.614593 0.614593 0.614593
9910 5.098839 5.098839 5.098839 0.614593 0.614593 0.614593
9920 5.098839 5.098839 5.098839 0.614593 0.614593 0.614593
9930 5.098839 5.098839 5.098839 0.614593 0.614593 0.614593
9940 5.098839 5.098839 5.098839 0.614593 0.614593 0.614593
9950 5.098839 5.098839 5.098839 0.614593 0.614593 0.614593
9960 5.098839 5.098839 5.098839 0.614593 0.614593 0.614593
9970 5.098839 5.098839 5.098839 0.614593 0.614593 0.614593
9980 5.098839 5.098839 5.098839 0.614593 0.614593 0.614593
9990 5.098839 5.098839 5.098839 0.614593 0.614593 0.614593
10000 5.141301 5.141301 5.141301 0.629651 0.629651 0.629651
