# generation power_min power_avg power_max util_min util_avg util_max
1 32.001277 32.927690 33.953873 0.556697 0.574641 0.589415
10 32.001277 32.808800 33.550870 0.560422 0.576541 0.589415
20 31.916039 32.687779 33.323455 0.567627 0.578478 0.592591
30 31.911460 32.587274 33.152234 0.569460 0.580179 0.592591
40 31.738587 32.493929 33.018766 0.569582 0.581449 0.593078
50 31.702954 32.402113 32.877798 0.572218 0.582839 0.593927
60 31.571445 32.316684 32.762887 0.572827 0.583997 0.594119
70 31.488809 32.227889 32.677594 0.575061 0.585178 0.594119
80 31.452973 32.150750 32.587129 0.577808 0.586371 0.598626
90 31.412797 32.076321 32.504552 0.577808 0.587189 0.598626
100 31.412797 32.000572 32.431861 0.579274 0.588126 0.598626
110 31.332089 31.930564 32.382716 0.579840 0.589176 0.598626
120 31.264028 31.842335 32.248820 0.579945 0.590495 0.599912
130 31.181854 31.766799 32.159653 0.582375 0.591392 0.599912
140 31.181854 31.713423 32.050724 0.582375 0.592114 0.599912
150 31.157517 31.652527 31.977372 0.583453 0.592795 0.599912
160 31.157517 31.596666 31.931564 0.583453 0.593333 0.599912
170 31.072187 31.535134 31.892981 0.583656 0.594264 0.602013
180 31.072187 31.477148 31.817284 0.587326 0.595208 0.602013
190 31.072187 31.421759 31.726334 0.590613 0.595857 0.603591
200 30.916846 31.362504 31.673705 0.590613 0.596694 0.605291
210 30.879846 31.311353 31.634034 0.591995 0.597468 0.605291
220 30.879846 31.267293 31.499669 0.592774 0.598069 0.605291
230 30.824416 31.221544 31.488784 0.592774 0.598917 0.606270
240 30.824416 31.176006 31.412797 0.592774 0.599689 0.606270
250 30.824416 31.132310 31.346332 0.593304 0.600432 0.606270
260 30.824416 31.090791 31.318264 0.593304 0.601274 0.606270
270 30.803276 31.048464 31.293293 0.594936 0.602066 0.606425
280 30.766442 31.006433 31.264028 0.597691 0.602808 0.606518
290 30.766442 30.975216 31.194831 0.598254 0.603291 0.606518
300 30.766442 30.946514 31.127617 0.598520 0.603835 0.606518
310 30.766442 30.919885 31.101129 0.598520 0.604212 0.606518
320 30.766442 30.894452 31.071396 0.600397 0.604544 0.607498
330 30.766442 30.872740 30.999366 0.601806 0.604857 0.607498
340 30.685002 30.858326 30.938996 0.602479 0.605097 0.608693
350 30.685002 30.845925 30.916846 0.603462 0.605217 0.608693
360 30.685002 30.835926 30.895318 0.604509 0.605320 0.608693
370 30.685002 30.827794 30.879846 0.604509 0.605387 0.608693
380 30.685002 30.814615 30.879846 0.604509 0.605597 0.608693
390 30.674563 30.799898 30.879846 0.604509 0.605846 0.608693
400 30.616423 30.786920 30.849347 0.604654 0.605900 0.608693
410 30.616423 30.774100 30.835021 0.604654 0.605947 0.608693
420 30.616423 30.760368 30.824416 0.604654 0.606114 0.608693
430 30.604325 30.744623 30.824416 0.604654 0.606401 0.608877
440 30.584647 30.726343 30.824416 0.604654 0.606721 0.609080
450 30.584647 30.708675 30.803276 0.604847 0.607033 0.609080
460 30.560993 30.693085 30.788591 0.604847 0.607269 0.609080
470 30.532073 30.677965 30.766442 0.605553 0.607436 0.609391
480 30.532073 30.660828 30.766442 0.605553 0.607678 0.609391
490 30.452962 30.643532 30.741896 0.605850 0.607909 0.609845
500 30.452962 30.627172 30.711012 0.606284 0.608150 0.610166
510 30.452962 30.612733 30.685002 0.606738 0.608344 0.610166
520 30.452962 30.596759 30.674563 0.606738 0.608428 0.610215
530 30.385628 30.583711 30.674563 0.606738 0.608617 0.611281
540 30.385628 30.569259 30.643512 0.607263 0.608868 0.611281
550 30.385628 30.555904 30.616423 0.607728 0.609017 0.611281
560 30.385628 30.541233 30.616423 0.607728 0.609218 0.611718
570 30.385628 30.526279 30.616423 0.607728 0.609393 0.611718
580 30.385628 30.511586 30.616423 0.607728 0.609612 0.611718
590 30.385628 30.495315 30.590213 0.608440 0.609799 0.611718
600 30.340637 30.478677 30.560993 0.608459 0.610023 0.612833
610 30.340637 30.462500 30.537311 0.608729 0.610318 0.612833
620 30.340637 30.447085 30.532073 0.609342 0.610593 0.612833
630 30.340637 30.430534 30.516002 0.609845 0.610848 0.612833
640 30.340637 30.416510 30.511356 0.609845 0.611002 0.612833
650 30.340637 30.403920 30.469978 0.609845 0.611163 0.612833
660 30.340637 30.392907 30.452962 0.609845 0.611418 0.612833
670 30.340637 30.383474 30.452962 0.609845 0.611655 0.612833
680 30.340637 30.372242 30.452962 0.609845 0.611954 0.612833
690 30.340637 30.362895 30.424987 0.611281 0.612159 0.612833
700 30.340637 30.356834 30.385628 0.611281 0.612274 0.612833
710 30.340637 30.352335 30.385628 0.611281 0.612430 0.612833
720 30.340637 30.347836 30.385628 0.611281 0.612585 0.612833
730 30.340637 30.343337 30.385628 0.611281 0.612740 0.612833
740 30.340637 30.340637 30.340637 0.612833 0.612833 0.612833
750 30.340637 30.340637 30.340637 0.612833 0.612833 0.612833
760 30.340637 30.340637 30.340637 0.612833 0.612833 0.612833
770 30.340637 30.340637 30.340637 0.612833 0.612833 0.612833
780 30.340637 30.340637 30.340637 0.612833 0.612833 0.612833
790 30.340637 30.340637 30.340637 0.612833 0.612833 0.612833
800 30.340637 30.340637 30.340637 0.612833 0.612833 0.612833
810 30.340637 30.340637 30.340637 0.612833 0.612833 0.612833
820 30.340637 30.340637 30.340637 0.612833 0.612833 0.612833
830 30.340637 30.340637 30.340637 0.612833 0.612833 0.612833
840 30.340637 30.340637 30.340637 0.612833 0.612833 0.612833
850 30.340637 30.340637 30.340637 0.612833 0.612833 0.612833
860 30.340637 30.340637 30.340637 0.612833 0.612833 0.612833
870 30.340637 30.340637 30.340637 0.612833 0.612833 0.612833
880 30.340637 30.340637 30.340637 0.612833 0.612833 0.612833
890 30.340637 30.340637 30.340637 0.612833 0.612833 0.612833
900 30.340637 30.340637 30.340637 0.612833 0.612833 0.612833
910 30.340637 30.340637 30.340637 0.612833 0.612833 0.612833
920 30.340637 30.340637 30.340637 0.612833 0.612833 0.612833
930 30.340637 30.340637 30.340637 0.612833 0.612833 0.612833
940 30.340637 30.340637 30.340637 0.612833 0.612833 0.612833
950 30.340637 30.340637 30.340637 0.612833 0.612833 0.612833
960 30.340637 30.340637 30.340637 0.612833 0.612833 0.612833
970 30.340637 30.340637 30.340637 0.612833 0.612833 0.612833
980 30.340637 30.340637 30.340637 0.612833 0.612833 0.612833
990 30.340637 30.340637 30.340637 0.612833 0.612833 0.612833
1000 30.340637 30.340637 30.340637 0.612833 0.612833 0.612833
1010 30.340637 30.340637 30.340637 0.612833 0.612833 0.612833
1020 30.340637 30.340637 30.340637 0.612833 0.612833 0.612833
1030 30.340637 30.340637 30.340637 0.612833 0.612833 0.612833
1040 30.340637 30.340637 30.340637 0.612833 0.612833 0.612833
1050 30.340637 30.340637 30.340637 0.612833 0.612833 0.612833
1060 30.340637 30.340637 30.340637 0.612833 0.612833 0.612833
1070 30.340637 30.340637 30.340637 0.612833 0.612833 0.612833
1080 30.340637 30.340637 30.340637 0.612833 0.612833 0.612833
1090 30.340637 30.340637 30.340637 0.612833 0.612833 0.612833
1100 30.340637 30.340637 30.340637 0.612833 0.612833 0.612833
1110 30.340637 30.340637 30.340637 0.612833 0.612833 0.612833
1120 30.340637 30.340637 30.340637 0.612833 0.612833 0.612833
1130 30.340637 30.340637 30.340637 0.612833 0.612833 0.612833
1140 30.340637 30.340637 30.340637 0.612833 0.612833 0.612833
1150 30.340637 30.340637 30.340637 0.612833 0.612833 0.612833
1160 30.340637 30.340637 30.340637 0.612833 0.612833 0.612833
1170 30.340637 30.340637 30.340637 0.612833 0.612833 0.612833
1180 30.340637 30.340637 30.340637 0.612833 0.612833 0.612833
1190 30.340637 30.340637 30.340637 0.612833 0.612833 0.612833
1200 30.340637 30.340637 30.340637 0.612833 0.612833 0.612833
1210 30.340637 30.340637 30.340637 0.612833 0.612833 0.612833
1220 30.340637 30.340637 30.340637 0.612833 0.612833 0.612833
1230 30.340637 30.340637 30.340637 0.612833 0.612833 0.612833
1240 30.340637 30.340637 30.340637 0.612833 0.612833 0.612833
1250 30.340637 30.340637 30.340637 0.612833 0.612833 0.612833
1260 30.340637 30.340637 30.340637 0.612833 0.612833 0.612833
1270 30.340637 30.340637 30.340637 0.612833 0.612833 0.612833
1280 30.340637 30.340637 30.340637 0.612833 0.612833 0.612833
1290 30.340637 30.340637 30.340637 0.612833 0.612833 0.612833
1300 30.340637 30.340637 30.340637 0.612833 0.612833 0.612833
1310 30.340637 30.340637 30.340637 0.612833 0.612833 0.612833
1320 30.340637 30.340637 30.340637 0.612833 0.612833 0.612833
1330 30.340637 30.340637 30.340637 0.612833 0.612833 0.612833
1340 30.340637 30.340637 30.340637 0.612833 0.612833 0.612833
1350 30.340637 30.340637 30.340637 0.612833 0.612833 0.612833
1360 30.340637 30.340637 30.340637 0.612833 0.612833 0.612833
1370 30.340637 30.340637 30.340637 0.612833 0.612833 0.612833
1380 30.340637 30.340637 30.340637 0.612833 0.612833 0.612833
1390 30.340637 30.340637 30.340637 0.612833 0.612833 0.612833
1400 30.340637 30.340637 30.340637 0.612833 0.612833 0.612833
1410 30.340637 30.340637 30.340637 0.612833 0.612833 0.612833
1420 30.340637 30.340637 30.340637 0.612833 0.612833 0.612833
1430 30.340637 30.340637 30.340637 0.612833 0.612833 0.612833
1440 30.340637 30.340637 30.340637 0.612833 0.612833 0.612833
1450 30.340637 30.340637 30.340637 0.612833 0.612833 0.612833
1460 30.340637 30.340637 30.340637 0.612833 0.612833 0.612833
1470 30.340637 30.340637 30.340637 0.612833 0.612833 0.612833
1480 30.340637 30.340637 30.340637 0.612833 0.612833 0.612833
1490 30.340637 30.340637 30.340637 0.612833 0.612833 0.612833
1500 30.340637 30.340637 30.340637 0.612833 0.612833 0.612833
1510 30.340637 30.340637 30.340637 0.612833 0.612833 0.612833
1520 30.340637 30.340637 30.340637 0.612833 0.612833 0.612833
1530 30.340637 30.340637 30.340637 0.612833 0.612833 0.612833
1540 30.340637 30.340637 30.340637 0.612833 0.612833 0.612833
1550 30.340637 30.340637 30.340637 0.612833 0.612833 0.612833
1560 30.340637 30.340637 30.340637 0.612833 0.612833 0.612833
1570 30.340637 30.340637 30.340637 0.612833 0.612833 0.612833
1580 30.340637 30.340637 30.340637 0.612833 0.612833 0.612833
1590 30.340637 30.340637 30.340637 0.612833 0.612833 0.612833
1600 30.340637 30.340637 30.340637 0.612833 0.612833 0.612833
1610 30.340637 30.340637 30.340637 0.612833 0.612833 0.612833
1620 30.340637 30.340637 30.340637 0.612833 0.612833 0.612833
1630 30.340637 30.340637 30.340637 0.612833 0.612833 0.612833
1640 30.340637 30.340637 30.340637 0.612833 0.612833 0.612833
1650 30.340637 30.340637 30.340637 0.612833 0.612833 0.612833
1660 30.340637 30.340637 30.340637 0.612833 0.612833 0.612833
1670 30.340637 30.340637 30.340637 0.612833 0.612833 0.612833
1680 30.340637 30.340637 30.340637 0.612833 0.612833 0.612833
1690 30.340637 30.340637 30.340637 0.612833 0.612833 0.612833
1700 30.340637 30.340637 30.340637 0.612833 0.612833 0.612833
1710 30.340637 30.340637 30.340637 0.612833 0.612833 0.612833
1720 30.340637 30.340637 30.340637 0.612833 0.612833 0.612833
1730 30.340637 30.340637 30.340637 0.612833 0.612833 0.612833
1740 30.340637 30.340637 30.340637 0.612833 0.612833 0.612833
1750 30.340637 30.340637 30.340637 0.612833 0.612833 0.612833
1760 30.340637 30.340637 30.340637 0.612833 0.612833 0.612833
1770 30.340637 30.340637 30.340637 0.612833 0.612833 0.612833
1780 30.340637 30.340637 30.340637 0.612833 0.612833 0.612833
1790 30.340637 30.340637 30.340637 0.612833 0.612833 0.612833
1800 30.340637 30.340637 30.340637 0.612833 0.612833 0.612833
1810 30.340637 30.340637 30.340637 0.612833 0.612833 0.612833
1820 30.340637 30.340637 30.340637 0.612833 0.612833 0.612833
1830 30.340637 30.340637 30.340637 0.612833 0.612833 0.612833
1840 30.340637 30.340637 30.340637 0.612833 0.612833 0.612833
1850 30.340637 30.340637 30.340637 0.612833 0.612833 0.612833
1860 30.340637 30.340637 30.340637 0.612833 0.612833 0.612833
1870 30.340637 30.340637 30.340637 0.612833 0.612833 0.612833
1880 30.340637 30.340637 30.340637 0.612833 0.612833 0.612833
1890 30.340637 30.340637 30.340637 0.612833 0.612833 0.612833
1900 30.340637 30.340637 30.340637 0.612833 0.612833 0.612833
1910 30.340637 30.340637 30.340637 0.612833 0.612833 0.612833
1920 30.340637 30.340637 30.340637 0.612833 0.612833 0.612833
1930 30.340637 30.340637 30.340637 0.612833 0.612833 0.612833
1940 30.340637 30.340637 30.340637 0.612833 0.612833 0.612833
1950 30.340637 30.340637 30.340637 0.612833 0.612833 0.612833
1960 30.340637 30.340637 30.340637 0.612833 0.612833 0.612833
1970 30.340637 30.340637 30.340637 0.612833 0.612833 0.612833
1980 30.340637 30.340637 30.340637 0.612833 0.612833 0.612833
1990 30.340637 30.340637 30.340637 0.612833 0.612833 0.612833
2000 30.340637 30.340637 30.340637 0.612833 0.612833 0.612833
2010 30.340637 30.340637 30.340637 0.612833 0.612833 0.612833
2020 30.340637 30.340637 30.340637 0.612833 0.612833 0.612833
2030 30.340637 30.340637 30.340637 0.612833 0.612833 0.612833
2040 30.340637 30.340637 30.340637 0.612833 0.612833 0.612833
2050 30.340637 30.340637 30.340637 0.612833 0.612833 0.612833
2060 30.340637 30.340637 30.340637 0.612833 0.612833 0.612833
2070 30.340637 30.340637 30.340637 0.612833 0.612833 0.612833
2080 30.340637 30.340637 30.340637 0.612833 0.612833 0.612833
2090 30.340637 30.340637 30.340637 0.612833 0.612833 0.612833
2100 30.340637 30.340637 30.340637 0.612833 0.612833 0.612833
2110 30.340637 30.340637 30.340637 0.612833 0.612833 0.612833
2120 30.340637 30.340637 30.340637 0.612833 0.612833 0.612833
2130 30.340637 30.340637 30.340637 0.612833 0.612833 0.612833
2140 30.340637 30.340637 30.340637 0.612833 0.612833 0.612833
2150 30.340637 30.340637 30.340637 0.612833 0.612833 0.612833
2160 30.340637 30.340637 30.340637 0.612833 0.612833 0.612833
2170 30.340637 30.340637 30.340637 0.612833 0.612833 0.612833
2180 30.340637 30.340637 30.340637 0.612833 0.612833 0.612833
2190 30.340637 30.340637 30.340637 0.612833 0.612833 0.612833
2200 30.340637 30.340637 30.340637 0.612833 0.612833 0.612833
2210 30.340637 30.340637 30.340637 0.612833 0.612833 0.612833
2220 30.340637 30.340637 30.340637 0.612833 0.612833 0.612833
2230 30.340637 30.340637 30.340637 0.612833 0.612833 0.612833
2240 30.340637 30.340637 30.340637 0.612833 0.612833 0.612833
2250 30.340637 30.340637 30.340637 0.612833 0.612833 0.612833
2260 30.340637 30.340637 30.340637 0.612833 0.612833 0.612833
2270 30.340637 30.340637 30.340637 0.612833 0.612833 0.612833
2280 30.340637 30.340637 30.340637 0.612833 0.612833 0.612833
2290 30.340637 30.340637 30.340637 0.612833 0.612833 0.612833
2300 30.340637 30.340637 30.340637 0.612833 0.612833 0.612833
2310 30.340637 30.340637 30.340637 0.612833 0.612833 0.612833
2320 30.340637 30.340637 30.340637 0.612833 0.612833 0.612833
2330 30.340637 30.340637 30.340637 0.612833 0.612833 0.612833
2340 30.340637 30.340637 30.340637 0.612833 0.612833 0.612833
2350 30.340637 30.340637 30.340637 0.612833 0.612833 0.612833
2360 30.340637 30.340637 30.340637 0.612833 0.612833 0.612833
2370 30.340637 30.340637 30.340637 0.612833 0.612833 0.612833
2380 30.340637 30.340637 30.340637 0.612833 0.612833 0.612833
2390 30.340637 30.340637 30.340637 0.612833 0.612833 0.612833
2400 30.340637 30.340637 30.340637 0.612833 0.612833 0.612833
2410 30.340637 30.340637 30.340637 0.612833 0.612833 0.612833
2420 30.340637 30.340637 30.340637 0.612833 0.612833 0.612833
2430 30.340637 30.340637 30.340637 0.612833 0.612833 0.612833
2440 30.340637 30.340637 30.340637 0.612833 0.612833 0.612833
2450 30.340637 30.340637 30.340637 0.612833 0.612833 0.612833
2460 30.340637 30.340637 30.340637 0.612833 0.612833 0.612833
2470 30.340637 30.340637 30.340637 0.612833 0.612833 0.612833
2480 30.340637 30.340637 30.340637 0.612833 0.612833 0.612833
2490 30.340637 30.340637 30.340637 0.612833 0.612833 0.612833
2500 30.340637 30.340637 30.340637 0.612833 0.612833 0.612833
2510 30.340637 30.340637 30.340637 0.612833 0.612833 0.612833
2520 30.340637 30.340637 30.340637 0.612833 0.612833 0.612833
2530 30.340637 30.340637 30.340637 0.612833 0.612833 0.612833
2540 30.340637 30.340637 30.340637 0.612833 0.612833 0.612833
2550 30.340637 30.340637 30.340637 0.612833 0.612833 0.612833
2560 30.340637 30.340637 30.340637 0.612833 0.612833 0.612833
2570 30.340637 30.340637 30.340637 0.612833 0.612833 0.612833
2580 30.340637 30.340637 30.340637 0.612833 0.612833 0.612833
2590 30.340637 30.340637 30.340637 0.612833 0.612833 0.612833
2600 30.340637 30.340637 30.340637 0.612833 0.612833 0.612833
2610 30.340637 30.340637 30.340637 0.612833 0.612833 0.612833
2620 30.340637 30.340637 30.340637 0.612833 0.612833 0.612833
2630 30.340637 30.340637 30.340637 0.612833 0.612833 0.612833
2640 30.340637 30.340637 30.340637 0.612833 0.612833 0.612833
2650 30.340637 30.340637 30.340637 0.612833 0.612833 0.612833
2660 30.340637 30.340637 30.340637 0.612833 0.612833 0.612833
2670 30.340637 30.340637 30.340637 0.612833 0.612833 0.612833
2680 30.340637 30.340637 30.340637 0.612833 0.612833 0.612833
2690 30.340637 30.340637 30.340637 0.612833 0.612833 0.612833
2700 30.340637 30.340637 30.340637 0.612833 0.612833 0.612833
2710 30.340637 30.340637 30.340637 0.612833 0.612833 0.612833
2720 30.340637 30.340637 30.340637 0.612833 0.612833 0.612833
2730 30.340637 30.340637 30.340637 0.612833 0.612833 0.612833
2740 30.340637 30.340637 30.340637 0.612833 0.612833 0.612833
2750 30.340637 30.340637 30.340637 0.612833 0.612833 0.612833
2760 30.340637 30.340637 30.340637 0.612833 0.612833 0.612833
2770 30.340637 30.340637 30.340637 0.612833 0.612833 0.612833
2780 30.340637 30.340637 30.340637 0.612833 0.612833 0.612833
2790 30.340637 30.340637 30.340637 0.612833 0.612833 0.612833
2800 30.340637 30.340637 30.340637 0.612833 0.612833 0.612833
2810 30.340637 30.340637 30.340637 0.612833 0.612833 0.612833
2820 30.340637 30.340637 30.340637 0.612833 0.612833 0.612833
2830 30.340637 30.340637 30.340637 0.612833 0.612833 0.612833
2840 30.340637 30.340637 30.340637 0.612833 0.612833 0.612833
2850 30.340637 30.340637 30.340637 0.612833 0.612833 0.612833
2860 30.340637 30.340637 30.340637 0.612833 0.612833 0.612833
2870 30.340637 30.340637 30.340637 0.612833 0.612833 0.612833
2880 30.340637 30.340637 30.340637 0.612833 0.612833 0.612833
2890 30.340637 30.340637 30.340637 0.612833 0.612833 0.612833
2900 30.340637 30.340637 30.340637 0.612833 0.612833 0.612833
2910 30.340637 30.340637 30.340637 0.612833 0.612833 0.612833
2920 30.340637 30.340637 30.340637 0.612833 0.612833 0.612833
2930 30.340637 30.340637 30.340637 0.612833 0.612833 0.612833
2940 30.340637 30.340637 30.340637 0.612833 0.612833 0.612833
2950 30.340637 30.340637 30.340637 0.612833 0.612833 0.612833
2960 30.340637 30.340637 30.340637 0.612833 0.612833 0.612833
2970 30.340637 30.340637 30.340637 0.612833 0.612833 0.612833
2980 30.340637 30.340637 30.340637 0.612833 0.612833 0.612833
2990 30.340637 30.340637 30.340637 0.612833 0.612833 0.612833
3000 30.340637 30.340637 30.340637 0.612833 0.612833 0.612833
3010 30.340637 30.340637 30.340637 0.612833 0.612833 0.612833
3020 30.340637 30.340637 30.340637 0.612833 0.612833 0.612833
3030 30.340637 30.340637 30.340637 0.612833 0.612833 0.612833
3040 30.340637 30.340637 30.340637 0.612833 0.612833 0.612833
3050 30.340637 30.340637 30.340637 0.612833 0.612833 0.612833
3060 30.340637 30.340637 30.340637 0.612833 0.612833 0.612833
3070 30.340637 30.340637 30.340637 0.612833 0.612833 0.612833
3080 30.340637 30.340637 30.340637 0.612833 0.612833 0.612833
3090 30.340637 30.340637 30.340637 0.612833 0.612833 0.612833
3100 30.340637 30.340637 30.340637 0.612833 0.612833 0.612833
3110 30.340637 30.340637 30.340637 0.612833 0.612833 0.612833
3120 30.340637 30.340637 30.340637 0.612833 0.612833 0.612833
3130 30.340637 30.340637 30.340637 0.612833 0.612833 0.612833
3140 30.340637 30.340637 30.340637 0.612833 0.612833 0.612833
3150 30.340637 30.340637 30.340637 0.612833 0.612833 0.612833
3160 30.340637 30.340637 30.340637 0.612833 0.612833 0.612833
3170 30.340637 30.340637 30.340637 0.612833 0.612833 0.612833
3180 30.340637 30.340637 30.340637 0.612833 0.612833 0.612833
3190 30.340637 30.340637 30.340637 0.612833 0.612833 0.612833
3200 30.340637 30.340637 30.340637 0.612833 0.612833 0.612833
3210 30.340637 30.340637 30.340637 0.612833 0.612833 0.612833
3220 30.340637 30.340637 30.340637 0.612833 0.612833 0.612833
3230 30.340637 30.340637 30.340637 0.612833 0.612833 0.612833
3240 30.340637 30.340637 30.340637 0.612833 0.612833 0.612833
3250 30.340637 30.340637 30.340637 0.612833 0.612833 0.612833
3260 30.340637 30.340637 30.340637 0.612833 0.612833 0.612833
3270 30.340637 30.340637 30.340637 0.612833 0.612833 0.612833
3280 30.340637 30.340637 30.340637 0.612833 0.612833 0.612833
3290 30.340637 30.340637 30.340637 0.612833 0.612833 0.612833
3300 30.340637 30.340637 30.340637 0.612833 0.612833 0.612833
3310 30.340637 30.340637 30.340637 0.612833 0.612833 0.612833
3320 30.340637 30.340637 30.340637 0.612833 0.612833 0.612833
3330 30.340637 30.340637 30.340637 0.612833 0.612833 0.612833
3340 30.340637 30.340637 30.340637 0.612833 0.612833 0.612833
3350 30.340637 30.340637 30.340637 0.612833 0.612833 0.612833
3360 30.340637 30.340637 30.340637 0.612833 0.612833 0.612833
3370 30.340637 30.340637 30.340637 0.612833 0.612833 0.612833
3380 30.340637 30.340637 30.340637 0.612833 0.612833 0.612833
3390 30.340637 30.340637 30.340637 0.612833 0.612833 0.612833
3400 30.340637 30.340637 30.340637 0.612833 0.612833 0.612833
3410 30.340637 30.340637 30.340637 0.612833 0.612833 0.612833
3420 30.340637 30.340637 30.340637 0.612833 0.612833 0.612833
3430 30.340637 30.340637 30.340637 0.612833 0.612833 0.612833
3440 30.340637 30.340637 30.340637 0.612833 0.612833 0.612833
3450 30.340637 30.340637 30.340637 0.612833 0.612833 0.612833
3460 30.340637 30.340637 30.340637 0.612833 0.612833 0.612833
3470 30.340637 30.340637 30.340637 0.612833 0.612833 0.612833
3480 30.340637 30.340637 30.340637 0.612833 0.612833 0.612833
3490 30.340637 30.340637 30.340637 0.612833 0.612833 0.612833
3500 30.340637 30.340637 30.340637 0.612833 0.612833 0.612833
3510 30.340637 30.340637 30.340637 0.612833 0.612833 0.612833
3520 30.340637 30.340637 30.340637 0.612833 0.612833 0.612833
3530 30.340637 30.340637 30.340637 0.612833 0.612833 0.612833
3540 30.340637 30.340637 30.340637 0.612833 0.612833 0.612833
3550 30.340637 30.340637 30.340637 0.612833 0.612833 0.612833
3560 30.340637 30.340637 30.340637 0.612833 0.612833 0.612833
3570 30.340637 30.340637 30.340637 0.612833 0.612833 0.612833
3580 30.340637 30.340637 30.340637 0.612833 0.612833 0.612833
3590 30.340637 30.340637 30.340637 0.612833 0.612833 0.612833
3600 30.340637 30.340637 30.340637 0.612833 0.612833 0.612833
3610 30.340637 30.340637 30.340637 0.612833 0.612833 0.612833
3620 30.340637 30.340637 30.340637 0.612833 0.612833 0.612833
3630 30.340637 30.340637 30.340637 0.612833 0.612833 0.612833
3640 30.340637 30.340637 30.340637 0.612833 0.612833 0.612833
3650 30.340637 30.340637 30.340637 0.612833 0.612833 0.612833
3660 30.340637 30.340637 30.340637 0.612833 0.612833 0.612833
3670 30.340637 30.340637 30.340637 0.612833 0.612833 0.612833
3680 30.340637 30.340637 30.340637 0.612833 0.612833 0.612833
3690 30.340637 30.340637 30.340637 0.612833 0.612833 0.612833
3700 30.340637 30.340637 30.340637 0.612833 0.612833 0.612833
3710 30.340637 30.340637 30.340637 0.612833 0.612833 0.612833
3720 30.340637 30.340637 30.340637 0.612833 0.612833 0.612833
3730 30.340637 30.340637 30.340637 0.612833 0.612833 0.612833
3740 30.340637 30.340637 30.340637 0.612833 0.612833 0.612833
3750 30.340637 30.340637 30.340637 0.612833 0.612833 0.612833
3760 30.340637 30.340637 30.340637 0.612833 0.612833 0.612833
3770 30.340637 30.340637 30.340637 0.612833 0.612833 0.612833
3780 30.340637 30.340637 30.340637 0.612833 0.612833 0.612833
3790 30.340637 30.340637 30.340637 0.612833 0.612833 0.612833
3800 30.340637 30.340637 30.340637 0.612833 0.612833 0.612833
3810 30.340637 30.340637 30.340637 0.612833 0.612833 0.612833
3820 30.340637 30.340637 30.340637 0.612833 0.612833 0.612833
3830 30.340637 30.340637 30.340637 0.612833 0.612833 0.612833
3840 30.340637 30.340637 30.340637 0.612833 0.612833 0.612833
3850 30.340637 30.340637 30.340637 0.612833 0.612833 0.612833
3860 30.340637 30.340637 30.340637 0.612833 0.612833 0.612833
3870 30.340637 30.340637 30.340637 0.612833 0.612833 0.612833
3880 30.340637 30.340637 30.340637 0.612833 0.612833 0.612833
3890 30.340637 30.340637 30.340637 0.612833 0.612833 0.612833
3900 30.340637 30.340637 30.340637 0.612833 0.612833 0.612833
3910 30.340637 30.340637 30.340637 0.612833 0.612833 0.612833
3920 30.340637 30.340637 30.340637 0.612833 0.612833 0.612833
3930 30.340637 30.340637 30.340637 0.612833 0.612833 0.612833
3940 30.340637 30.340637 30.340637 0.612833 0.612833 0.612833
3950 30.340637 30.340637 30.340637 0.612833 0.612833 0.612833
3960 30.340637 30.340637 30.340637 0.612833 0.612833 0.612833
3970 30.340637 30.340637 30.340637 0.612833 0.612833 0.612833
3980 30.340637 30.340637 30.340637 0.612833 0.612833 0.612833
3990 30.340637 30.340637 30.340637 0.612833 0.612833 0.612833
4000 30.340637 30.340637 30.340637 0.612833 0.612833 0.612833
4010 30.340637 30.340637 30.340637 0.612833 0.612833 0.612833
4020 30.340637 30.340637 30.340637 0.612833 0.612833 0.612833
4030 30.340637 30.340637 30.340637 0.612833 0.612833 0.612833
4040 30.340637 30.340637 30.340637 0.612833 0.612833 0.612833
4050 30.340637 30.340637 30.340637 0.612833 0.612833 0.612833
4060 30.340637 30.340637 30.340637 0.612833 0.612833 0.612833
4070 30.340637 30.340637 30.340637 0.612833 0.612833 0.612833
4080 30.340637 30.340637 30.340637 0.612833 0.612833 0.612833
4090 30.340637 30.340637 30.340637 0.612833 0.612833 0.612833
4100 30.340637 30.340637 30.340637 0.612833 0.612833 0.612833
4110 30.340637 30.340637 30.340637 0.612833 0.612833 0.612833
4120 30.340637 30.340637 30.340637 0.612833 0.612833 0.612833
4130 30.340637 30.340637 30.340637 0.612833 0.612833 0.612833
4140 30.340637 30.340637 30.340637 0.612833 0.612833 0.612833
4150 30.340637 30.340637 30.340637 0.612833 0.612833 0.612833
4160 30.340637 30.340637 30.340637 0.612833 0.612833 0.612833
4170 30.340637 30.340637 30.340637 0.612833 0.612833 0.612833
4180 30.340637 30.340637 30.340637 0.612833 0.612833 0.612833
4190 30.340637 30.340637 30.340637 0.612833 0.612833 0.612833
4200 30.340637 30.340637 30.340637 0.612833 0.612833 0.612833
4210 30.340637 30.340637 30.340637 0.612833 0.612833 0.612833
4220 30.340637 30.340637 30.340637 0.612833 0.612833 0.612833
4230 30.340637 30.340637 30.340637 0.612833 0.612833 0.612833
4240 30.340637 30.340637 30.340637 0.612833 0.612833 0.612833
4250 30.340637 30.340637 30.340637 0.612833 0.612833 0.612833
4260 30.340637 30.340637 30.340637 0.612833 0.612833 0.612833
4270 30.340637 30.340637 30.340637 0.612833 0.612833 0.612833
4280 30.340637 30.340637 30.340637 0.612833 0.612833 0.612833
4290 30.340637 30.340637 30.340637 0.612833 0.612833 0.612833
4300 30.340637 30.340637 30.340637 0.612833 0.612833 0.612833
4310 30.340637 30.340637 30.340637 0.612833 0.612833 0.612833
4320 30.340637 30.340637 30.340637 0.612833 0.612833 0.612833
4330 30.340637 30.340637 30.340637 0.612833 0.612833 0.612833
4340 30.340637 30.340637 30.340637 0.612833 0.612833 0.612833
4350 30.340637 30.340637 30.340637 0.612833 0.612833 0.612833
4360 30.340637 30.340637 30.340637 0.612833 0.612833 0.612833
4370 30.340637 30.340637 30.340637 0.612833 0.612833 0.612833
4380 30.340637 30.340637 30.340637 0.612833 0.612833 0.612833
4390 30.340637 30.340637 30.340637 0.612833 0.612833 0.612833
4400 30.340637 30.340637 30.340637 0.612833 0.612833 0.612833
4410 30.340637 30.340637 30.340637 0.612833 0.612833 0.612833
4420 30.340637 30.340637 30.340637 0.612833 0.612833 0.612833
4430 30.340637 30.340637 30.340637 0.612833 0.612833 0.612833
4440 30.340637 30.340637 30.340637 0.612833 0.612833 0.612833
4450 30.340637 30.340637 30.340637 0.612833 0.612833 0.612833
4460 30.340637 30.340637 30.340637 0.612833 0.612833 0.612833
4470 30.340637 30.340637 30.340637 0.612833 0.612833 0.612833
4480 30.340637 30.340637 30.340637 0.612833 0.612833 0.612833
4490 30.340637 30.340637 30.340637 0.612833 0.612833 0.612833
4500 30.340637 30.340637 30.340637 0.612833 0.612833 0.612833
4510 30.340637 30.340637 30.340637 0.612833 0.612833 0.612833
4520 30.340637 30.340637 30.340637 0.612833 0.612833 0.612833
4530 30.340637 30.340637 30.340637 0.612833 0.612833 0.612833
4540 30.340637 30.340637 30.340637 0.612833 0.612833 0.612833
4550 30.340637 30.340637 30.340637 0.612833 0.612833 0.612833
4560 30.340637 30.340637 30.340637 0.612833 0.612833 0.612833
4570 30.340637 30.340637 30.340637 0.612833 0.612833 0.612833
4580 30.340637 30.340637 30.340637 0.612833 0.612833 0.612833
4590 30.340637 30.340637 30.340637 0.612833 0.612833 0.612833
4600 30.340637 30.340637 30.340637 0.612833 0.612833 0.612833
4610 30.340637 30.340637 30.340637 0.612833 0.612833 0.612833
4620 30.340637 30.340637 30.340637 0.612833 0.612833 0.612833
4630 30.340637 30.340637 30.340637 0.612833 0.612833 0.612833
4640 30.340637 30.340637 30.340637 0.612833 0.612833 0.612833
4650 30.340637 30.340637 30.340637 0.612833 0.612833 0.612833
4660 30.340637 30.340637 30.340637 0.612833 0.612833 0.612833
4670 30.340637 30.340637 30.340637 0.612833 0.612833 0.612833
4680 30.340637 30.340637 30.340637 0.612833 0.612833 0.612833
4690 30.340637 30.340637 30.340637 0.612833 0.612833 0.612833
4700 30.340637 30.340637 30.340637 0.612833 0.612833 0.612833
4710 30.340637 30.340637 30.340637 0.612833 0.612833 0.612833
4720 30.340637 30.340637 30.340637 0.612833 0.612833 0.612833
4730 30.340637 30.340637 30.340637 0.612833 0.612833 0.612833
4740 30.340637 30.340637 30.340637 0.612833 0.612833 0.612833
4750 30.340637 30.340637 30.340637 0.612833 0.612833 0.612833
4760 30.340637 30.340637 30.340637 0.612833 0.612833 0.612833
4770 30.340637 30.340637 30.340637 0.612833 0.612833 0.612833
4780 30.340637 30.340637 30.340637 0.612833 0.612833 0.612833
4790 30.340637 30.340637 30.340637 0.612833 0.612833 0.612833
4800 30.340637 30.340637 30.340637 0.612833 0.612833 0.612833
4810 30.340637 30.340637 30.340637 0.612833 0.612833 0.612833
4820 30.340637 30.340637 30.340637 0.612833 0.612833 0.612833
4830 30.340637 30.340637 30.340637 0.612833 0.612833 0.612833
4840 30.340637 30.340637 30.340637 0.612833 0.612833 0.612833
4850 30.340637 30.340637 30.340637 0.612833 0.612833 0.612833
4860 30.340637 30.340637 30.340637 0.612833 0.612833 0.612833
4870 30.340637 30.340637 30.340637 0.612833 0.612833 0.612833
4880 30.340637 30.340637 30.340637 0.612833 0.612833 0.612833
4890 30.340637 30.340637 30.340637 0.612833 0.612833 0.612833
4900 30.340637 30.340637 30.340637 0.612833 0.612833 0.612833
4910 30.340637 30.340637 30.340637 0.612833 0.612833 0.612833
4920 30.340637 30.340637 30.340637 0.612833 0.612833 0.612833
4930 30.340637 30.340637 30.340637 0.612833 0.612833 0.612833
4940 30.340637 30.340637 30.340637 0.612833 0.612833 0.612833
4950 30.340637 30.340637 30.340637 0.612833 0.612833 0.612833
4960 30.340637 30.340637 30.340637 0.612833 0.612833 0.612833
4970 30.340637 30.340637 30.340637 0.612833 0.612833 0.612833
4980 30.340637 30.340637 30.340637 0.612833 0.612833 0.612833
4990 30.340637 30.340637 30.340637 0.612833 0.612833 0.612833
5000 30.340637 30.340637 30.340637 0.612833 0.612833 0.612833
5010 30.340637 30.340637 30.340637 0.612833 0.612833 0.612833
5020 30.340637 30.340637 30.340637 0.612833 0.612833 0.612833
5030 30.340637 30.340637 30.340637 0.612833 0.612833 0.612833
5040 30.340637 30.340637 30.340637 0.612833 0.612833 0.612833
5050 30.340637 30.340637 30.340637 0.612833 0.612833 0.612833
5060 30.340637 30.340637 30.340637 0.612833 0.612833 0.612833
5070 30.340637 30.340637 30.340637 0.612833 0.612833 0.612833
5080 30.340637 30.340637 30.340637 0.612833 0.612833 0.612833
5090 30.340637 30.340637 30.340637 0.612833 0.612833 0.612833
5100 30.340637 30.340637 30.340637 0.612833 0.612833 0.612833
5110 30.340637 30.340637 30.340637 0.612833 0.612833 0.612833
5120 30.340637 30.340637 30.340637 0.612833 0.612833 0.612833
5130 30.340637 30.340637 30.340637 0.612833 0.612833 0.612833
5140 30.340637 30.340637 30.340637 0.612833 0.612833 0.612833
5150 30.340637 30.340637 30.340637 0.612833 0.612833 0.612833
5160 30.340637 30.340637 30.340637 0.612833 0.612833 0.612833
5170 30.340637 30.340637 30.340637 0.612833 0.612833 0.612833
5180 30.340637 30.340637 30.340637 0.612833 0.612833 0.612833
5190 30.340637 30.340637 30.340637 0.612833 0.612833 0.612833
5200 30.340637 30.340637 30.340637 0.612833 0.612833 0.612833
5210 30.340637 30.340637 30.340637 0.612833 0.612833 0.612833
5220 30.340637 30.340637 30.340637 0.612833 0.612833 0.612833
5230 30.340637 30.340637 30.340637 0.612833 0.612833 0.612833
5240 30.340637 30.340637 30.340637 0.612833 0.612833 0.612833
5250 30.340637 30.340637 30.340637 0.612833 0.612833 0.612833
5260 30.340637 30.340637 30.340637 0.612833 0.612833 0.612833
5270 30.340637 30.340637 30.340637 0.612833 0.612833 0.612833
5280 30.340637 30.340637 30.340637 0.612833 0.612833 0.612833
5290 30.340637 30.340637 30.340637 0.612833 0.612833 0.612833
5300 30.340637 30.340637 30.340637 0.612833 0.612833 0.612833
5310 30.340637 30.340637 30.340637 0.612833 0.612833 0.612833
5320 30.340637 30.340637 30.340637 0.612833 0.612833 0.612833
5330 30.340637 30.340637 30.340637 0.612833 0.612833 0.612833
5340 30.340637 30.340637 30.340637 0.612833 0.612833 0.612833
5350 30.340637 30.340637 30.340637 0.612833 0.612833 0.612833
5360 30.340637 30.340637 30.340637 0.612833 0.612833 0.612833
5370 30.340637 30.340637 30.340637 0.612833 0.612833 0.612833
5380 30.340637 30.340637 30.340637 0.612833 0.612833 0.612833
5390 30.340637 30.340637 30.340637 0.612833 0.612833 0.612833
5400 30.340637 30.340637 30.340637 0.612833 0.612833 0.612833
5410 30.340637 30.340637 30.340637 0.612833 0.612833 0.612833
5420 30.340637 30.340637 30.340637 0.612833 0.612833 0.612833
5430 30.340637 30.340637 30.340637 0.612833 0.612833 0.612833
5440 30.340637 30.340637 30.340637 0.612833 0.612833 0.612833
5450 30.340637 30.340637 30.340637 0.612833 0.612833 0.612833
5460 30.340637 30.340637 30.340637 0.612833 0.612833 0.612833
5470 30.340637 30.340637 30.340637 0.612833 0.612833 0.612833
5480 30.340637 30.340637 30.340637 0.612833 0.612833 0.612833
5490 30.340637 30.340637 30.340637 0.612833 0.612833 0.612833
5500 30.340637 30.340637 30.340637 0.612833 0.612833 0.612833
5510 30.340637 30.340637 30.340637 0.612833 0.612833 0.612833
5520 30.340637 30.340637 30.340637 0.612833 0.612833 0.612833
5530 30.340637 30.340637 30.340637 0.612833 0.612833 0.612833
5540 30.340637 30.340637 30.340637 0.612833 0.612833 0.612833
5550 30.340637 30.340637 30.340637 0.612833 0.612833 0.612833
5560 30.340637 30.340637 30.340637 0.612833 0.612833 0.612833
5570 30.340637 30.340637 30.340637 0.612833 0.612833 0.612833
5580 30.340637 30.340637 30.340637 0.612833 0.612833 0.612833
5590 30.340637 30.340637 30.340637 0.612833 0.612833 0.612833
5600 30.340637 30.340637 30.340637 0.612833 0.612833 0.612833
5610 30.340637 30.340637 30.340637 0.612833 0.612833 0.612833
5620 30.340637 30.340637 30.340637 0.612833 0.612833 0.612833
5630 30.340637 30.340637 30.340637 0.612833 0.612833 0.612833
5640 30.340637 30.340637 30.340637 0.612833 0.612833 0.612833
5650 30.340637 30.340637 30.340637 0.612833 0.612833 0.612833
5660 30.340637 30.340637 30.340637 0.612833 0.612833 0.612833
5670 30.340637 30.340637 30.340637 0.612833 0.612833 0.612833
5680 30.340637 30.340637 30.340637 0.612833 0.612833 0.612833
5690 30.340637 30.340637 30.340637 0.612833 0.612833 0.612833
5700 30.340637 30.340637 30.340637 0.612833 0.612833 0.612833
5710 30.340637 30.340637 30.340637 0.612833 0.612833 0.612833
5720 30.340637 30.340637 30.340637 0.612833 0.612833 0.612833
5730 30.340637 30.340637 30.340637 0.612833 0.612833 0.612833
5740 30.340637 30.340637 30.340637 0.612833 0.612833 0.612833
5750 30.340637 30.340637 30.340637 0.612833 0.612833 0.612833
5760 30.340637 30.340637 30.340637 0.612833 0.612833 0.612833
5770 30.340637 30.340637 30.340637 0.612833 0.612833 0.612833
5780 30.340637 30.340637 30.340637 0.612833 0.612833 0.612833
5790 30.340637 30.340637 30.340637 0.612833 0.612833 0.612833
5800 30.340637 30.340637 30.340637 0.612833 0.612833 0.612833
5810 30.340637 30.340637 30.340637 0.612833 0.612833 0.612833
5820 30.340637 30.340637 30.340637 0.612833 0.612833 0.612833
5830 30.340637 30.340637 30.340637 0.612833 0.612833 0.612833
5840 30.340637 30.340637 30.340637 0.612833 0.612833 0.612833
5850 30.340637 30.340637 30.340637 0.612833 0.612833 0.612833
5860 30.340637 30.340637 30.340637 0.612833 0.612833 0.612833
5870 30.340637 30.340637 30.340637 0.612833 0.612833 0.612833
5880 30.340637 30.340637 30.340637 0.612833 0.612833 0.612833
5890 30.340637 30.340637 30.340637 0.612833 0.612833 0.612833
5900 30.340637 30.340637 30.340637 0.612833 0.612833 0.612833
5910 30.340637 30.340637 30.340637 0.612833 0.612833 0.612833
5920 30.340637 30.340637 30.340637 0.612833 0.612833 0.612833
5930 30.340637 30.340637 30.340637 0.612833 0.612833 0.612833
5940 30.340637 30.340637 30.340637 0.612833 0.612833 0.612833
5950 30.340637 30.340637 30.340637 0.612833 0.612833 0.612833
5960 30.340637 30.340637 30.340637 0.612833 0.612833 0.612833
5970 30.340637 30.340637 30.340637 0.612833 0.612833 0.612833
5980 30.340637 30.340637 30.340637 0.612833 0.612833 0.612833
5990 30.340637 30.340637 30.340637 0.612833 0.612833 0.612833
6000 30.340637 30.340637 30.340637 0.612833 0.612833 0.612833
6010 30.340637 30.340637 30.340637 0.612833 0.612833 0.612833
6020 30.340637 30.340637 30.340637 0.612833 0.612833 0.612833
6030 30.340637 30.340637 30.340637 0.612833 0.612833 0.612833
6040 30.340637 30.340637 30.340637 0.612833 0.612833 0.612833
6050 30.340637 30.340637 30.340637 0.612833 0.612833 0.612833
6060 30.340637 30.340637 30.340637 0.612833 0.612833 0.612833
6070 30.340637 30.340637 30.340637 0.612833 0.612833 0.612833
6080 30.340637 30.340637 30.340637 0.612833 0.612833 0.612833
6090 30.340637 30.340637 30.340637 0.612833 0.612833 0.612833
6100 30.340637 30.340637 30.340637 0.612833 0.612833 0.612833
6110 30.340637 30.340637 30.340637 0.612833 0.612833 0.612833
6120 30.340637 30.340637 30.340637 0.612833 0.612833 0.612833
6130 30.340637 30.340637 30.340637 0.612833 0.612833 0.612833
6140 30.340637 30.340637 30.340637 0.612833 0.612833 0.612833
6150 30.340637 30.340637 30.340637 0.612833 0.612833 0.612833
6160 30.340637 30.340637 30.340637 0.612833 0.612833 0.612833
6170 30.340637 30.340637 30.340637 0.612833 0.612833 0.612833
6180 30.340637 30.340637 30.340637 0.612833 0.612833 0.612833
6190 30.340637 30.340637 30.340637 0.612833 0.612833 0.612833
6200 30.340637 30.340637 30.340637 0.612833 0.612833 0.612833
6210 30.340637 30.340637 30.340637 0.612833 0.612833 0.612833
6220 30.340637 30.340637 30.340637 0.612833 0.612833 0.612833
6230 30.340637 30.340637 30.340637 0.612833 0.612833 0.612833
6240 30.340637 30.340637 30.340637 0.612833 0.612833 0.612833
6250 30.340637 30.340637 30.340637 0.612833 0.612833 0.612833
6260 30.340637 30.340637 30.340637 0.612833 0.612833 0.612833
6270 30.340637 30.340637 30.340637 0.612833 0.612833 0.612833
6280 30.340637 30.340637 30.340637 0.612833 0.612833 0.612833
6290 30.340637 30.340637 30.340637 0.612833 0.612833 0.612833
6300 30.340637 30.340637 30.340637 0.612833 0.612833 0.612833
6310 30.340637 30.340637 30.340637 0.612833 0.612833 0.612833
6320 30.340637 30.340637 30.340637 0.612833 0.612833 0.612833
6330 30.340637 30.340637 30.340637 0.612833 0.612833 0.612833
6340 30.340637 30.340637 30.340637 0.612833 0.612833 0.612833
6350 30.340637 30.340637 30.340637 0.612833 0.612833 0.612833
6360 30.340637 30.340637 30.340637 0.612833 0.612833 0.612833
6370 30.340637 30.340637 30.340637 0.612833 0.612833 0.612833
6380 30.340637 30.340637 30.340637 0.612833 0.612833 0.612833
6390 30.340637 30.340637 30.340637 0.612833 0.612833 0.612833
6400 30.340637 30.340637 30.340637 0.612833 0.612833 0.612833
6410 30.340637 30.340637 30.340637 0.612833 0.612833 0.612833
6420 30.340637 30.340637 30.340637 0.612833 0.612833 0.612833
6430 30.340637 30.340637 30.340637 0.612833 0.612833 0.612833
6440 30.340637 30.340637 30.340637 0.612833 0.612833 0.612833
6450 30.340637 30.340637 30.340637 0.612833 0.612833 0.612833
6460 30.340637 30.340637 30.340637 0.612833 0.612833 0.612833
6470 30.340637 30.340637 30.340637 0.612833 0.612833 0.612833
6480 30.340637 30.340637 30.340637 0.612833 0.612833 0.612833
6490 30.340637 30.340637 30.340637 0.612833 0.612833 0.612833
6500 30.340637 30.340637 30.340637 0.612833 0.612833 0.612833
6510 30.340637 30.340637 30.340637 0.612833 0.612833 0.612833
6520 30.340637 30.340637 30.340637 0.612833 0.612833 0.612833
6530 30.340637 30.340637 30.340637 0.612833 0.612833 0.612833
6540 30.340637 30.340637 30.340637 0.612833 0.612833 0.612833
6550 30.340637 30.340637 30.340637 0.612833 0.612833 0.612833
6560 30.340637 30.340637 30.340637 0.612833 0.612833 0.612833
6570 30.340637 30.340637 30.340637 0.612833 0.612833 0.612833
6580 30.340637 30.340637 30.340637 0.612833 0.612833 0.612833
6590 30.340637 30.340637 30.340637 0.612833 0.612833 0.612833
6600 30.340637 30.340637 30.340637 0.612833 0.612833 0.612833
6610 30.340637 30.340637 30.340637 0.612833 0.612833 0.612833
6620 30.340637 30.340637 30.340637 0.612833 0.612833 0.612833
6630 30.340637 30.340637 30.340637 0.612833 0.612833 0.612833
6640 30.340637 30.340637 30.340637 0.612833 0.612833 0.612833
6650 30.340637 30.340637 30.340637 0.612833 0.612833 0.612833
6660 30.340637 30.340637 30.340637 0.612833 0.612833 0.612833
6670 30.340637 30.340637 30.340637 0.612833 0.612833 0.612833
6680 30.340637 30.340637 30.340637 0.612833 0.612833 0.612833
6690 30.340637 30.340637 30.340637 0.612833 0.612833 0.612833
6700 30.340637 30.340637 30.340637 0.612833 0.612833 0.612833
6710 30.340637 30.340637 30.340637 0.612833 0.612833 0.612833
6720 30.340637 30.340637 30.340637 0.612833 0.612833 0.612833
6730 30.340637 30.340637 30.340637 0.612833 0.612833 0.612833
6740 30.340637 30.340637 30.340637 0.612833 0.612833 0.612833
6750 30.340637 30.340637 30.340637 0.612833 0.612833 0.612833
6760 30.340637 30.340637 30.340637 0.612833 0.612833 0.612833
6770 30.340637 30.340637 30.340637 0.612833 0.612833 0.612833
6780 30.340637 30.340637 30.340637 0.612833 0.612833 0.612833
6790 30.340637 30.340637 30.340637 0.612833 0.612833 0.612833
6800 30.340637 30.340637 30.340637 0.612833 0.612833 0.612833
6810 30.340637 30.340637 30.340637 0.612833 0.612833 0.612833
6820 30.340637 30.340637 30.340637 0.612833 0.612833 0.612833
6830 30.340637 30.340637 30.340637 0.612833 0.612833 0.612833
6840 30.340637 30.340637 30.340637 0.612833 0.612833 0.612833
6850 30.340637 30.340637 30.340637 0.612833 0.612833 0.612833
6860 30.340637 30.340637 30.340637 0.612833 0.612833 0.612833
6870 30.340637 30.340637 30.340637 0.612833 0.612833 0.612833
6880 30.340637 30.340637 30.340637 0.612833 0.612833 0.612833
6890 30.340637 30.340637 30.340637 0.612833 0.612833 0.612833
6900 30.340637 30.340637 30.340637 0.612833 0.612833 0.612833
6910 30.340637 30.340637 30.340637 0.612833 0.612833 0.612833
6920 30.340637 30.340637 30.340637 0.612833 0.612833 0.612833
6930 30.340637 30.340637 30.340637 0.612833 0.612833 0.612833
6940 30.340637 30.340637 30.340637 0.612833 0.612833 0.612833
6950 30.340637 30.340637 30.340637 0.612833 0.612833 0.612833
6960 30.340637 30.340637 30.340637 0.612833 0.612833 0.612833
6970 30.340637 30.340637 30.340637 0.612833 0.612833 0.612833
6980 30.340637 30.340637 30.340637 0.612833 0.612833 0.612833
6990 30.340637 30.340637 30.340637 0.612833 0.612833 0.612833
7000 30.340637 30.340637 30.340637 0.612833 0.612833 0.612833
7010 30.340637 30.340637 30.340637 0.612833 0.612833 0.612833
7020 30.340637 30.340637 30.340637 0.612833 0.612833 0.612833
7030 30.340637 30.340637 30.340637 0.612833 0.612833 0.612833
7040 30.340637 30.340637 30.340637 0.612833 0.612833 0.612833
7050 30.340637 30.340637 30.340637 0.612833 0.612833 0.612833
7060 30.340637 30.340637 30.340637 0.612833 0.612833 0.612833
7070 30.340637 30.340637 30.340637 0.612833 0.612833 0.612833
7080 30.340637 30.340637 30.340637 0.612833 0.612833 0.612833
7090 30.340637 30.340637 30.340637 0.612833 0.612833 0.612833
7100 30.340637 30.340637 30.340637 0.612833 0.612833 0.612833
7110 30.340637 30.340637 30.340637 0.612833 0.612833 0.612833
7120 30.340637 30.340637 30.340637 0.612833 0.612833 0.612833
7130 30.340637 30.340637 30.340637 0.612833 0.612833 0.612833
7140 30.340637 30.340637 30.340637 0.612833 0.612833 0.612833
7150 30.340637 30.340637 30.340637 0.612833 0.612833 0.612833
7160 30.340637 30.340637 30.340637 0.612833 0.612833 0.612833
7170 30.340637 30.340637 30.340637 0.612833 0.612833 0.612833
7180 30.340637 30.340637 30.340637 0.612833 0.612833 0.612833
7190 30.340637 30.340637 30.340637 0.612833 0.612833 0.612833
7200 30.340637 30.340637 30.340637 0.612833 0.612833 0.612833
7210 30.340637 30.340637 30.340637 0.612833 0.612833 0.612833
7220 30.340637 30.340637 30.340637 0.612833 0.612833 0.612833
7230 30.340637 30.340637 30.340637 0.612833 0.612833 0.612833
7240 30.340637 30.340637 30.340637 0.612833 0.612833 0.612833
7250 30.340637 30.340637 30.340637 0.612833 0.612833 0.612833
7260 30.340637 30.340637 30.340637 0.612833 0.612833 0.612833
7270 30.340637 30.340637 30.340637 0.612833 0.612833 0.612833
7280 30.340637 30.340637 30.340637 0.612833 0.612833 0.612833
7290 30.340637 30.340637 30.340637 0.612833 0.612833 0.612833
7300 30.340637 30.340637 30.340637 0.612833 0.612833 0.612833
7310 30.340637 30.340637 30.340637 0.612833 0.612833 0.612833
7320 30.340637 30.340637 30.340637 0.612833 0.612833 0.612833
7330 30.340637 30.340637 30.340637 0.612833 0.612833 0.612833
7340 30.340637 30.340637 30.340637 0.612833 0.612833 0.612833
7350 30.340637 30.340637 30.340637 0.612833 0.612833 0.612833
7360 30.340637 30.340637 30.340637 0.612833 0.612833 0.612833
7370 30.340637 30.340637 30.340637 0.612833 0.612833 0.612833
7380 30.340637 30.340637 30.340637 0.612833 0.612833 0.612833
7390 30.340637 30.340637 30.340637 0.612833 0.612833 0.612833
7400 30.340637 30.340637 30.340637 0.612833 0.612833 0.612833
7410 30.340637 30.340637 30.340637 0.612833 0.612833 0.612833
7420 30.340637 30.340637 30.340637 0.612833 0.612833 0.612833
7430 30.340637 30.340637 30.340637 0.612833 0.612833 0.612833
7440 30.340637 30.340637 30.340637 0.612833 0.612833 0.612833
7450 30.340637 30.340637 30.340637 0.612833 0.612833 0.612833
7460 30.340637 30.340637 30.340637 0.612833 0.612833 0.612833
7470 30.340637 30.340637 30.340637 0.612833 0.612833 0.612833
7480 30.340637 30.340637 30.340637 0.612833 0.612833 0.612833
7490 30.340637 30.340637 30.340637 0.612833 0.612833 0.612833
7500 30.340637 30.340637 30.340637 0.612833 0.612833 0.612833
7510 30.340637 30.340637 30.340637 0.612833 0.612833 0.612833
7520 30.340637 30.340637 30.340637 0.612833 0.612833 0.612833
7530 30.340637 30.340637 30.340637 0.612833 0.612833 0.612833
7540 30.340637 30.340637 30.340637 0.612833 0.612833 0.612833
7550 30.340637 30.340637 30.340637 0.612833 0.612833 0.612833
7560 30.340637 30.340637 30.340637 0.612833 0.612833 0.612833
7570 30.340637 30.340637 30.340637 0.612833 0.612833 0.612833
7580 30.340637 30.340637 30.340637 0.612833 0.612833 0.612833
7590 30.340637 30.340637 30.340637 0.612833 0.612833 0.612833
7600 30.340637 30.340637 30.340637 0.612833 0.612833 0.612833
7610 30.340637 30.340637 30.340637 0.612833 0.612833 0.612833
7620 30.340637 30.340637 30.340637 0.612833 0.612833 0.612833
7630 30.340637 30.340637 30.340637 0.612833 0.612833 0.612833
7640 30.340637 30.340637 30.340637 0.612833 0.612833 0.612833
7650 30.340637 30.340637 30.340637 0.612833 0.612833 0.612833
7660 30.340637 30.340637 30.340637 0.612833 0.612833 0.612833
7670 30.340637 30.340637 30.340637 0.612833 0.612833 0.612833
7680 30.340637 30.340637 30.340637 0.612833 0.612833 0.612833
7690 30.340637 30.340637 30.340637 0.612833 0.612833 0.612833
7700 30.340637 30.340637 30.340637 0.612833 0.612833 0.612833
7710 30.340637 30.340637 30.340637 0.612833 0.612833 0.612833
7720 30.340637 30.340637 30.340637 0.612833 0.612833 0.612833
7730 30.340637 30.340637 30.340637 0.612833 0.612833 0.612833
7740 30.340637 30.340637 30.340637 0.612833 0.612833 0.612833
7750 30.340637 30.340637 30.340637 0.612833 0.612833 0.612833
7760 30.340637 30.340637 30.340637 0.612833 0.612833 0.612833
7770 30.340637 30.340637 30.340637 0.612833 0.612833 0.612833
7780 30.340637 30.340637 30.340637 0.612833 0.612833 0.612833
7790 30.340637 30.340637 30.340637 0.612833 0.612833 0.612833
7800 30.340637 30.340637 30.340637 0.612833 0.612833 0.612833
7810 30.340637 30.340637 30.340637 0.612833 0.612833 0.612833
7820 30.340637 30.340637 30.340637 0.612833 0.612833 0.612833
7830 30.340637 30.340637 30.340637 0.612833 0.612833 0.612833
7840 30.340637 30.340637 30.340637 0.612833 0.612833 0.612833
7850 30.340637 30.340637 30.340637 0.612833 0.612833 0.612833
7860 30.340637 30.340637 30.340637 0.612833 0.612833 0.612833
7870 30.340637 30.340637 30.340637 0.612833 0.612833 0.612833
7880 30.340637 30.340637 30.340637 0.612833 0.612833 0.612833
7890 30.340637 30.340637 30.340637 0.612833 0.612833 0.612833
7900 30.340637 30.340637 30.340637 0.612833 0.612833 0.612833
7910 30.340637 30.340637 30.340637 0.612833 0.612833 0.612833
7920 30.340637 30.340637 30.340637 0.612833 0.612833 0.612833
7930 30.340637 30.340637 30.340637 0.612833 0.612833 0.612833
7940 30.340637 30.340637 30.340637 0.612833 0.612833 0.612833
7950 30.340637 30.340637 30.340637 0.612833 0.612833 0.612833
7960 30.340637 30.340637 30.340637 0.612833 0.612833 0.612833
7970 30.340637 30.340637 30.340637 0.612833 0.612833 0.612833
7980 30.340637 30.340637 30.340637 0.612833 0.612833 0.612833
7990 30.340637 30.340637 30.340637 0.612833 0.612833 0.612833
8000 30.340637 30.340637 30.340637 0.612833 0.612833 0.612833
8010 30.340637 30.340637 30.340637 0.612833 0.612833 0.612833
8020 30.340637 30.340637 30.340637 0.612833 0.612833 0.612833
8030 30.340637 30.340637 30.340637 0.612833 0.612833 0.612833
8040 30.340637 30.340637 30.340637 0.612833 0.612833 0.612833
8050 30.340637 30.340637 30.340637 0.612833 0.612833 0.612833
8060 30.340637 30.340637 30.340637 0.612833 0.612833 0.612833
8070 30.340637 30.340637 30.340637 0.612833 0.612833 0.612833
8080 30.340637 30.340637 30.340637 0.612833 0.612833 0.612833
8090 30.340637 30.340637 30.340637 0.612833 0.612833 0.612833
8100 30.340637 30.340637 30.340637 0.612833 0.612833 0.612833
8110 30.340637 30.340637 30.340637 0.612833 0.612833 0.612833
8120 30.340637 30.340637 30.340637 0.612833 0.612833 0.612833
8130 30.340637 30.340637 30.340637 0.612833 0.612833 0.612833
8140 30.340637 30.340637 30.340637 0.612833 0.612833 0.612833
8150 30.340637 30.340637 30.340637 0.612833 0.612833 0.612833
8160 30.340637 30.340637 30.340637 0.612833 0.612833 0.612833
8170 30.340637 30.340637 30.340637 0.612833 0.612833 0.612833
8180 30.340637 30.340637 30.340637 0.612833 0.612833 0.612833
8190 30.340637 30.340637 30.340637 0.612833 0.612833 0.612833
8200 30.340637 30.340637 30.340637 0.612833 0.612833 0.612833
8210 30.340637 30.340637 30.340637 0.612833 0.612833 0.612833
8220 30.340637 30.340637 30.340637 0.612833 0.612833 0.612833
8230 30.340637 30.340637 30.340637 0.612833 0.612833 0.612833
8240 30.340637 30.340637 30.340637 0.612833 0.612833 0.612833
8250 30.340637 30.340637 30.340637 0.612833 0.612833 0.612833
8260 30.340637 30.340637 30.340637 0.612833 0.612833 0.612833
8270 30.340637 30.340637 30.340637 0.612833 0.612833 0.612833
8280 30.340637 30.340637 30.340637 0.612833 0.612833 0.612833
8290 30.340637 30.340637 30.340637 0.612833 0.612833 0.612833
8300 30.340637 30.340637 30.340637 0.612833 0.612833 0.612833
8310 30.340637 30.340637 30.340637 0.612833 0.612833 0.612833
8320 30.340637 30.340637 30.340637 0.612833 0.612833 0.612833
8330 30.340637 30.340637 30.340637 0.612833 0.612833 0.612833
8340 30.340637 30.340637 30.340637 0.612833 0.612833 0.612833
8350 30.340637 30.340637 30.340637 0.612833 0.612833 0.612833
8360 30.340637 30.340637 30.340637 0.612833 0.612833 0.612833
8370 30.340637 30.340637 30.340637 0.612833 0.612833 0.612833
8380 30.340637 30.340637 30.340637 0.612833 0.612833 0.612833
8390 30.340637 30.340637 30.340637 0.612833 0.612833 0.612833
8400 30.340637 30.340637 30.340637 0.612833 0.612833 0.612833
8410 30.340637 30.340637 30.340637 0.612833 0.612833 0.612833
8420 30.340637 30.340637 30.340637 0.612833 0.612833 0.612833
8430 30.340637 30.340637 30.340637 0.612833 0.612833 0.612833
8440 30.340637 30.340637 30.340637 0.612833 0.612833 0.612833
8450 30.340637 30.340637 30.340637 0.612833 0.612833 0.612833
8460 30.340637 30.340637 30.340637 0.612833 0.612833 0.612833
8470 30.340637 30.340637 30.340637 0.612833 0.612833 0.612833
8480 30.340637 30.340637 30.340637 0.612833 0.612833 0.612833
8490 30.340637 30.340637 30.340637 0.612833 0.612833 0.612833
8500 30.340637 30.340637 30.340637 0.612833 0.612833 0.612833
8510 30.340637 30.340637 30.340637 0.612833 0.612833 0.612833
8520 30.340637 30.340637 30.340637 0.612833 0.612833 0.612833
8530 30.340637 30.340637 30.340637 0.612833 0.612833 0.612833
8540 30.340637 30.340637 30.340637 0.612833 0.612833 0.612833
8550 30.340637 30.340637 30.340637 0.612833 0.612833 0.612833
8560 30.340637 30.340637 30.340637 0.612833 0.612833 0.612833
8570 30.340637 30.340637 30.340637 0.612833 0.612833 0.612833
8580 30.340637 30.340637 30.340637 0.612833 0.612833 0.612833
8590 30.340637 30.340637 30.340637 0.612833 0.612833 0.612833
8600 30.340637 30.340637 30.340637 0.612833 0.612833 0.612833
8610 30.340637 30.340637 30.340637 0.612833 0.612833 0.612833
8620 30.340637 30.340637 30.340637 0.612833 0.612833 0.612833
8630 30.340637 30.340637 30.340637 0.612833 0.612833 0.612833
8640 30.340637 30.340637 30.340637 0.612833 0.612833 0.612833
8650 30.340637 30.340637 30.340637 0.612833 0.612833 0.612833
8660 30.340637 30.340637 30.340637 0.612833 0.612833 0.612833
8670 30.340637 30.340637 30.340637 0.612833 0.612833 0.612833
8680 30.340637 30.340637 30.340637 0.612833 0.612833 0.612833
8690 30.340637 30.340637 30.340637 0.612833 0.612833 0.612833
8700 30.340637 30.340637 30.340637 0.612833 0.612833 0.612833
8710 30.340637 30.340637 30.340637 0.612833 0.612833 0.612833
8720 30.340637 30.340637 30.340637 0.612833 0.612833 0.612833
8730 30.340637 30.340637 30.340637 0.612833 0.612833 0.612833
8740 30.340637 30.340637 30.340637 0.612833 0.612833 0.612833
8750 30.340637 30.340637 30.340637 0.612833 0.612833 0.612833
8760 30.340637 30.340637 30.340637 0.612833 0.612833 0.612833
8770 30.340637 30.340637 30.340637 0.612833 0.612833 0.612833
8780 30.340637 30.340637 30.340637 0.612833 0.612833 0.612833
8790 30.340637 30.340637 30.340637 0.612833 0.612833 0.612833
8800 30.340637 30.340637 30.340637 0.612833 0.612833 0.612833
8810 30.340637 30.340637 30.340637 0.612833 0.612833 0.612833
8820 30.340637 30.340637 30.340637 0.612833 0.612833 0.612833
8830 30.340637 30.340637 30.340637 0.612833 0.612833 0.612833
8840 30.340637 30.340637 30.340637 0.612833 0.612833 0.612833
8850 30.340637 30.340637 30.340637 0.612833 0.612833 0.612833
8860 30.340637 30.340637 30.340637 0.612833 0.612833 0.612833
8870 30.340637 30.340637 30.340637 0.612833 0.612833 0.612833
8880 30.340637 30.340637 30.340637 0.612833 0.612833 0.612833
8890 30.340637 30.340637 30.340637 0.612833 0.612833 0.612833
8900 30.340637 30.340637 30.340637 0.612833 0.612833 0.612833
8910 30.340637 30.340637 30.340637 0.612833 0.612833 0.612833
8920 30.340637 30.340637 30.340637 0.612833 0.612833 0.612833
8930 30.340637 30.340637 30.340637 0.612833 0.612833 0.612833
8940 30.340637 30.340637 30.340637 0.612833 0.612833 0.612833
8950 30.340637 30.340637 30.340637 0.612833 0.612833 0.612833
8960 30.340637 30.340637 30.340637 0.612833 0.612833 0.612833
8970 30.340637 30.340637 30.340637 0.612833 0.612833 0.612833
8980 30.340637 30.340637 30.340637 0.612833 0.612833 0.612833
8990 30.340637 30.340637 30.340637 0.612833 0.612833 0.612833
9000 30.340637 30.340637 30.340637 0.612833 0.612833 0.612833
9010 30.340637 30.340637 30.340637 0.612833 0.612833 0.612833
9020 30.340637 30.340637 30.340637 0.612833 0.612833 0.612833
9030 30.340637 30.340637 30.340637 0.612833 0.612833 0.612833
9040 30.340637 30.340637 30.340637 0.612833 0.612833 0.612833
9050 30.340637 30.340637 30.340637 0.612833 0.612833 0.612833
9060 30.340637 30.340637 30.340637 0.612833 0.612833 0.612833
9070 30.340637 30.340637 30.340637 0.612833 0.612833 0.612833
9080 30.340637 30.340637 30.340637 0.612833 0.612833 0.612833
9090 30.340637 30.340637 30.340637 0.612833 0.612833 0.612833
9100 30.340637 30.340637 30.340637 0.612833 0.612833 0.612833
9110 30.340637 30.340637 30.340637 0.612833 0.612833 0.612833
9120 30.340637 30.340637 30.340637 0.612833 0.612833 0.612833
9130 30.340637 30.340637 30.340637 0.612833 0.612833 0.612833
9140 30.340637 30.340637 30.340637 0.612833 0.612833 0.612833
9150 30.340637 30.340637 30.340637 0.612833 0.612833 0.612833
9160 30.340637 30.340637 30.340637 0.612833 0.612833 0.612833
9170 30.340637 30.340637 30.340637 0.612833 0.612833 0.612833
9180 30.340637 30.340637 30.340637 0.612833 0.612833 0.612833
9190 30.340637 30.340637 30.340637 0.612833 0.612833 0.612833
9200 30.340637 30.340637 30.340637 0.612833 0.612833 0.612833
9210 30.340637 30.340637 30.340637 0.612833 0.612833 0.612833
9220 30.340637 30.340637 30.340637 0.612833 0.612833 0.612833
9230 30.340637 30.340637 30.340637 0.612833 0.612833 0.612833
9240 30.340637 30.340637 30.340637 0.612833 0.612833 0.612833
9250 30.340637 30.340637 30.340637 0.612833 0.612833 0.612833
9260 30.340637 30.340637 30.340637 0.612833 0.612833 0.612833
9270 30.340637 30.340637 30.340637 0.612833 0.612833 0.612833
9280 30.340637 30.340637 30.340637 0.612833 0.612833 0.612833
9290 30.340637 30.340637 30.340637 0.612833 0.612833 0.612833
9300 30.340637 30.340637 30.340637 0.612833 0.612833 0.612833
9310 30.340637 30.340637 30.340637 0.612833 0.612833 0.612833
9320 30.340637 30.340637 30.340637 0.612833 0.612833 0.612833
9330 30.340637 30.340637 30.340637 0.612833 0.612833 0.612833
9340 30.340637 30.340637 30.340637 0.612833 0.612833 0.612833
9350 30.340637 30.340637 30.340637 0.612833 0.612833 0.612833
9360 30.340637 30.340637 30.340637 0.612833 0.612833 0.612833
9370 30.340637 30.340637 30.340637 0.612833 0.612833 0.612833
9380 30.340637 30.340637 30.340637 0.612833 0.612833 0.612833
9390 30.340637 30.340637 30.340637 0.612833 0.612833 0.612833
9400 30.340637 30.340637 30.340637 0.612833 0.612833 0.612833
9410 30.340637 30.340637 30.340637 0.612833 0.612833 0.612833
9420 30.340637 30.340637 30.340637 0.612833 0.612833 0.612833
9430 30.340637 30.340637 30.340637 0.612833 0.612833 0.612833
9440 30.340637 30.340637 30.340637 0.612833 0.612833 0.612833
9450 30.340637 30.340637 30.340637 0.612833 0.612833 0.612833
9460 30.340637 30.340637 30.340637 0.612833 0.612833 0.612833
9470 30.340637 30.340637 30.340637 0.612833 0.612833 0.612833
9480 30.340637 30.340637 30.340637 0.612833 0.612833 0.612833
9490 30.340637 30.340637 30.340637 0.612833 0.612833 0.612833
9500 30.340637 30.340637 30.340637 0.612833 0.612833 0.612833
9510 30.340637 30.340637 30.340637 0.612833 0.612833 0.612833
9520 30.340637 30.340637 30.340637 0.612833 0.612833 0.612833
9530 30.340637 30.340637 30.340637 0.612833 0.612833 0.612833
9540 30.340637 30.340637 30.340637 0.612833 0.612833 0.612833
9550 30.340637 30.340637 30.340637 0.612833 0.612833 0.612833
9560 30.340637 30.340637 30.340637 0.612833 0.612833 0.612833
9570 30.340637 30.340637 30.340637 0.612833 0.612833 0.612833
9580 30.340637 30.340637 30.340637 0.612833 0.612833 0.612833
9590 30.340637 30.340637 30.340637 0.612833 0.612833 0.612833
9600 30.340637 30.340637 30.340637 0.612833 0.612833 0.612833
9610 30.340637 30.340637 30.340637 0.612833 0.612833 0.612833
9620 30.340637 30.340637 30.340637 0.612833 0.612833 0.612833
9630 30.340637 30.340637 30.340637 0.612833 0.612833 0.612833
9640 30.340637 30.340637 30.340637 0.612833 0.612833 0.612833
9650 30.340637 30.340637 30.340637 0.612833 0.612833 0.612833
9660 30.340637 30.340637 30.340637 0.612833 0.612833 0.612833
9670 30.340637 30.340637 30.340637 0.612833 0.612833 0.612833
9680 30.340637 30.340637 30.340637 0.612833 0.612833 0.612833
9690 30.340637 30.340637 30.340637 0.612833 0.612833 0.612833
9700 30.340637 30.340637 30.340637 0.612833 0.612833 0.612833
9710 30.340637 30.340637 30.340637 0.612833 0.612833 0.612833
9720 30.340637 30.340637 30.340637 0.612833 0.612833 0.612833
9730 30.340637 30.340637 30.340637 0.612833 0.612833 0.612833
9740 30.340637 30.340637 30.340637 0.612833 0.612833 0.612833
9750 30.340637 30.340637 30.340637 0.612833 0.612833 0.612833
9760 30.340637 30.340637 30.340637 0.612833 0.612833 0.612833
9770 30.340637 30.340637 30.340637 0.612833 0.612833 0.612833
9780 30.340637 30.340637 30.340637 0.612833 0.612833 0.612833
9790 30.340637 30.340637 30.340637 0.612833 0.612833 0.612833
9800 30.340637 30.340637 30.340637 0.612833 0.612833 0.612833
9810 30.340637 30.340637 30.340637 0.612833 0.612833 0.612833
9820 30.340637 30.340637 30.340637 0.612833 0.612833 0.612833
9830 30.340637 30.340637 30.340637 0.612833 0.612833 0.612833
9840 30.340637 30.340637 30.340637 0.612833 0.612833 0.612833
9850 30.340637 30.340637 30.340637 0.612833 0.612833 0.612833
9860 30.340637 30.340637 30.340637 0.612833 0.612833 0.612833
9870 30.340637 30.340637 30.340637 0.612833 0.612833 0.612833
9880 30.340637 30.340637 30.340637 0.612833 0.612833 0.612833
9890 30.340637 30.340637 30.340637 0.612833 0.612833 0.612833
9900 30.340637 30.340637 30.340637 0.612833 0.612833 0.612833
9910 30.340637 30.340637 30.340637 0.612833 0.612833 0.612833
9920 30.340637 30.340637 30.340637 0.612833 0.612833 0.612833
9930 30.340637 30.340637 30.340637 0.612833 0.612833 0.612833
9940 30.340637 30.340637 30.340637 0.612833 0.612833 0.612833
9950 30.340637 30.340637 30.340637 0.612833 0.612833 0.612833
9960 30.340637 30.340637 30.340637 0.612833 0.612833 0.612833
9970 30.340637 30.340637 30.340637 0.612833 0.612833 0.612833
9980 30.340637 30.340637 30.340637 0.612833 0.612833 0.612833
9990 30.340637 30.340637 30.340637 0.612833 0.612833 0.612833
10000 30.340637 30.340637 30.340637 0.612833 0.612833 0.612833
