# generation power_min power_avg power_max util_min util_avg util_max
1 51.854878 51.854878 51.854878 1.449633 1.486456 1.499821
10 52.650189 52.650189 52.650189 1.217723 1.473094 1.499313
20 53.421548 53.421548 53.421548 1.051496 1.454803 1.499313
30 53.421548 53.421548 53.421548 1.051496 1.440081 1.499313
40 53.421548 33.070753 53.421548 0.755509 1.402651 1.499313
50 53.421548 32.241118 53.421548 0.753244 1.370423 1.499313
60 53.421548 31.264364 53.421548 0.753244 1.334478 1.499313
70 53.421548 30.527561 53.421548 0.689809 1.297461 1.499313
80 53.421548 31.292033 53.421548 0.689809 1.268539 1.498676
90 53.421548 31.490252 53.421548 0.689809 1.219139 1.495032
100 53.421548 31.109532 53.421548 0.689809 1.176414 1.495032
110 53.421548 30.943776 53.421548 0.689809 1.129947 1.495032
120 53.421548 30.534092 53.421548 0.689809 1.083874 1.495032
130 53.421548 29.831912 53.421548 0.623238 1.033808 1.489121
140 50.680178 29.275323 50.680178 0.623238 0.993201 1.487263
150 47.210117 28.680926 47.210117 0.623238 0.952471 1.487263
160 39.241007 28.340415 39.241007 0.623238 0.918659 1.487263
170 35.605581 27.412606 35.605581 0.623238 0.898484 1.457912
180 33.128915 26.420015 33.128915 0.623238 0.888457 1.457912
190 19.338358 25.537442 30.244137 0.623238 0.883495 1.117086
200 19.338358 24.687689 28.818067 0.623238 0.875169 1.117086
210 19.338358 23.964727 28.291685 0.623238 0.874078 1.117086
220 27.629697 23.334149 27.629697 0.623238 0.871647 1.113610
230 18.148986 22.482104 27.315436 0.623238 0.871129 1.113610
240 18.148986 21.772048 26.694075 0.623238 0.874386 1.113610
250 18.148986 21.252711 25.861240 0.623238 0.870159 1.018371
260 18.148986 20.875577 24.541855 0.623238 0.867051 1.018371
270 18.148986 20.445673 22.270460 0.660419 0.882042 1.018371
280 18.148986 20.173293 21.697164 0.712930 0.900056 1.018371
290 18.148986 19.904191 21.249396 0.712930 0.912874 1.018371
300 18.029377 19.685522 21.007024 0.712930 0.920034 1.018371
310 17.999907 19.392931 20.871846 0.712930 0.929955 1.018371
320 17.566946 19.135730 20.539006 0.712930 0.933675 1.018371
330 17.566946 18.857707 19.982429 0.754809 0.941866 1.017679
340 17.441477 18.647913 19.732025 0.774499 0.942779 1.017679
350 17.441477 18.448234 19.460900 0.774499 0.941221 1.017679
360 17.225473 18.313529 19.339286 0.774499 0.936110 1.017336
370 17.132398 18.148653 19.207255 0.774499 0.932559 1.017336
380 16.860929 18.013603 19.113433 0.774499 0.928571 1.017336
390 16.695893 17.834227 18.864630 0.774499 0.924045 1.017336
400 16.663594 17.696222 18.481620 0.828761 0.924877 1.009912
410 18.298993 17.595042 18.298993 0.828761 0.926626 1.010082
420 18.144321 17.478631 18.144321 0.807979 0.926237 1.010082
430 16.582111 17.364883 17.999907 0.807979 0.930522 1.010082
440 16.256969 17.255515 17.858619 0.807979 0.935092 1.010082
450 16.060363 17.148444 17.719190 0.807979 0.934495 1.010082
460 16.060363 17.048401 17.572511 0.807979 0.934803 1.010889
470 15.706643 16.931449 17.450272 0.807979 0.932857 1.010889
480 15.706643 16.824053 17.372199 0.807979 0.929582 1.010889
490 15.706643 16.696205 17.301654 0.807979 0.926059 1.010889
500 15.549816 16.560256 17.186223 0.807979 0.924021 1.010889
510 15.547364 16.425758 17.065678 0.807979 0.921016 1.010889
520 15.522626 16.290063 16.989499 0.840515 0.924607 1.010889
530 15.352381 16.197391 16.870231 0.840515 0.921067 1.001720
540 15.352381 16.068447 16.748968 0.840515 0.915646 1.001720
550 15.352381 15.956554 16.663594 0.840515 0.911042 1.001720
560 15.352381 15.845790 16.604051 0.841753 0.908374 0.999633
570 15.344806 15.738675 16.313879 0.843971 0.907336 0.988957
580 15.198438 15.647671 16.218065 0.843971 0.910662 0.988957
590 15.198438 15.572946 16.060363 0.863788 0.910970 0.976352
600 15.182027 15.506317 15.873513 0.863788 0.909920 0.968909
610 15.125927 15.457905 15.690400 0.872207 0.910908 0.968909
620 15.114992 15.418270 15.625375 0.872207 0.911189 0.968909
630 15.105795 15.385495 15.591614 0.872207 0.909865 0.968909
640 15.070675 15.352773 15.549436 0.872207 0.909199 0.966692
650 15.039550 15.325756 15.522626 0.872207 0.909137 0.966692
660 15.017008 15.294541 15.443230 0.878131 0.911738 0.966692
670 15.017008 15.261788 15.443230 0.878131 0.910402 0.966692
680 15.017008 15.236428 15.412659 0.878131 0.909122 0.966692
690 14.941653 15.200292 15.359217 0.882901 0.912116 0.969571
700 14.941653 15.170590 15.331111 0.883950 0.914057 0.969571
710 14.792635 15.141628 15.275944 0.884056 0.917193 0.969571
720 14.792635 15.111847 15.269615 0.884056 0.919219 0.969571
730 14.792635 15.081294 15.269615 0.884056 0.921254 0.969571
740 14.792635 15.051333 15.225298 0.884056 0.923527 0.969571
750 14.792635 15.027998 15.190111 0.904135 0.925677 0.969571
760 14.792635 15.002694 15.167379 0.904135 0.928287 0.969571
770 14.790176 14.981826 15.107342 0.904135 0.928966 0.969571
780 14.790176 14.964780 15.070675 0.908219 0.930861 0.969571
790 14.784158 14.946465 15.034296 0.919037 0.931638 0.969571
800 14.784158 14.931385 15.026292 0.919037 0.931575 0.969571
810 14.784158 14.915174 15.017008 0.919037 0.932467 0.969571
820 14.784158 14.896020 14.982883 0.919037 0.933193 0.969571
830 14.766855 14.881129 14.941653 0.919037 0.933480 0.939648
840 14.766855 14.867000 14.941653 0.919037 0.934481 0.939648
850 14.766855 14.853485 14.941653 0.919037 0.935486 0.939648
860 14.766855 14.837726 14.937504 0.919037 0.936597 0.939648
870 14.766855 14.821443 14.937504 0.919037 0.937714 0.939648
880 14.766855 14.806033 14.918640 0.928297 0.938912 0.939648
890 14.766855 14.793559 14.881423 0.938651 0.939336 0.939648
900 14.766855 14.782987 14.872946 0.938651 0.939327 0.939648
910 14.766855 14.779005 14.792635 0.938651 0.939347 0.939648
920 14.766855 14.776724 14.790176 0.938651 0.939356 0.939648
930 14.766855 14.774868 14.784158 0.939008 0.939401 0.939648
940 14.766855 14.773197 14.784158 0.939008 0.939452 0.939648
950 14.766855 14.771526 14.784158 0.939008 0.939504 0.939648
960 14.766855 14.769795 14.784158 0.939008 0.939557 0.939648
970 14.766855 14.768574 14.772782 0.939472 0.939597 0.939648
980 14.766855 14.767981 14.772782 0.939472 0.939615 0.939648
990 14.766855 14.767388 14.772782 0.939472 0.939632 0.939648
1000 14.766855 14.766855 14.766855 0.939648 0.939648 0.939648
1010 14.766855 14.766855 14.766855 0.939648 0.939648 0.939648
1020 14.766855 14.766855 14.766855 0.939648 0.939648 0.939648
1030 14.766855 14.766855 14.766855 0.939648 0.939648 0.939648
1040 14.766855 14.766855 14.766855 0.939648 0.939648 0.939648
1050 14.766855 14.766855 14.766855 0.939648 0.939648 0.939648
1060 14.766855 14.766855 14.766855 0.939648 0.939648 0.939648
1070 14.766855 14.766855 14.766855 0.939648 0.939648 0.939648
1080 14.766855 14.766855 14.766855 0.939648 0.939648 0.939648
1090 14.766855 14.766855 14.766855 0.939648 0.939648 0.939648
1100 14.766855 14.766855 14.766855 0.939648 0.939648 0.939648
1110 14.766855 14.766855 14.766855 0.939648 0.939648 0.939648
1120 14.766855 14.766855 14.766855 0.939648 0.939648 0.939648
1130 14.766855 14.766855 14.766855 0.939648 0.939648 0.939648
1140 14.766855 14.766855 14.766855 0.939648 0.939648 0.939648
1150 14.766855 14.766855 14.766855 0.939648 0.939648 0.939648
1160 14.766855 14.766855 14.766855 0.939648 0.939648 0.939648
1170 14.766855 14.766855 14.766855 0.939648 0.939648 0.939648
1180 14.766855 14.766855 14.766855 0.939648 0.939648 0.939648
1190 14.766855 14.766855 14.766855 0.939648 0.939648 0.939648
1200 14.766855 14.766855 14.766855 0.939648 0.939648 0.939648
1210 14.766855 14.766855 14.766855 0.939648 0.939648 0.939648
1220 14.766855 14.766855 14.766855 0.939648 0.939648 0.939648
1230 14.766855 14.766855 14.766855 0.939648 0.939648 0.939648
1240 14.766855 14.766855 14.766855 0.939648 0.939648 0.939648
1250 14.766855 14.766855 14.766855 0.939648 0.939648 0.939648
1260 14.766855 14.766855 14.766855 0.939648 0.939648 0.939648
1270 14.766855 14.766855 14.766855 0.939648 0.939648 0.939648
1280 14.766855 14.766855 14.766855 0.939648 0.939648 0.939648
1290 14.766855 14.766855 14.766855 0.939648 0.939648 0.939648
1300 14.766855 14.766855 14.766855 0.939648 0.939648 0.939648
1310 14.766855 14.766855 14.766855 0.939648 0.939648 0.939648
1320 14.766855 14.766855 14.766855 0.939648 0.939648 0.939648
1330 14.766855 14.766855 14.766855 0.939648 0.939648 0.939648
1340 14.766855 14.766855 14.766855 0.939648 0.939648 0.939648
1350 14.766855 14.766855 14.766855 0.939648 0.939648 0.939648
1360 14.766855 14.766855 14.766855 0.939648 0.939648 0.939648
1370 14.766855 14.766855 14.766855 0.939648 0.939648 0.939648
1380 14.766855 14.766855 14.766855 0.939648 0.939648 0.939648
1390 14.766855 14.766855 14.766855 0.939648 0.939648 0.939648
1400 14.766855 14.766855 14.766855 0.939648 0.939648 0.939648
1410 14.766855 14.766855 14.766855 0.939648 0.939648 0.939648
1420 14.766855 14.766855 14.766855 0.939648 0.939648 0.939648
1430 14.766855 14.766855 14.766855 0.939648 0.939648 0.939648
1440 14.766855 14.766855 14.766855 0.939648 0.939648 0.939648
1450 14.766855 14.766855 14.766855 0.939648 0.939648 0.939648
1460 14.766855 14.766855 14.766855 0.939648 0.939648 0.939648
1470 14.766855 14.766855 14.766855 0.939648 0.939648 0.939648
1480 14.766855 14.766855 14.766855 0.939648 0.939648 0.939648
1490 14.766855 14.766855 14.766855 0.939648 0.939648 0.939648
1500 14.766855 14.766855 14.766855 0.939648 0.939648 0.939648
1510 14.766855 14.766855 14.766855 0.939648 0.939648 0.939648
1520 14.766855 14.766855 14.766855 0.939648 0.939648 0.939648
1530 14.766855 14.766855 14.766855 0.939648 0.939648 0.939648
1540 14.766855 14.766855 14.766855 0.939648 0.939648 0.939648
1550 14.766855 14.766855 14.766855 0.939648 0.939648 0.939648
1560 14.766855 14.766855 14.766855 0.939648 0.939648 0.939648
1570 14.766855 14.766855 14.766855 0.939648 0.939648 0.939648
1580 14.766855 14.766855 14.766855 0.939648 0.939648 0.939648
1590 14.766855 14.766855 14.766855 0.939648 0.939648 0.939648
1600 14.766855 14.766855 14.766855 0.939648 0.939648 0.939648
1610 14.766855 14.766855 14.766855 0.939648 0.939648 0.939648
1620 14.766855 14.766855 14.766855 0.939648 0.939648 0.939648
1630 14.766855 14.766855 14.766855 0.939648 0.939648 0.939648
1640 14.766855 14.766855 14.766855 0.939648 0.939648 0.939648
1650 14.766855 14.766855 14.766855 0.939648 0.939648 0.939648
1660 14.766855 14.766855 14.766855 0.939648 0.939648 0.939648
1670 14.766855 14.766855 14.766855 0.939648 0.939648 0.939648
1680 14.766855 14.766855 14.766855 0.939648 0.939648 0.939648
1690 14.766855 14.766855 14.766855 0.939648 0.939648 0.939648
1700 14.766855 14.766855 14.766855 0.939648 0.939648 0.939648
1710 14.766855 14.766855 14.766855 0.939648 0.939648 0.939648
1720 14.766855 14.766855 14.766855 0.939648 0.939648 0.939648
1730 14.766855 14.766855 14.766855 0.939648 0.939648 0.939648
1740 14.766855 14.766855 14.766855 0.939648 0.939648 0.939648
1750 14.766855 14.766855 14.766855 0.939648 0.939648 0.939648
1760 14.766855 14.766855 14.766855 0.939648 0.939648 0.939648
1770 14.766855 14.766855 14.766855 0.939648 0.939648 0.939648
1780 14.766855 14.766855 14.766855 0.939648 0.939648 0.939648
1790 14.766855 14.766855 14.766855 0.939648 0.939648 0.939648
1800 14.766855 14.766855 14.766855 0.939648 0.939648 0.939648
1810 14.766855 14.766855 14.766855 0.939648 0.939648 0.939648
1820 14.766855 14.766855 14.766855 0.939648 0.939648 0.939648
1830 14.766855 14.766855 14.766855 0.939648 0.939648 0.939648
1840 14.766855 14.766855 14.766855 0.939648 0.939648 0.939648
1850 14.766855 14.766855 14.766855 0.939648 0.939648 0.939648
1860 14.766855 14.766855 14.766855 0.939648 0.939648 0.939648
1870 14.766855 14.766855 14.766855 0.939648 0.939648 0.939648
1880 14.766855 14.766855 14.766855 0.939648 0.939648 0.939648
1890 14.766855 14.766855 14.766855 0.939648 0.939648 0.939648
1900 14.766855 14.766855 14.766855 0.939648 0.939648 0.939648
1910 14.766855 14.766855 14.766855 0.939648 0.939648 0.939648
1920 14.766855 14.766855 14.766855 0.939648 0.939648 0.939648
1930 14.766855 14.766855 14.766855 0.939648 0.939648 0.939648
1940 14.766855 14.766855 14.766855 0.939648 0.939648 0.939648
1950 14.766855 14.766855 14.766855 0.939648 0.939648 0.939648
1960 14.766855 14.766855 14.766855 0.939648 0.939648 0.939648
1970 14.766855 14.766855 14.766855 0.939648 0.939648 0.939648
1980 14.766855 14.766855 14.766855 0.939648 0.939648 0.939648
1990 14.766855 14.766855 14.766855 0.939648 0.939648 0.939648
2000 14.766855 14.766855 14.766855 0.939648 0.939648 0.939648
2010 14.766855 14.766855 14.766855 0.939648 0.939648 0.939648
2020 14.766855 14.766855 14.766855 0.939648 0.939648 0.939648
2030 14.766855 14.766855 14.766855 0.939648 0.939648 0.939648
2040 14.766855 14.766855 14.766855 0.939648 0.939648 0.939648
2050 14.766855 14.766855 14.766855 0.939648 0.939648 0.939648
2060 14.766855 14.766855 14.766855 0.939648 0.939648 0.939648
2070 14.766855 14.766855 14.766855 0.939648 0.939648 0.939648
2080 14.766855 14.766855 14.766855 0.939648 0.939648 0.939648
2090 14.766855 14.766855 14.766855 0.939648 0.939648 0.939648
2100 14.766855 14.766855 14.766855 0.939648 0.939648 0.939648
2110 14.766855 14.766855 14.766855 0.939648 0.939648 0.939648
2120 14.766855 14.766855 14.766855 0.939648 0.939648 0.939648
2130 14.766855 14.766855 14.766855 0.939648 0.939648 0.939648
2140 14.766855 14.766855 14.766855 0.939648 0.939648 0.939648
2150 14.766855 14.766855 14.766855 0.939648 0.939648 0.939648
2160 14.766855 14.766855 14.766855 0.939648 0.939648 0.939648
2170 14.766855 14.766855 14.766855 0.939648 0.939648 0.939648
2180 14.766855 14.766855 14.766855 0.939648 0.939648 0.939648
2190 14.766855 14.766855 14.766855 0.939648 0.939648 0.939648
2200 14.766855 14.766855 14.766855 0.939648 0.939648 0.939648
2210 14.766855 14.766855 14.766855 0.939648 0.939648 0.939648
2220 14.766855 14.766855 14.766855 0.939648 0.939648 0.939648
2230 14.766855 14.766855 14.766855 0.939648 0.939648 0.939648
2240 14.766855 14.766855 14.766855 0.939648 0.939648 0.939648
2250 14.766855 14.766855 14.766855 0.939648 0.939648 0.939648
2260 14.766855 14.766855 14.766855 0.939648 0.939648 0.939648
2270 14.766855 14.766855 14.766855 0.939648 0.939648 0.939648
2280 14.766855 14.766855 14.766855 0.939648 0.939648 0.939648
2290 14.766855 14.766855 14.766855 0.939648 0.939648 0.939648
2300 14.766855 14.766855 14.766855 0.939648 0.939648 0.939648
2310 14.766855 14.766855 14.766855 0.939648 0.939648 0.939648
2320 14.766855 14.766855 14.766855 0.939648 0.939648 0.939648
2330 14.766855 14.766855 14.766855 0.939648 0.939648 0.939648
2340 14.766855 14.766855 14.766855 0.939648 0.939648 0.939648
2350 14.766855 14.766855 14.766855 0.939648 0.939648 0.939648
2360 14.766855 14.766855 14.766855 0.939648 0.939648 0.939648
2370 14.766855 14.766855 14.766855 0.939648 0.939648 0.939648
2380 14.766855 14.766855 14.766855 0.939648 0.939648 0.939648
2390 14.766855 14.766855 14.766855 0.939648 0.939648 0.939648
2400 14.766855 14.766855 14.766855 0.939648 0.939648 0.939648
2410 14.766855 14.766855 14.766855 0.939648 0.939648 0.939648
2420 14.766855 14.766855 14.766855 0.939648 0.939648 0.939648
2430 14.766855 14.766855 14.766855 0.939648 0.939648 0.939648
2440 14.766855 14.766855 14.766855 0.939648 0.939648 0.939648
2450 14.766855 14.766855 14.766855 0.939648 0.939648 0.939648
2460 14.766855 14.766855 14.766855 0.939648 0.939648 0.939648
2470 14.766855 14.766855 14.766855 0.939648 0.939648 0.939648
2480 14.766855 14.766855 14.766855 0.939648 0.939648 0.939648
2490 14.766855 14.766855 14.766855 0.939648 0.939648 0.939648
2500 14.766855 14.766855 14.766855 0.939648 0.939648 0.939648
2510 14.766855 14.766855 14.766855 0.939648 0.939648 0.939648
2520 14.766855 14.766855 14.766855 0.939648 0.939648 0.939648
2530 14.766855 14.766855 14.766855 0.939648 0.939648 0.939648
2540 14.766855 14.766855 14.766855 0.939648 0.939648 0.939648
2550 14.766855 14.766855 14.766855 0.939648 0.939648 0.939648
2560 14.766855 14.766855 14.766855 0.939648 0.939648 0.939648
2570 14.766855 14.766855 14.766855 0.939648 0.939648 0.939648
2580 14.766855 14.766855 14.766855 0.939648 0.939648 0.939648
2590 14.766855 14.766855 14.766855 0.939648 0.939648 0.939648
2600 14.766855 14.766855 14.766855 0.939648 0.939648 0.939648
2610 14.766855 14.766855 14.766855 0.939648 0.939648 0.939648
2620 14.766855 14.766855 14.766855 0.939648 0.939648 0.939648
2630 14.766855 14.766855 14.766855 0.939648 0.939648 0.939648
2640 14.766855 14.766855 14.766855 0.939648 0.939648 0.939648
2650 14.766855 14.766855 14.766855 0.939648 0.939648 0.939648
2660 14.766855 14.766855 14.766855 0.939648 0.939648 0.939648
2670 14.766855 14.766855 14.766855 0.939648 0.939648 0.939648
2680 14.766855 14.766855 14.766855 0.939648 0.939648 0.939648
2690 14.766855 14.766855 14.766855 0.939648 0.939648 0.939648
2700 14.766855 14.766855 14.766855 0.939648 0.939648 0.939648
2710 14.766855 14.766855 14.766855 0.939648 0.939648 0.939648
2720 14.766855 14.766855 14.766855 0.939648 0.939648 0.939648
2730 14.766855 14.766855 14.766855 0.939648 0.939648 0.939648
2740 14.766855 14.766855 14.766855 0.939648 0.939648 0.939648
2750 14.766855 14.766855 14.766855 0.939648 0.939648 0.939648
2760 14.766855 14.766855 14.766855 0.939648 0.939648 0.939648
2770 14.766855 14.766855 14.766855 0.939648 0.939648 0.939648
2780 14.766855 14.766855 14.766855 0.939648 0.939648 0.939648
2790 14.766855 14.766855 14.766855 0.939648 0.939648 0.939648
2800 14.766855 14.766855 14.766855 0.939648 0.939648 0.939648
2810 14.766855 14.766855 14.766855 0.939648 0.939648 0.939648
2820 14.766855 14.766855 14.766855 0.939648 0.939648 0.939648
2830 14.766855 14.766855 14.766855 0.939648 0.939648 0.939648
2840 14.766855 14.766855 14.766855 0.939648 0.939648 0.939648
2850 14.766855 14.766855 14.766855 0.939648 0.939648 0.939648
2860 14.766855 14.766855 14.766855 0.939648 0.939648 0.939648
2870 14.766855 14.766855 14.766855 0.939648 0.939648 0.939648
2880 14.766855 14.766855 14.766855 0.939648 0.939648 0.939648
2890 14.766855 14.766855 14.766855 0.939648 0.939648 0.939648
2900 14.766855 14.766855 14.766855 0.939648 0.939648 0.939648
2910 14.766855 14.766855 14.766855 0.939648 0.939648 0.939648
2920 14.766855 14.766855 14.766855 0.939648 0.939648 0.939648
2930 14.766855 14.766855 14.766855 0.939648 0.939648 0.939648
2940 14.766855 14.766855 14.766855 0.939648 0.939648 0.939648
2950 14.766855 14.766855 14.766855 0.939648 0.939648 0.939648
2960 14.766855 14.766855 14.766855 0.939648 0.939648 0.939648
2970 14.766855 14.766855 14.766855 0.939648 0.939648 0.939648
2980 14.766855 14.766855 14.766855 0.939648 0.939648 0.939648
2990 14.766855 14.766855 14.766855 0.939648 0.939648 0.939648
3000 14.766855 14.766855 14.766855 0.939648 0.939648 0.939648
3010 14.766855 14.766855 14.766855 0.939648 0.939648 0.939648
3020 14.766855 14.766855 14.766855 0.939648 0.939648 0.939648
3030 14.766855 14.766855 14.766855 0.939648 0.939648 0.939648
3040 14.766855 14.766855 14.766855 0.939648 0.939648 0.939648
3050 14.766855 14.766855 14.766855 0.939648 0.939648 0.939648
3060 14.766855 14.766855 14.766855 0.939648 0.939648 0.939648
3070 14.766855 14.766855 14.766855 0.939648 0.939648 0.939648
3080 14.766855 14.766855 14.766855 0.939648 0.939648 0.939648
3090 14.766855 14.766855 14.766855 0.939648 0.939648 0.939648
3100 14.766855 14.766855 14.766855 0.939648 0.939648 0.939648
3110 14.766855 14.766855 14.766855 0.939648 0.939648 0.939648
3120 14.766855 14.766855 14.766855 0.939648 0.939648 0.939648
3130 14.766855 14.766855 14.766855 0.939648 0.939648 0.939648
3140 14.766855 14.766855 14.766855 0.939648 0.939648 0.939648
3150 14.766855 14.766855 14.766855 0.939648 0.939648 0.939648
3160 14.766855 14.766855 14.766855 0.939648 0.939648 0.939648
3170 14.766855 14.766855 14.766855 0.939648 0.939648 0.939648
3180 14.766855 14.766855 14.766855 0.939648 0.939648 0.939648
3190 14.766855 14.766855 14.766855 0.939648 0.939648 0.939648
3200 14.766855 14.766855 14.766855 0.939648 0.939648 0.939648
3210 14.766855 14.766855 14.766855 0.939648 0.939648 0.939648
3220 14.766855 14.766855 14.766855 0.939648 0.939648 0.939648
3230 14.766855 14.766855 14.766855 0.939648 0.939648 0.939648
3240 14.766855 14.766855 14.766855 0.939648 0.939648 0.939648
3250 14.766855 14.766855 14.766855 0.939648 0.939648 0.939648
3260 14.766855 14.766855 14.766855 0.939648 0.939648 0.939648
3270 14.766855 14.766855 14.766855 0.939648 0.939648 0.939648
3280 14.766855 14.766855 14.766855 0.939648 0.939648 0.939648
3290 14.766855 14.766855 14.766855 0.939648 0.939648 0.939648
3300 14.766855 14.766855 14.766855 0.939648 0.939648 0.939648
3310 14.766855 14.766855 14.766855 0.939648 0.939648 0.939648
3320 14.766855 14.766855 14.766855 0.939648 0.939648 0.939648
3330 14.766855 14.766855 14.766855 0.939648 0.939648 0.939648
3340 14.766855 14.766855 14.766855 0.939648 0.939648 0.939648
3350 14.766855 14.766855 14.766855 0.939648 0.939648 0.939648
3360 14.766855 14.766855 14.766855 0.939648 0.939648 0.939648
3370 14.766855 14.766855 14.766855 0.939648 0.939648 0.939648
3380 14.766855 14.766855 14.766855 0.939648 0.939648 0.939648
3390 14.766855 14.766855 14.766855 0.939648 0.939648 0.939648
3400 14.766855 14.766855 14.766855 0.939648 0.939648 0.939648
3410 14.766855 14.766855 14.766855 0.939648 0.939648 0.939648
3420 14.766855 14.766855 14.766855 0.939648 0.939648 0.939648
3430 14.766855 14.766855 14.766855 0.939648 0.939648 0.939648
3440 14.766855 14.766855 14.766855 0.939648 0.939648 0.939648
3450 14.766855 14.766855 14.766855 0.939648 0.939648 0.939648
3460 14.766855 14.766855 14.766855 0.939648 0.939648 0.939648
3470 14.766855 14.766855 14.766855 0.939648 0.939648 0.939648
3480 14.766855 14.766855 14.766855 0.939648 0.939648 0.939648
3490 14.766855 14.766855 14.766855 0.939648 0.939648 0.939648
3500 14.766855 14.766855 14.766855 0.939648 0.939648 0.939648
3510 14.766855 14.766855 14.766855 0.939648 0.939648 0.939648
3520 14.766855 14.766855 14.766855 0.939648 0.939648 0.939648
3530 14.766855 14.766855 14.766855 0.939648 0.939648 0.939648
3540 14.766855 14.766855 14.766855 0.939648 0.939648 0.939648
3550 14.766855 14.766855 14.766855 0.939648 0.939648 0.939648
3560 14.766855 14.766855 14.766855 0.939648 0.939648 0.939648
3570 14.766855 14.766855 14.766855 0.939648 0.939648 0.939648
3580 14.766855 14.766855 14.766855 0.939648 0.939648 0.939648
3590 14.766855 14.766855 14.766855 0.939648 0.939648 0.939648
3600 14.766855 14.766855 14.766855 0.939648 0.939648 0.939648
3610 14.766855 14.766855 14.766855 0.939648 0.939648 0.939648
3620 14.766855 14.766855 14.766855 0.939648 0.939648 0.939648
3630 14.766855 14.766855 14.766855 0.939648 0.939648 0.939648
3640 14.766855 14.766855 14.766855 0.939648 0.939648 0.939648
3650 14.766855 14.766855 14.766855 0.939648 0.939648 0.939648
3660 14.766855 14.766855 14.766855 0.939648 0.939648 0.939648
3670 14.766855 14.766855 14.766855 0.939648 0.939648 0.939648
3680 14.766855 14.766855 14.766855 0.939648 0.939648 0.939648
3690 14.766855 14.766855 14.766855 0.939648 0.939648 0.939648
3700 14.766855 14.766855 14.766855 0.939648 0.939648 0.939648
3710 14.766855 14.766855 14.766855 0.939648 0.939648 0.939648
3720 14.766855 14.766855 14.766855 0.939648 0.939648 0.939648
3730 14.766855 14.766855 14.766855 0.939648 0.939648 0.939648
3740 14.766855 14.766855 14.766855 0.939648 0.939648 0.939648
3750 14.766855 14.766855 14.766855 0.939648 0.939648 0.939648
3760 14.766855 14.766855 14.766855 0.939648 0.939648 0.939648
3770 14.766855 14.766855 14.766855 0.939648 0.939648 0.939648
3780 14.766855 14.766855 14.766855 0.939648 0.939648 0.939648
3790 14.766855 14.766855 14.766855 0.939648 0.939648 0.939648
3800 14.766855 14.766855 14.766855 0.939648 0.939648 0.939648
3810 14.766855 14.766855 14.766855 0.939648 0.939648 0.939648
3820 14.766855 14.766855 14.766855 0.939648 0.939648 0.939648
3830 14.766855 14.766855 14.766855 0.939648 0.939648 0.939648
3840 14.766855 14.766855 14.766855 0.939648 0.939648 0.939648
3850 14.766855 14.766855 14.766855 0.939648 0.939648 0.939648
3860 14.766855 14.766855 14.766855 0.939648 0.939648 0.939648
3870 14.766855 14.766855 14.766855 0.939648 0.939648 0.939648
3880 14.766855 14.766855 14.766855 0.939648 0.939648 0.939648
3890 14.766855 14.766855 14.766855 0.939648 0.939648 0.939648
3900 14.766855 14.766855 14.766855 0.939648 0.939648 0.939648
3910 14.766855 14.766855 14.766855 0.939648 0.939648 0.939648
3920 14.766855 14.766855 14.766855 0.939648 0.939648 0.939648
3930 14.766855 14.766855 14.766855 0.939648 0.939648 0.939648
3940 14.766855 14.766855 14.766855 0.939648 0.939648 0.939648
3950 14.766855 14.766855 14.766855 0.939648 0.939648 0.939648
3960 14.766855 14.766855 14.766855 0.939648 0.939648 0.939648
3970 14.766855 14.766855 14.766855 0.939648 0.939648 0.939648
3980 14.766855 14.766855 14.766855 0.939648 0.939648 0.939648
3990 14.766855 14.766855 14.766855 0.939648 0.939648 0.939648
4000 14.766855 14.766855 14.766855 0.939648 0.939648 0.939648
4010 14.766855 14.766855 14.766855 0.939648 0.939648 0.939648
4020 14.766855 14.766855 14.766855 0.939648 0.939648 0.939648
4030 14.766855 14.766855 14.766855 0.939648 0.939648 0.939648
4040 14.766855 14.766855 14.766855 0.939648 0.939648 0.939648
4050 14.766855 14.766855 14.766855 0.939648 0.939648 0.939648
4060 14.766855 14.766855 14.766855 0.939648 0.939648 0.939648
4070 14.766855 14.766855 14.766855 0.939648 0.939648 0.939648
4080 14.766855 14.766855 14.766855 0.939648 0.939648 0.939648
4090 14.766855 14.766855 14.766855 0.939648 0.939648 0.939648
4100 14.766855 14.766855 14.766855 0.939648 0.939648 0.939648
4110 14.766855 14.766855 14.766855 0.939648 0.939648 0.939648
4120 14.766855 14.766855 14.766855 0.939648 0.939648 0.939648
4130 14.766855 14.766855 14.766855 0.939648 0.939648 0.939648
4140 14.766855 14.766855 14.766855 0.939648 0.939648 0.939648
4150 14.766855 14.766855 14.766855 0.939648 0.939648 0.939648
4160 14.766855 14.766855 14.766855 0.939648 0.939648 0.939648
4170 14.766855 14.766855 14.766855 0.939648 0.939648 0.939648
4180 14.766855 14.766855 14.766855 0.939648 0.939648 0.939648
4190 14.766855 14.766855 14.766855 0.939648 0.939648 0.939648
4200 14.766855 14.766855 14.766855 0.939648 0.939648 0.939648
4210 14.766855 14.766855 14.766855 0.939648 0.939648 0.939648
4220 14.766855 14.766855 14.766855 0.939648 0.939648 0.939648
4230 14.766855 14.766855 14.766855 0.939648 0.939648 0.939648
4240 14.766855 14.766855 14.766855 0.939648 0.939648 0.939648
4250 14.766855 14.766855 14.766855 0.939648 0.939648 0.939648
4260 14.766855 14.766855 14.766855 0.939648 0.939648 0.939648
4270 14.766855 14.766855 14.766855 0.939648 0.939648 0.939648
4280 14.766855 14.766855 14.766855 0.939648 0.939648 0.939648
4290 14.766855 14.766855 14.766855 0.939648 0.939648 0.939648
4300 14.766855 14.766855 14.766855 0.939648 0.939648 0.939648
4310 14.766855 14.766855 14.766855 0.939648 0.939648 0.939648
4320 14.766855 14.766855 14.766855 0.939648 0.939648 0.939648
4330 14.766855 14.766855 14.766855 0.939648 0.939648 0.939648
4340 14.766855 14.766855 14.766855 0.939648 0.939648 0.939648
4350 14.766855 14.766855 14.766855 0.939648 0.939648 0.939648
4360 14.766855 14.766855 14.766855 0.939648 0.939648 0.939648
4370 14.766855 14.766855 14.766855 0.939648 0.939648 0.939648
4380 14.766855 14.766855 14.766855 0.939648 0.939648 0.939648
4390 14.766855 14.766855 14.766855 0.939648 0.939648 0.939648
4400 14.766855 14.766855 14.766855 0.939648 0.939648 0.939648
4410 14.766855 14.766855 14.766855 0.939648 0.939648 0.939648
4420 14.766855 14.766855 14.766855 0.939648 0.939648 0.939648
4430 14.766855 14.766855 14.766855 0.939648 0.939648 0.939648
4440 14.766855 14.766855 14.766855 0.939648 0.939648 0.939648
4450 14.766855 14.766855 14.766855 0.939648 0.939648 0.939648
4460 14.766855 14.766855 14.766855 0.939648 0.939648 0.939648
4470 14.766855 14.766855 14.766855 0.939648 0.939648 0.939648
4480 14.766855 14.766855 14.766855 0.939648 0.939648 0.939648
4490 14.766855 14.766855 14.766855 0.939648 0.939648 0.939648
4500 14.766855 14.766855 14.766855 0.939648 0.939648 0.939648
4510 14.766855 14.766855 14.766855 0.939648 0.939648 0.939648
4520 14.766855 14.766855 14.766855 0.939648 0.939648 0.939648
4530 14.766855 14.766855 14.766855 0.939648 0.939648 0.939648
4540 14.766855 14.766855 14.766855 0.939648 0.939648 0.939648
4550 14.766855 14.766855 14.766855 0.939648 0.939648 0.939648
4560 14.766855 14.766855 14.766855 0.939648 0.939648 0.939648
4570 14.766855 14.766855 14.766855 0.939648 0.939648 0.939648
4580 14.766855 14.766855 14.766855 0.939648 0.939648 0.939648
4590 14.766855 14.766855 14.766855 0.939648 0.939648 0.939648
4600 14.766855 14.766855 14.766855 0.939648 0.939648 0.939648
4610 14.766855 14.766855 14.766855 0.939648 0.939648 0.939648
4620 14.766855 14.766855 14.766855 0.939648 0.939648 0.939648
4630 14.766855 14.766855 14.766855 0.939648 0.939648 0.939648
4640 14.766855 14.766855 14.766855 0.939648 0.939648 0.939648
4650 14.766855 14.766855 14.766855 0.939648 0.939648 0.939648
4660 14.766855 14.766855 14.766855 0.939648 0.939648 0.939648
4670 14.766855 14.766855 14.766855 0.939648 0.939648 0.939648
4680 14.766855 14.766855 14.766855 0.939648 0.939648 0.939648
4690 14.766855 14.766855 14.766855 0.939648 0.939648 0.939648
4700 14.766855 14.766855 14.766855 0.939648 0.939648 0.939648
4710 14.766855 14.766855 14.766855 0.939648 0.939648 0.939648
4720 14.766855 14.766855 14.766855 0.939648 0.939648 0.939648
4730 14.766855 14.766855 14.766855 0.939648 0.939648 0.939648
4740 14.766855 14.766855 14.766855 0.939648 0.939648 0.939648
4750 14.766855 14.766855 14.766855 0.939648 0.939648 0.939648
4760 14.766855 14.766855 14.766855 0.939648 0.939648 0.939648
4770 14.766855 14.766855 14.766855 0.939648 0.939648 0.939648
4780 14.766855 14.766855 14.766855 0.939648 0.939648 0.939648
4790 14.766855 14.766855 14.766855 0.939648 0.939648 0.939648
4800 14.766855 14.766855 14.766855 0.939648 0.939648 0.939648
4810 14.766855 14.766855 14.766855 0.939648 0.939648 0.939648
4820 14.766855 14.766855 14.766855 0.939648 0.939648 0.939648
4830 14.766855 14.766855 14.766855 0.939648 0.939648 0.939648
4840 14.766855 14.766855 14.766855 0.939648 0.939648 0.939648
4850 14.766855 14.766855 14.766855 0.939648 0.939648 0.939648
4860 14.766855 14.766855 14.766855 0.939648 0.939648 0.939648
4870 14.766855 14.766855 14.766855 0.939648 0.939648 0.939648
4880 14.766855 14.766855 14.766855 0.939648 0.939648 0.939648
4890 14.766855 14.766855 14.766855 0.939648 0.939648 0.939648
4900 14.766855 14.766855 14.766855 0.939648 0.939648 0.939648
4910 14.766855 14.766855 14.766855 0.939648 0.939648 0.939648
4920 14.766855 14.766855 14.766855 0.939648 0.939648 0.939648
4930 14.766855 14.766855 14.766855 0.939648 0.939648 0.939648
4940 14.766855 14.766855 14.766855 0.939648 0.939648 0.939648
4950 14.766855 14.766855 14.766855 0.939648 0.939648 0.939648
4960 14.766855 14.766855 14.766855 0.939648 0.939648 0.939648
4970 14.766855 14.766855 14.766855 0.939648 0.939648 0.939648
4980 14.766855 14.766855 14.766855 0.939648 0.939648 0.939648
4990 14.766855 14.766855 14.766855 0.939648 0.939648 0.939648
5000 14.766855 14.766855 14.766855 0.939648 0.939648 0.939648
5010 14.766855 14.766855 14.766855 0.939648 0.939648 0.939648
5020 14.766855 14.766855 14.766855 0.939648 0.939648 0.939648
5030 14.766855 14.766855 14.766855 0.939648 0.939648 0.939648
5040 14.766855 14.766855 14.766855 0.939648 0.939648 0.939648
5050 14.766855 14.766855 14.766855 0.939648 0.939648 0.939648
5060 14.766855 14.766855 14.766855 0.939648 0.939648 0.939648
5070 14.766855 14.766855 14.766855 0.939648 0.939648 0.939648
5080 14.766855 14.766855 14.766855 0.939648 0.939648 0.939648
5090 14.766855 14.766855 14.766855 0.939648 0.939648 0.939648
5100 14.766855 14.766855 14.766855 0.939648 0.939648 0.939648
5110 14.766855 14.766855 14.766855 0.939648 0.939648 0.939648
5120 14.766855 14.766855 14.766855 0.939648 0.939648 0.939648
5130 14.766855 14.766855 14.766855 0.939648 0.939648 0.939648
5140 14.766855 14.766855 14.766855 0.939648 0.939648 0.939648
5150 14.766855 14.766855 14.766855 0.939648 0.939648 0.939648
5160 14.766855 14.766855 14.766855 0.939648 0.939648 0.939648
5170 14.766855 14.766855 14.766855 0.939648 0.939648 0.939648
5180 14.766855 14.766855 14.766855 0.939648 0.939648 0.939648
5190 14.766855 14.766855 14.766855 0.939648 0.939648 0.939648
5200 14.766855 14.766855 14.766855 0.939648 0.939648 0.939648
5210 14.766855 14.766855 14.766855 0.939648 0.939648 0.939648
5220 14.766855 14.766855 14.766855 0.939648 0.939648 0.939648
5230 14.766855 14.766855 14.766855 0.939648 0.939648 0.939648
5240 14.766855 14.766855 14.766855 0.939648 0.939648 0.939648
5250 14.766855 14.766855 14.766855 0.939648 0.939648 0.939648
5260 14.766855 14.766855 14.766855 0.939648 0.939648 0.939648
5270 14.766855 14.766855 14.766855 0.939648 0.939648 0.939648
5280 14.766855 14.766855 14.766855 0.939648 0.939648 0.939648
5290 14.766855 14.766855 14.766855 0.939648 0.939648 0.939648
5300 14.766855 14.766855 14.766855 0.939648 0.939648 0.939648
5310 14.766855 14.766855 14.766855 0.939648 0.939648 0.939648
5320 14.766855 14.766855 14.766855 0.939648 0.939648 0.939648
5330 14.766855 14.766855 14.766855 0.939648 0.939648 0.939648
5340 14.766855 14.766855 14.766855 0.939648 0.939648 0.939648
5350 14.766855 14.766855 14.766855 0.939648 0.939648 0.939648
5360 14.766855 14.766855 14.766855 0.939648 0.939648 0.939648
5370 14.766855 14.766855 14.766855 0.939648 0.939648 0.939648
5380 14.766855 14.766855 14.766855 0.939648 0.939648 0.939648
5390 14.766855 14.766855 14.766855 0.939648 0.939648 0.939648
5400 14.766855 14.766855 14.766855 0.939648 0.939648 0.939648
5410 14.766855 14.766855 14.766855 0.939648 0.939648 0.939648
5420 14.766855 14.766855 14.766855 0.939648 0.939648 0.939648
5430 14.766855 14.766855 14.766855 0.939648 0.939648 0.939648
5440 14.766855 14.766855 14.766855 0.939648 0.939648 0.939648
5450 14.766855 14.766855 14.766855 0.939648 0.939648 0.939648
5460 14.766855 14.766855 14.766855 0.939648 0.939648 0.939648
5470 14.766855 14.766855 14.766855 0.939648 0.939648 0.939648
5480 14.766855 14.766855 14.766855 0.939648 0.939648 0.939648
5490 14.766855 14.766855 14.766855 0.939648 0.939648 0.939648
5500 14.766855 14.766855 14.766855 0.939648 0.939648 0.939648
5510 14.766855 14.766855 14.766855 0.939648 0.939648 0.939648
5520 14.766855 14.766855 14.766855 0.939648 0.939648 0.939648
5530 14.766855 14.766855 14.766855 0.939648 0.939648 0.939648
5540 14.766855 14.766855 14.766855 0.939648 0.939648 0.939648
5550 14.766855 14.766855 14.766855 0.939648 0.939648 0.939648
5560 14.766855 14.766855 14.766855 0.939648 0.939648 0.939648
5570 14.766855 14.766855 14.766855 0.939648 0.939648 0.939648
5580 14.766855 14.766855 14.766855 0.939648 0.939648 0.939648
5590 14.766855 14.766855 14.766855 0.939648 0.939648 0.939648
5600 14.766855 14.766855 14.766855 0.939648 0.939648 0.939648
5610 14.766855 14.766855 14.766855 0.939648 0.939648 0.939648
5620 14.766855 14.766855 14.766855 0.939648 0.939648 0.939648
5630 14.766855 14.766855 14.766855 0.939648 0.939648 0.939648
5640 14.766855 14.766855 14.766855 0.939648 0.939648 0.939648
5650 14.766855 14.766855 14.766855 0.939648 0.939648 0.939648
5660 14.766855 14.766855 14.766855 0.939648 0.939648 0.939648
5670 14.766855 14.766855 14.766855 0.939648 0.939648 0.939648
5680 14.766855 14.766855 14.766855 0.939648 0.939648 0.939648
5690 14.766855 14.766855 14.766855 0.939648 0.939648 0.939648
5700 14.766855 14.766855 14.766855 0.939648 0.939648 0.939648
5710 14.766855 14.766855 14.766855 0.939648 0.939648 0.939648
5720 14.766855 14.766855 14.766855 0.939648 0.939648 0.939648
5730 14.766855 14.766855 14.766855 0.939648 0.939648 0.939648
5740 14.766855 14.766855 14.766855 0.939648 0.939648 0.939648
5750 14.766855 14.766855 14.766855 0.939648 0.939648 0.939648
5760 14.766855 14.766855 14.766855 0.939648 0.939648 0.939648
5770 14.766855 14.766855 14.766855 0.939648 0.939648 0.939648
5780 14.766855 14.766855 14.766855 0.939648 0.939648 0.939648
5790 14.766855 14.766855 14.766855 0.939648 0.939648 0.939648
5800 14.766855 14.766855 14.766855 0.939648 0.939648 0.939648
5810 14.766855 14.766855 14.766855 0.939648 0.939648 0.939648
5820 14.766855 14.766855 14.766855 0.939648 0.939648 0.939648
5830 14.766855 14.766855 14.766855 0.939648 0.939648 0.939648
5840 14.766855 14.766855 14.766855 0.939648 0.939648 0.939648
5850 14.766855 14.766855 14.766855 0.939648 0.939648 0.939648
5860 14.766855 14.766855 14.766855 0.939648 0.939648 0.939648
5870 14.766855 14.766855 14.766855 0.939648 0.939648 0.939648
5880 14.766855 14.766855 14.766855 0.939648 0.939648 0.939648
5890 14.766855 14.766855 14.766855 0.939648 0.939648 0.939648
5900 14.766855 14.766855 14.766855 0.939648 0.939648 0.939648
5910 14.766855 14.766855 14.766855 0.939648 0.939648 0.939648
5920 14.766855 14.766855 14.766855 0.939648 0.939648 0.939648
5930 14.766855 14.766855 14.766855 0.939648 0.939648 0.939648
5940 14.766855 14.766855 14.766855 0.939648 0.939648 0.939648
5950 14.766855 14.766855 14.766855 0.939648 0.939648 0.939648
5960 14.766855 14.766855 14.766855 0.939648 0.939648 0.939648
5970 14.766855 14.766855 14.766855 0.939648 0.939648 0.939648
5980 14.766855 14.766855 14.766855 0.939648 0.939648 0.939648
5990 14.766855 14.766855 14.766855 0.939648 0.939648 0.939648
6000 14.766855 14.766855 14.766855 0.939648 0.939648 0.939648
6010 14.766855 14.766855 14.766855 0.939648 0.939648 0.939648
6020 14.766855 14.766855 14.766855 0.939648 0.939648 0.939648
6030 14.766855 14.766855 14.766855 0.939648 0.939648 0.939648
6040 14.766855 14.766855 14.766855 0.939648 0.939648 0.939648
6050 14.766855 14.766855 14.766855 0.939648 0.939648 0.939648
6060 14.766855 14.766855 14.766855 0.939648 0.939648 0.939648
6070 14.766855 14.766855 14.766855 0.939648 0.939648 0.939648
6080 14.766855 14.766855 14.766855 0.939648 0.939648 0.939648
6090 14.766855 14.766855 14.766855 0.939648 0.939648 0.939648
6100 14.766855 14.766855 14.766855 0.939648 0.939648 0.939648
6110 14.766855 14.766855 14.766855 0.939648 0.939648 0.939648
6120 14.766855 14.766855 14.766855 0.939648 0.939648 0.939648
6130 14.766855 14.766855 14.766855 0.939648 0.939648 0.939648
6140 14.766855 14.766855 14.766855 0.939648 0.939648 0.939648
6150 14.766855 14.766855 14.766855 0.939648 0.939648 0.939648
6160 14.766855 14.766855 14.766855 0.939648 0.939648 0.939648
6170 14.766855 14.766855 14.766855 0.939648 0.939648 0.939648
6180 14.766855 14.766855 14.766855 0.939648 0.939648 0.939648
6190 14.766855 14.766855 14.766855 0.939648 0.939648 0.939648
6200 14.766855 14.766855 14.766855 0.939648 0.939648 0.939648
6210 14.766855 14.766855 14.766855 0.939648 0.939648 0.939648
6220 14.766855 14.766855 14.766855 0.939648 0.939648 0.939648
6230 14.766855 14.766855 14.766855 0.939648 0.939648 0.939648
6240 14.766855 14.766855 14.766855 0.939648 0.939648 0.939648
6250 14.766855 14.766855 14.766855 0.939648 0.939648 0.939648
6260 14.766855 14.766855 14.766855 0.939648 0.939648 0.939648
6270 14.766855 14.766855 14.766855 0.939648 0.939648 0.939648
6280 14.766855 14.766855 14.766855 0.939648 0.939648 0.939648
6290 14.766855 14.766855 14.766855 0.939648 0.939648 0.939648
6300 14.766855 14.766855 14.766855 0.939648 0.939648 0.939648
6310 14.766855 14.766855 14.766855 0.939648 0.939648 0.939648
6320 14.766855 14.766855 14.766855 0.939648 0.939648 0.939648
6330 14.766855 14.766855 14.766855 0.939648 0.939648 0.939648
6340 14.766855 14.766855 14.766855 0.939648 0.939648 0.939648
6350 14.766855 14.766855 14.766855 0.939648 0.939648 0.939648
6360 14.766855 14.766855 14.766855 0.939648 0.939648 0.939648
6370 14.766855 14.766855 14.766855 0.939648 0.939648 0.939648
6380 14.766855 14.766855 14.766855 0.939648 0.939648 0.939648
6390 14.766855 14.766855 14.766855 0.939648 0.939648 0.939648
6400 14.766855 14.766855 14.766855 0.939648 0.939648 0.939648
6410 14.766855 14.766855 14.766855 0.939648 0.939648 0.939648
6420 14.766855 14.766855 14.766855 0.939648 0.939648 0.939648
6430 14.766855 14.766855 14.766855 0.939648 0.939648 0.939648
6440 14.766855 14.766855 14.766855 0.939648 0.939648 0.939648
6450 14.766855 14.766855 14.766855 0.939648 0.939648 0.939648
6460 14.766855 14.766855 14.766855 0.939648 0.939648 0.939648
6470 14.766855 14.766855 14.766855 0.939648 0.939648 0.939648
6480 14.766855 14.766855 14.766855 0.939648 0.939648 0.939648
6490 14.766855 14.766855 14.766855 0.939648 0.939648 0.939648
6500 14.766855 14.766855 14.766855 0.939648 0.939648 0.939648
6510 14.766855 14.766855 14.766855 0.939648 0.939648 0.939648
6520 14.766855 14.766855 14.766855 0.939648 0.939648 0.939648
6530 14.766855 14.766855 14.766855 0.939648 0.939648 0.939648
6540 14.766855 14.766855 14.766855 0.939648 0.939648 0.939648
6550 14.766855 14.766855 14.766855 0.939648 0.939648 0.939648
6560 14.766855 14.766855 14.766855 0.939648 0.939648 0.939648
6570 14.766855 14.766855 14.766855 0.939648 0.939648 0.939648
6580 14.766855 14.766855 14.766855 0.939648 0.939648 0.939648
6590 14.766855 14.766855 14.766855 0.939648 0.939648 0.939648
6600 14.766855 14.766855 14.766855 0.939648 0.939648 0.939648
6610 14.766855 14.766855 14.766855 0.939648 0.939648 0.939648
6620 14.766855 14.766855 14.766855 0.939648 0.939648 0.939648
6630 14.766855 14.766855 14.766855 0.939648 0.939648 0.939648
6640 14.766855 14.766855 14.766855 0.939648 0.939648 0.939648
6650 14.766855 14.766855 14.766855 0.939648 0.939648 0.939648
6660 14.766855 14.766855 14.766855 0.939648 0.939648 0.939648
6670 14.766855 14.766855 14.766855 0.939648 0.939648 0.939648
6680 14.766855 14.766855 14.766855 0.939648 0.939648 0.939648
6690 14.766855 14.766855 14.766855 0.939648 0.939648 0.939648
6700 14.766855 14.766855 14.766855 0.939648 0.939648 0.939648
6710 14.766855 14.766855 14.766855 0.939648 0.939648 0.939648
6720 14.766855 14.766855 14.766855 0.939648 0.939648 0.939648
6730 14.766855 14.766855 14.766855 0.939648 0.939648 0.939648
6740 14.766855 14.766855 14.766855 0.939648 0.939648 0.939648
6750 14.766855 14.766855 14.766855 0.939648 0.939648 0.939648
6760 14.766855 14.766855 14.766855 0.939648 0.939648 0.939648
6770 14.766855 14.766855 14.766855 0.939648 0.939648 0.939648
6780 14.766855 14.766855 14.766855 0.939648 0.939648 0.939648
6790 14.766855 14.766855 14.766855 0.939648 0.939648 0.939648
6800 14.766855 14.766855 14.766855 0.939648 0.939648 0.939648
6810 14.766855 14.766855 14.766855 0.939648 0.939648 0.939648
6820 14.766855 14.766855 14.766855 0.939648 0.939648 0.939648
6830 14.766855 14.766855 14.766855 0.939648 0.939648 0.939648
6840 14.766855 14.766855 14.766855 0.939648 0.939648 0.939648
6850 14.766855 14.766855 14.766855 0.939648 0.939648 0.939648
6860 14.766855 14.766855 14.766855 0.939648 0.939648 0.939648
6870 14.766855 14.766855 14.766855 0.939648 0.939648 0.939648
6880 14.766855 14.766855 14.766855 0.939648 0.939648 0.939648
6890 14.766855 14.766855 14.766855 0.939648 0.939648 0.939648
6900 14.766855 14.766855 14.766855 0.939648 0.939648 0.939648
6910 14.766855 14.766855 14.766855 0.939648 0.939648 0.939648
6920 14.766855 14.766855 14.766855 0.939648 0.939648 0.939648
6930 14.766855 14.766855 14.766855 0.939648 0.939648 0.939648
6940 14.766855 14.766855 14.766855 0.939648 0.939648 0.939648
6950 14.766855 14.766855 14.766855 0.939648 0.939648 0.939648
6960 14.766855 14.766855 14.766855 0.939648 0.939648 0.939648
6970 14.766855 14.766855 14.766855 0.939648 0.939648 0.939648
6980 14.766855 14.766855 14.766855 0.939648 0.939648 0.939648
6990 14.766855 14.766855 14.766855 0.939648 0.939648 0.939648
7000 14.766855 14.766855 14.766855 0.939648 0.939648 0.939648
7010 14.766855 14.766855 14.766855 0.939648 0.939648 0.939648
7020 14.766855 14.766855 14.766855 0.939648 0.939648 0.939648
7030 14.766855 14.766855 14.766855 0.939648 0.939648 0.939648
7040 14.766855 14.766855 14.766855 0.939648 0.939648 0.939648
7050 14.766855 14.766855 14.766855 0.939648 0.939648 0.939648
7060 14.766855 14.766855 14.766855 0.939648 0.939648 0.939648
7070 14.766855 14.766855 14.766855 0.939648 0.939648 0.939648
7080 14.766855 14.766855 14.766855 0.939648 0.939648 0.939648
7090 14.766855 14.766855 14.766855 0.939648 0.939648 0.939648
7100 14.766855 14.766855 14.766855 0.939648 0.939648 0.939648
7110 14.766855 14.766855 14.766855 0.939648 0.939648 0.939648
7120 14.766855 14.766855 14.766855 0.939648 0.939648 0.939648
7130 14.766855 14.766855 14.766855 0.939648 0.939648 0.939648
7140 14.766855 14.766855 14.766855 0.939648 0.939648 0.939648
7150 14.766855 14.766855 14.766855 0.939648 0.939648 0.939648
7160 14.766855 14.766855 14.766855 0.939648 0.939648 0.939648
7170 14.766855 14.766855 14.766855 0.939648 0.939648 0.939648
7180 14.766855 14.766855 14.766855 0.939648 0.939648 0.939648
7190 14.766855 14.766855 14.766855 0.939648 0.939648 0.939648
7200 14.766855 14.766855 14.766855 0.939648 0.939648 0.939648
7210 14.766855 14.766855 14.766855 0.939648 0.939648 0.939648
7220 14.766855 14.766855 14.766855 0.939648 0.939648 0.939648
7230 14.766855 14.766855 14.766855 0.939648 0.939648 0.939648
7240 14.766855 14.766855 14.766855 0.939648 0.939648 0.939648
7250 14.766855 14.766855 14.766855 0.939648 0.939648 0.939648
7260 14.766855 14.766855 14.766855 0.939648 0.939648 0.939648
7270 14.766855 14.766855 14.766855 0.939648 0.939648 0.939648
7280 14.766855 14.766855 14.766855 0.939648 0.939648 0.939648
7290 14.766855 14.766855 14.766855 0.939648 0.939648 0.939648
7300 14.766855 14.766855 14.766855 0.939648 0.939648 0.939648
7310 14.766855 14.766855 14.766855 0.939648 0.939648 0.939648
7320 14.766855 14.766855 14.766855 0.939648 0.939648 0.939648
7330 14.766855 14.766855 14.766855 0.939648 0.939648 0.939648
7340 14.766855 14.766855 14.766855 0.939648 0.939648 0.939648
7350 14.766855 14.766855 14.766855 0.939648 0.939648 0.939648
7360 14.766855 14.766855 14.766855 0.939648 0.939648 0.939648
7370 14.766855 14.766855 14.766855 0.939648 0.939648 0.939648
7380 14.766855 14.766855 14.766855 0.939648 0.939648 0.939648
7390 14.766855 14.766855 14.766855 0.939648 0.939648 0.939648
7400 14.766855 14.766855 14.766855 0.939648 0.939648 0.939648
7410 14.766855 14.766855 14.766855 0.939648 0.939648 0.939648
7420 14.766855 14.766855 14.766855 0.939648 0.939648 0.939648
7430 14.766855 14.766855 14.766855 0.939648 0.939648 0.939648
7440 14.766855 14.766855 14.766855 0.939648 0.939648 0.939648
7450 14.766855 14.766855 14.766855 0.939648 0.939648 0.939648
7460 14.766855 14.766855 14.766855 0.939648 0.939648 0.939648
7470 14.766855 14.766855 14.766855 0.939648 0.939648 0.939648
7480 14.766855 14.766855 14.766855 0.939648 0.939648 0.939648
7490 14.766855 14.766855 14.766855 0.939648 0.939648 0.939648
7500 14.766855 14.766855 14.766855 0.939648 0.939648 0.939648
7510 14.766855 14.766855 14.766855 0.939648 0.939648 0.939648
7520 14.766855 14.766855 14.766855 0.939648 0.939648 0.939648
7530 14.766855 14.766855 14.766855 0.939648 0.939648 0.939648
7540 14.766855 14.766855 14.766855 0.939648 0.939648 0.939648
7550 14.766855 14.766855 14.766855 0.939648 0.939648 0.939648
7560 14.766855 14.766855 14.766855 0.939648 0.939648 0.939648
7570 14.766855 14.766855 14.766855 0.939648 0.939648 0.939648
7580 14.766855 14.766855 14.766855 0.939648 0.939648 0.939648
7590 14.766855 14.766855 14.766855 0.939648 0.939648 0.939648
7600 14.766855 14.766855 14.766855 0.939648 0.939648 0.939648
7610 14.766855 14.766855 14.766855 0.939648 0.939648 0.939648
7620 14.766855 14.766855 14.766855 0.939648 0.939648 0.939648
7630 14.766855 14.766855 14.766855 0.939648 0.939648 0.939648
7640 14.766855 14.766855 14.766855 0.939648 0.939648 0.939648
7650 14.766855 14.766855 14.766855 0.939648 0.939648 0.939648
7660 14.766855 14.766855 14.766855 0.939648 0.939648 0.939648
7670 14.766855 14.766855 14.766855 0.939648 0.939648 0.939648
7680 14.766855 14.766855 14.766855 0.939648 0.939648 0.939648
7690 14.766855 14.766855 14.766855 0.939648 0.939648 0.939648
7700 14.766855 14.766855 14.766855 0.939648 0.939648 0.939648
7710 14.766855 14.766855 14.766855 0.939648 0.939648 0.939648
7720 14.766855 14.766855 14.766855 0.939648 0.939648 0.939648
7730 14.766855 14.766855 14.766855 0.939648 0.939648 0.939648
7740 14.766855 14.766855 14.766855 0.939648 0.939648 0.939648
7750 14.766855 14.766855 14.766855 0.939648 0.939648 0.939648
7760 14.766855 14.766855 14.766855 0.939648 0.939648 0.939648
7770 14.766855 14.766855 14.766855 0.939648 0.939648 0.939648
7780 14.766855 14.766855 14.766855 0.939648 0.939648 0.939648
7790 14.766855 14.766855 14.766855 0.939648 0.939648 0.939648
7800 14.766855 14.766855 14.766855 0.939648 0.939648 0.939648
7810 14.766855 14.766855 14.766855 0.939648 0.939648 0.939648
7820 14.766855 14.766855 14.766855 0.939648 0.939648 0.939648
7830 14.766855 14.766855 14.766855 0.939648 0.939648 0.939648
7840 14.766855 14.766855 14.766855 0.939648 0.939648 0.939648
7850 14.766855 14.766855 14.766855 0.939648 0.939648 0.939648
7860 14.766855 14.766855 14.766855 0.939648 0.939648 0.939648
7870 14.766855 14.766855 14.766855 0.939648 0.939648 0.939648
7880 14.766855 14.766855 14.766855 0.939648 0.939648 0.939648
7890 14.766855 14.766855 14.766855 0.939648 0.939648 0.939648
7900 14.766855 14.766855 14.766855 0.939648 0.939648 0.939648
7910 14.766855 14.766855 14.766855 0.939648 0.939648 0.939648
7920 14.766855 14.766855 14.766855 0.939648 0.939648 0.939648
7930 14.766855 14.766855 14.766855 0.939648 0.939648 0.939648
7940 14.766855 14.766855 14.766855 0.939648 0.939648 0.939648
7950 14.766855 14.766855 14.766855 0.939648 0.939648 0.939648
7960 14.766855 14.766855 14.766855 0.939648 0.939648 0.939648
7970 14.766855 14.766855 14.766855 0.939648 0.939648 0.939648
7980 14.766855 14.766855 14.766855 0.939648 0.939648 0.939648
7990 14.766855 14.766855 14.766855 0.939648 0.939648 0.939648
8000 14.766855 14.766855 14.766855 0.939648 0.939648 0.939648
8010 14.766855 14.766855 14.766855 0.939648 0.939648 0.939648
8020 14.766855 14.766855 14.766855 0.939648 0.939648 0.939648
8030 14.766855 14.766855 14.766855 0.939648 0.939648 0.939648
8040 14.766855 14.766855 14.766855 0.939648 0.939648 0.939648
8050 14.766855 14.766855 14.766855 0.939648 0.939648 0.939648
8060 14.766855 14.766855 14.766855 0.939648 0.939648 0.939648
8070 14.766855 14.766855 14.766855 0.939648 0.939648 0.939648
8080 14.766855 14.766855 14.766855 0.939648 0.939648 0.939648
8090 14.766855 14.766855 14.766855 0.939648 0.939648 0.939648
8100 14.766855 14.766855 14.766855 0.939648 0.939648 0.939648
8110 14.766855 14.766855 14.766855 0.939648 0.939648 0.939648
8120 14.766855 14.766855 14.766855 0.939648 0.939648 0.939648
8130 14.766855 14.766855 14.766855 0.939648 0.939648 0.939648
8140 14.766855 14.766855 14.766855 0.939648 0.939648 0.939648
8150 14.766855 14.766855 14.766855 0.939648 0.939648 0.939648
8160 14.766855 14.766855 14.766855 0.939648 0.939648 0.939648
8170 14.766855 14.766855 14.766855 0.939648 0.939648 0.939648
8180 14.766855 14.766855 14.766855 0.939648 0.939648 0.939648
8190 14.766855 14.766855 14.766855 0.939648 0.939648 0.939648
8200 14.766855 14.766855 14.766855 0.939648 0.939648 0.939648
8210 14.766855 14.766855 14.766855 0.939648 0.939648 0.939648
8220 14.766855 14.766855 14.766855 0.939648 0.939648 0.939648
8230 14.766855 14.766855 14.766855 0.939648 0.939648 0.939648
8240 14.766855 14.766855 14.766855 0.939648 0.939648 0.939648
8250 14.766855 14.766855 14.766855 0.939648 0.939648 0.939648
8260 14.766855 14.766855 14.766855 0.939648 0.939648 0.939648
8270 14.766855 14.766855 14.766855 0.939648 0.939648 0.939648
8280 14.766855 14.766855 14.766855 0.939648 0.939648 0.939648
8290 14.766855 14.766855 14.766855 0.939648 0.939648 0.939648
8300 14.766855 14.766855 14.766855 0.939648 0.939648 0.939648
8310 14.766855 14.766855 14.766855 0.939648 0.939648 0.939648
8320 14.766855 14.766855 14.766855 0.939648 0.939648 0.939648
8330 14.766855 14.766855 14.766855 0.939648 0.939648 0.939648
8340 14.766855 14.766855 14.766855 0.939648 0.939648 0.939648
8350 14.766855 14.766855 14.766855 0.939648 0.939648 0.939648
8360 14.766855 14.766855 14.766855 0.939648 0.939648 0.939648
8370 14.766855 14.766855 14.766855 0.939648 0.939648 0.939648
8380 14.766855 14.766855 14.766855 0.939648 0.939648 0.939648
8390 14.766855 14.766855 14.766855 0.939648 0.939648 0.939648
8400 14.766855 14.766855 14.766855 0.939648 0.939648 0.939648
8410 14.766855 14.766855 14.766855 0.939648 0.939648 0.939648
8420 14.766855 14.766855 14.766855 0.939648 0.939648 0.939648
8430 14.766855 14.766855 14.766855 0.939648 0.939648 0.939648
8440 14.766855 14.766855 14.766855 0.939648 0.939648 0.939648
8450 14.766855 14.766855 14.766855 0.939648 0.939648 0.939648
8460 14.766855 14.766855 14.766855 0.939648 0.939648 0.939648
8470 14.766855 14.766855 14.766855 0.939648 0.939648 0.939648
8480 14.766855 14.766855 14.766855 0.939648 0.939648 0.939648
8490 14.766855 14.766855 14.766855 0.939648 0.939648 0.939648
8500 14.766855 14.766855 14.766855 0.939648 0.939648 0.939648
8510 14.766855 14.766855 14.766855 0.939648 0.939648 0.939648
8520 14.766855 14.766855 14.766855 0.939648 0.939648 0.939648
8530 14.766855 14.766855 14.766855 0.939648 0.939648 0.939648
8540 14.766855 14.766855 14.766855 0.939648 0.939648 0.939648
8550 14.766855 14.766855 14.766855 0.939648 0.939648 0.939648
8560 14.766855 14.766855 14.766855 0.939648 0.939648 0.939648
8570 14.766855 14.766855 14.766855 0.939648 0.939648 0.939648
8580 14.766855 14.766855 14.766855 0.939648 0.939648 0.939648
8590 14.766855 14.766855 14.766855 0.939648 0.939648 0.939648
8600 14.766855 14.766855 14.766855 0.939648 0.939648 0.939648
8610 14.766855 14.766855 14.766855 0.939648 0.939648 0.939648
8620 14.766855 14.766855 14.766855 0.939648 0.939648 0.939648
8630 14.766855 14.766855 14.766855 0.939648 0.939648 0.939648
8640 14.766855 14.766855 14.766855 0.939648 0.939648 0.939648
8650 14.766855 14.766855 14.766855 0.939648 0.939648 0.939648
8660 14.766855 14.766855 14.766855 0.939648 0.939648 0.939648
8670 14.766855 14.766855 14.766855 0.939648 0.939648 0.939648
8680 14.766855 14.766855 14.766855 0.939648 0.939648 0.939648
8690 14.766855 14.766855 14.766855 0.939648 0.939648 0.939648
8700 14.766855 14.766855 14.766855 0.939648 0.939648 0.939648
8710 14.766855 14.766855 14.766855 0.939648 0.939648 0.939648
8720 14.766855 14.766855 14.766855 0.939648 0.939648 0.939648
8730 14.766855 14.766855 14.766855 0.939648 0.939648 0.939648
8740 14.766855 14.766855 14.766855 0.939648 0.939648 0.939648
8750 14.766855 14.766855 14.766855 0.939648 0.939648 0.939648
8760 14.766855 14.766855 14.766855 0.939648 0.939648 0.939648
8770 14.766855 14.766855 14.766855 0.939648 0.939648 0.939648
8780 14.766855 14.766855 14.766855 0.939648 0.939648 0.939648
8790 14.766855 14.766855 14.766855 0.939648 0.939648 0.939648
8800 14.766855 14.766855 14.766855 0.939648 0.939648 0.939648
8810 14.766855 14.766855 14.766855 0.939648 0.939648 0.939648
8820 14.766855 14.766855 14.766855 0.939648 0.939648 0.939648
8830 14.766855 14.766855 14.766855 0.939648 0.939648 0.939648
8840 14.766855 14.766855 14.766855 0.939648 0.939648 0.939648
8850 14.766855 14.766855 14.766855 0.939648 0.939648 0.939648
8860 14.766855 14.766855 14.766855 0.939648 0.939648 0.939648
8870 14.766855 14.766855 14.766855 0.939648 0.939648 0.939648
8880 14.766855 14.766855 14.766855 0.939648 0.939648 0.939648
8890 14.766855 14.766855 14.766855 0.939648 0.939648 0.939648
8900 14.766855 14.766855 14.766855 0.939648 0.939648 0.939648
8910 14.766855 14.766855 14.766855 0.939648 0.939648 0.939648
8920 14.766855 14.766855 14.766855 0.939648 0.939648 0.939648
8930 14.766855 14.766855 14.766855 0.939648 0.939648 0.939648
8940 14.766855 14.766855 14.766855 0.939648 0.939648 0.939648
8950 14.766855 14.766855 14.766855 0.939648 0.939648 0.939648
8960 14.766855 14.766855 14.766855 0.939648 0.939648 0.939648
8970 14.766855 14.766855 14.766855 0.939648 0.939648 0.939648
8980 14.766855 14.766855 14.766855 0.939648 0.939648 0.939648
8990 14.766855 14.766855 14.766855 0.939648 0.939648 0.939648
9000 14.766855 14.766855 14.766855 0.939648 0.939648 0.939648
9010 14.766855 14.766855 14.766855 0.939648 0.939648 0.939648
9020 14.766855 14.766855 14.766855 0.939648 0.939648 0.939648
9030 14.766855 14.766855 14.766855 0.939648 0.939648 0.939648
9040 14.766855 14.766855 14.766855 0.939648 0.939648 0.939648
9050 14.766855 14.766855 14.766855 0.939648 0.939648 0.939648
9060 14.766855 14.766855 14.766855 0.939648 0.939648 0.939648
9070 14.766855 14.766855 14.766855 0.939648 0.939648 0.939648
9080 14.766855 14.766855 14.766855 0.939648 0.939648 0.939648
9090 14.766855 14.766855 14.766855 0.939648 0.939648 0.939648
9100 14.766855 14.766855 14.766855 0.939648 0.939648 0.939648
9110 14.766855 14.766855 14.766855 0.939648 0.939648 0.939648
9120 14.766855 14.766855 14.766855 0.939648 0.939648 0.939648
9130 14.766855 14.766855 14.766855 0.939648 0.939648 0.939648
9140 14.766855 14.766855 14.766855 0.939648 0.939648 0.939648
9150 14.766855 14.766855 14.766855 0.939648 0.939648 0.939648
9160 14.766855 14.766855 14.766855 0.939648 0.939648 0.939648
9170 14.766855 14.766855 14.766855 0.939648 0.939648 0.939648
9180 14.766855 14.766855 14.766855 0.939648 0.939648 0.939648
9190 14.766855 14.766855 14.766855 0.939648 0.939648 0.939648
9200 14.766855 14.766855 14.766855 0.939648 0.939648 0.939648
9210 14.766855 14.766855 14.766855 0.939648 0.939648 0.939648
9220 14.766855 14.766855 14.766855 0.939648 0.939648 0.939648
9230 14.766855 14.766855 14.766855 0.939648 0.939648 0.939648
9240 14.766855 14.766855 14.766855 0.939648 0.939648 0.939648
9250 14.766855 14.766855 14.766855 0.939648 0.939648 0.939648
9260 14.766855 14.766855 14.766855 0.939648 0.939648 0.939648
9270 14.766855 14.766855 14.766855 0.939648 0.939648 0.939648
9280 14.766855 14.766855 14.766855 0.939648 0.939648 0.939648
9290 14.766855 14.766855 14.766855 0.939648 0.939648 0.939648
9300 14.766855 14.766855 14.766855 0.939648 0.939648 0.939648
9310 14.766855 14.766855 14.766855 0.939648 0.939648 0.939648
9320 14.766855 14.766855 14.766855 0.939648 0.939648 0.939648
9330 14.766855 14.766855 14.766855 0.939648 0.939648 0.939648
9340 14.766855 14.766855 14.766855 0.939648 0.939648 0.939648
9350 14.766855 14.766855 14.766855 0.939648 0.939648 0.939648
9360 14.766855 14.766855 14.766855 0.939648 0.939648 0.939648
9370 14.766855 14.766855 14.766855 0.939648 0.939648 0.939648
9380 14.766855 14.766855 14.766855 0.939648 0.939648 0.939648
9390 14.766855 14.766855 14.766855 0.939648 0.939648 0.939648
9400 14.766855 14.766855 14.766855 0.939648 0.939648 0.939648
9410 14.766855 14.766855 14.766855 0.939648 0.939648 0.939648
9420 14.766855 14.766855 14.766855 0.939648 0.939648 0.939648
9430 14.766855 14.766855 14.766855 0.939648 0.939648 0.939648
9440 14.766855 14.766855 14.766855 0.939648 0.939648 0.939648
9450 14.766855 14.766855 14.766855 0.939648 0.939648 0.939648
9460 14.766855 14.766855 14.766855 0.939648 0.939648 0.939648
9470 14.766855 14.766855 14.766855 0.939648 0.939648 0.939648
9480 14.766855 14.766855 14.766855 0.939648 0.939648 0.939648
9490 14.766855 14.766855 14.766855 0.939648 0.939648 0.939648
9500 14.766855 14.766855 14.766855 0.939648 0.939648 0.939648
9510 14.766855 14.766855 14.766855 0.939648 0.939648 0.939648
9520 14.766855 14.766855 14.766855 0.939648 0.939648 0.939648
9530 14.766855 14.766855 14.766855 0.939648 0.939648 0.939648
9540 14.766855 14.766855 14.766855 0.939648 0.939648 0.939648
9550 14.766855 14.766855 14.766855 0.939648 0.939648 0.939648
9560 14.766855 14.766855 14.766855 0.939648 0.939648 0.939648
9570 14.766855 14.766855 14.766855 0.939648 0.939648 0.939648
9580 14.766855 14.766855 14.766855 0.939648 0.939648 0.939648
9590 14.766855 14.766855 14.766855 0.939648 0.939648 0.939648
9600 14.766855 14.766855 14.766855 0.939648 0.939648 0.939648
9610 14.766855 14.766855 14.766855 0.939648 0.939648 0.939648
9620 14.766855 14.766855 14.766855 0.939648 0.939648 0.939648
9630 14.766855 14.766855 14.766855 0.939648 0.939648 0.939648
9640 14.766855 14.766855 14.766855 0.939648 0.939648 0.939648
9650 14.766855 14.766855 14.766855 0.939648 0.939648 0.939648
9660 14.766855 14.766855 14.766855 0.939648 0.939648 0.939648
9670 14.766855 14.766855 14.766855 0.939648 0.939648 0.939648
9680 14.766855 14.766855 14.766855 0.939648 0.939648 0.939648
9690 14.766855 14.766855 14.766855 0.939648 0.939648 0.939648
9700 14.766855 14.766855 14.766855 0.939648 0.939648 0.939648
9710 14.766855 14.766855 14.766855 0.939648 0.939648 0.939648
9720 14.766855 14.766855 14.766855 0.939648 0.939648 0.939648
9730 14.766855 14.766855 14.766855 0.939648 0.939648 0.939648
9740 14.766855 14.766855 14.766855 0.939648 0.939648 0.939648
9750 14.766855 14.766855 14.766855 0.939648 0.939648 0.939648
9760 14.766855 14.766855 14.766855 0.939648 0.939648 0.939648
9770 14.766855 14.766855 14.766855 0.939648 0.939648 0.939648
9780 14.766855 14.766855 14.766855 0.939648 0.939648 0.939648
9790 14.766855 14.766855 14.766855 0.939648 0.939648 0.939648
9800 14.766855 14.766855 14.766855 0.939648 0.939648 0.939648
9810 14.766855 14.766855 14.766855 0.939648 0.939648 0.939648
9820 14.766855 14.766855 14.766855 0.939648 0.939648 0.939648
9830 14.766855 14.766855 14.766855 0.939648 0.939648 0.939648
9840 14.766855 14.766855 14.766855 0.939648 0.939648 0.939648
9850 14.766855 14.766855 14.766855 0.939648 0.939648 0.939648
9860 14.766855 14.766855 14.766855 0.939648 0.939648 0.939648
9870 14.766855 14.766855 14.766855 0.939648 0.939648 0.939648
9880 14.766855 14.766855 14.766855 0.939648 0.939648 0.939648
9890 14.766855 14.766855 14.766855 0.939648 0.939648 0.939648
9900 14.766855 14.766855 14.766855 0.939648 0.939648 0.939648
9910 14.766855 14.766855 14.766855 0.939648 0.939648 0.939648
9920 14.766855 14.766855 14.766855 0.939648 0.939648 0.939648
9930 14.766855 14.766855 14.766855 0.939648 0.939648 0.939648
9940 14.766855 14.766855 14.766855 0.939648 0.939648 0.939648
9950 14.766855 14.766855 14.766855 0.939648 0.939648 0.939648
9960 14.766855 14.766855 14.766855 0.939648 0.939648 0.939648
9970 14.766855 14.766855 14.766855 0.939648 0.939648 0.939648
9980 14.766855 14.766855 14.766855 0.939648 0.939648 0.939648
9990 14.766855 14.766855 14.766855 0.939648 0.939648 0.939648
10000 14.766855 14.766855 14.766855 0.939648 0.939648 0.939648
