# generation power_min power_avg power_max util_min util_avg util_max
1 51.741611 51.741611 51.741611 1.278256 1.483705 1.499956
10 51.275900 51.275900 51.275900 1.049219 1.473205 1.499956
20 51.275900 30.675537 51.275900 0.952836 1.456131 1.499956
30 51.275900 27.559990 51.275900 0.862540 1.429868 1.499956
40 52.397194 27.559990 52.397194 0.862540 1.411458 1.499437
50 53.295280 27.559990 53.295280 0.862540 1.385579 1.499286
60 53.295280 31.158848 53.295280 0.862540 1.349061 1.499286
70 53.295280 31.761833 53.295280 0.848362 1.308170 1.499286
80 53.295280 31.868463 53.295280 0.848362 1.266700 1.499286
90 53.295280 29.823599 53.295280 0.848362 1.225213 1.499286
100 53.295280 29.514662 53.295280 0.848362 1.186581 1.499286
110 18.524888 28.859858 53.295280 0.842390 1.146288 1.499286
120 18.524888 28.198177 53.295280 0.770860 1.113000 1.499286
130 48.648014 28.332622 48.648014 0.770860 1.077224 1.499286
140 45.266681 27.938805 45.266681 0.770860 1.054055 1.499286
150 37.444238 27.141675 37.444238 0.770860 1.021044 1.484254
160 36.156890 26.183452 36.156890 0.692821 0.999711 1.344446
170 33.234611 25.591762 33.234611 0.692821 0.986315 1.343275
180 31.840450 24.371803 31.840450 0.692821 0.977088 1.343275
190 30.313836 23.083870 30.313836 0.692821 0.971197 1.343275
200 28.777345 22.527482 28.777345 0.692821 0.958431 1.252624
210 27.040945 21.768070 27.040945 0.692821 0.955458 1.252624
220 16.807897 20.917110 26.087537 0.718140 0.951571 1.252624
230 16.802974 20.217346 24.767334 0.718140 0.950934 1.252624
240 16.802974 19.746946 24.215952 0.718140 0.944774 1.145079
250 16.267514 19.173737 22.401219 0.718140 0.939663 1.145079
260 16.267514 18.826147 21.118305 0.718140 0.939661 1.145079
270 16.267513 18.571185 20.422036 0.718140 0.935875 1.130214
280 16.172415 18.271371 20.136093 0.789805 0.939730 1.027175
290 16.172415 17.969986 19.732957 0.789805 0.939760 1.027175
300 16.053243 17.701457 19.352393 0.789805 0.939887 1.018884
310 15.852143 17.408005 19.166793 0.789805 0.940244 1.012110
320 15.852143 17.168254 18.651753 0.789805 0.939250 1.012110
330 15.794779 16.918848 18.322628 0.836522 0.937717 1.010825
340 15.524646 16.739897 18.025529 0.838629 0.933044 1.010825
350 15.524646 16.534210 17.717051 0.838629 0.931535 1.010825
360 17.497697 16.354630 17.497697 0.838629 0.933869 1.025592
370 17.200860 16.231686 17.200860 0.838629 0.933064 1.025592
380 16.909653 16.089020 16.909653 0.838629 0.937422 1.025592
390 15.105591 15.960401 16.733941 0.838629 0.942560 1.025592
400 15.105591 15.869518 16.458735 0.857222 0.948829 1.025592
410 15.105591 15.777682 16.277934 0.857222 0.953617 1.025592
420 15.105591 15.706052 16.144202 0.857222 0.958529 1.025592
430 14.859423 15.624702 16.050621 0.857222 0.960602 1.025592
440 14.859423 15.546769 15.965144 0.829756 0.961567 1.025592
450 14.546745 15.460431 15.852553 0.829756 0.966098 1.025592
460 14.546745 15.391100 15.758346 0.829756 0.964368 1.025592
470 14.211390 15.301123 15.686700 0.829756 0.962968 1.007960
480 14.211390 15.204805 15.592823 0.829756 0.959658 1.007960
490 14.211390 15.133451 15.538666 0.829756 0.956231 1.007960
500 14.211390 15.047840 15.515992 0.829756 0.952955 1.007960
510 14.168198 14.962031 15.433227 0.829756 0.950514 1.007960
520 13.870707 14.883227 15.381807 0.829756 0.947984 1.007960
530 13.866381 14.777382 15.289476 0.829756 0.949054 1.000066
540 13.598462 14.658016 15.226386 0.829756 0.950997 1.010012
550 13.518201 14.523087 15.166986 0.838313 0.954762 1.010012
560 13.506308 14.398049 15.152311 0.857158 0.957976 1.010012
570 13.498436 14.270918 15.018616 0.881048 0.958636 1.010012
580 13.213367 14.163176 14.876793 0.881048 0.957792 1.010012
590 13.213367 14.058098 14.755388 0.881048 0.957210 1.010012
600 13.213367 13.959787 14.511306 0.890953 0.956551 1.010012
610 13.152681 13.880450 14.423001 0.890953 0.957452 1.010012
620 13.152681 13.793816 14.306383 0.890953 0.959292 1.010257
630 13.152681 13.717914 14.209959 0.897371 0.958908 1.010257
640 13.132906 13.644635 14.042466 0.897371 0.958057 1.010257
650 13.127901 13.579701 13.958823 0.897371 0.956152 1.010257
660 13.884054 13.523697 13.884054 0.897371 0.956042 1.010257
670 13.866381 13.466839 13.866381 0.897371 0.952165 1.010257
680 13.724330 13.405223 13.724330 0.897371 0.947164 1.010257
690 13.598462 13.347016 13.598462 0.867203 0.945211 1.010257
700 13.592205 13.305559 13.592205 0.867203 0.944980 1.010257
710 13.506308 13.255150 13.506308 0.865017 0.939540 1.005793
720 13.498436 13.207483 13.498436 0.865017 0.936384 1.005793
730 13.392691 13.157299 13.392691 0.865017 0.933339 1.005793
740 12.530728 13.101369 13.383119 0.865017 0.929413 1.005793
750 12.530728 13.049947 13.348925 0.859282 0.928675 1.005793
760 12.423036 12.991639 13.284544 0.859282 0.929762 1.005793
770 12.402974 12.933704 13.214339 0.859282 0.926237 1.005793
780 12.330277 12.867580 13.137206 0.859282 0.925932 1.005793
790 12.298333 12.796422 13.093950 0.859282 0.927281 1.005793
800 12.217362 12.721689 13.082016 0.859282 0.931079 1.005793
810 12.217362 12.663340 13.024612 0.859282 0.935631 1.005793
820 12.119664 12.594824 12.942679 0.859282 0.941994 1.005793
830 12.119664 12.545680 12.906336 0.859282 0.943836 1.002005
840 12.119664 12.483512 12.854634 0.859282 0.947620 1.002005
850 12.039912 12.420676 12.809798 0.859282 0.950929 1.002005
860 11.990146 12.362917 12.708723 0.886375 0.959405 1.002005
870 11.990146 12.313820 12.624186 0.886375 0.960628 1.002005
880 11.990146 12.281469 12.519513 0.945069 0.962762 1.002005
890 11.990146 12.250183 12.404589 0.945069 0.962384 0.976737
900 11.990146 12.230316 12.389291 0.945069 0.962407 0.976737
910 11.990146 12.210242 12.359055 0.945069 0.964098 0.975766
920 11.990146 12.189844 12.328756 0.945069 0.965689 0.975766
930 11.990146 12.166217 12.298333 0.945069 0.966004 0.975766
940 11.990146 12.150752 12.228833 0.945069 0.965905 0.975766
950 11.990146 12.133521 12.217362 0.945069 0.965912 0.975766
960 11.990146 12.116421 12.217362 0.945069 0.965912 0.975766
970 11.990146 12.097730 12.197301 0.945069 0.965912 0.975766
980 11.990146 12.080844 12.197301 0.945069 0.965912 0.975766
990 11.990146 12.063958 12.197301 0.945069 0.965912 0.975766
1000 11.990146 12.048348 12.170134 0.945069 0.965171 0.975766
1010 11.990146 12.038425 12.118050 0.964745 0.965273 0.975766
1020 11.990146 12.029081 12.118050 0.964745 0.965379 0.975766
1030 11.990146 12.027675 12.028441 0.965187 0.965398 0.975766
1040 11.990146 12.027675 12.028441 0.965187 0.965398 0.975766
1050 11.990146 12.027292 12.028441 0.965187 0.965504 0.975766
1060 11.990146 12.026910 12.028441 0.965187 0.965610 0.975766
1070 11.990146 12.026527 12.028441 0.965187 0.965716 0.975766
1080 11.990146 12.026527 12.028441 0.965187 0.965716 0.975766
1090 11.990146 12.025761 12.028441 0.965187 0.965927 0.975766
1100 11.990146 12.024229 12.028441 0.965187 0.966350 0.975766
1110 11.990146 12.022314 12.028441 0.965187 0.966879 0.975766
1120 11.990146 12.020782 12.028441 0.965187 0.967303 0.975766
1130 11.990146 12.017336 12.028441 0.965187 0.968255 0.975766
1140 11.990146 12.014272 12.028441 0.965187 0.969101 0.975766
1150 11.990146 12.010826 12.028441 0.965187 0.970053 0.975766
1160 11.990146 12.007379 12.028441 0.965187 0.971005 0.975766
1170 11.990146 12.003933 12.028441 0.965187 0.971957 0.975766
1180 11.990146 12.000103 12.028441 0.965187 0.973015 0.975766
1190 11.990146 11.996274 12.028441 0.965187 0.974073 0.975766
1200 11.990146 11.992444 12.028441 0.965187 0.975131 0.975766
1210 11.990146 11.990146 11.990146 0.975766 0.975766 0.975766
1220 11.990146 11.990146 11.990146 0.975766 0.975766 0.975766
1230 11.990146 11.990146 11.990146 0.975766 0.975766 0.975766
1240 11.990146 11.990146 11.990146 0.975766 0.975766 0.975766
1250 11.990146 11.990146 11.990146 0.975766 0.975766 0.975766
1260 11.990146 11.990146 11.990146 0.975766 0.975766 0.975766
1270 11.990146 11.990146 11.990146 0.975766 0.975766 0.975766
1280 11.990146 11.990146 11.990146 0.975766 0.975766 0.975766
1290 11.990146 11.990146 11.990146 0.975766 0.975766 0.975766
1300 11.990146 11.990146 11.990146 0.975766 0.975766 0.975766
1310 11.990146 11.990146 11.990146 0.975766 0.975766 0.975766
1320 11.990146 11.990146 11.990146 0.975766 0.975766 0.975766
1330 11.990146 11.990146 11.990146 0.975766 0.975766 0.975766
1340 11.990146 11.990146 11.990146 0.975766 0.975766 0.975766
1350 11.990146 11.990146 11.990146 0.975766 0.975766 0.975766
1360 11.990146 11.990146 11.990146 0.975766 0.975766 0.975766
1370 11.990146 11.990146 11.990146 0.975766 0.975766 0.975766
1380 11.990146 11.990146 11.990146 0.975766 0.975766 0.975766
1390 11.990146 11.990146 11.990146 0.975766 0.975766 0.975766
1400 11.990146 11.990146 11.990146 0.975766 0.975766 0.975766
1410 11.990146 11.990146 11.990146 0.975766 0.975766 0.975766
1420 11.990146 11.990146 11.990146 0.975766 0.975766 0.975766
1430 11.990146 11.990146 11.990146 0.975766 0.975766 0.975766
1440 11.990146 11.990146 11.990146 0.975766 0.975766 0.975766
1450 11.990146 11.990146 11.990146 0.975766 0.975766 0.975766
1460 11.990146 11.990146 11.990146 0.975766 0.975766 0.975766
1470 11.990146 11.990146 11.990146 0.975766 0.975766 0.975766
1480 11.990146 11.990146 11.990146 0.975766 0.975766 0.975766
1490 11.990146 11.990146 11.990146 0.975766 0.975766 0.975766
1500 11.990146 11.990146 11.990146 0.975766 0.975766 0.975766
1510 11.990146 11.990146 11.990146 0.975766 0.975766 0.975766
1520 11.990146 11.990146 11.990146 0.975766 0.975766 0.975766
1530 11.990146 11.990146 11.990146 0.975766 0.975766 0.975766
1540 11.990146 11.990146 11.990146 0.975766 0.975766 0.975766
1550 11.990146 11.990146 11.990146 0.975766 0.975766 0.975766
1560 11.990146 11.990146 11.990146 0.975766 0.975766 0.975766
1570 11.990146 11.990146 11.990146 0.975766 0.975766 0.975766
1580 11.990146 11.990146 11.990146 0.975766 0.975766 0.975766
1590 11.990146 11.990146 11.990146 0.975766 0.975766 0.975766
1600 11.990146 11.990146 11.990146 0.975766 0.975766 0.975766
1610 11.990146 11.990146 11.990146 0.975766 0.975766 0.975766
1620 11.990146 11.990146 11.990146 0.975766 0.975766 0.975766
1630 11.990146 11.990146 11.990146 0.975766 0.975766 0.975766
1640 11.990146 11.990146 11.990146 0.975766 0.975766 0.975766
1650 11.990146 11.990146 11.990146 0.975766 0.975766 0.975766
1660 11.990146 11.990146 11.990146 0.975766 0.975766 0.975766
1670 11.990146 11.990146 11.990146 0.975766 0.975766 0.975766
1680 11.990146 11.990146 11.990146 0.975766 0.975766 0.975766
1690 11.990146 11.990146 11.990146 0.975766 0.975766 0.975766
1700 11.990146 11.990146 11.990146 0.975766 0.975766 0.975766
1710 11.990146 11.990146 11.990146 0.975766 0.975766 0.975766
1720 11.990146 11.990146 11.990146 0.975766 0.975766 0.975766
1730 11.990146 11.990146 11.990146 0.975766 0.975766 0.975766
1740 11.990146 11.990146 11.990146 0.975766 0.975766 0.975766
1750 11.990146 11.990146 11.990146 0.975766 0.975766 0.975766
1760 11.990146 11.990146 11.990146 0.975766 0.975766 0.975766
1770 11.990146 11.990146 11.990146 0.975766 0.975766 0.975766
1780 11.990146 11.990146 11.990146 0.975766 0.975766 0.975766
1790 11.990146 11.990146 11.990146 0.975766 0.975766 0.975766
1800 11.990146 11.990146 11.990146 0.975766 0.975766 0.975766
1810 11.990146 11.990146 11.990146 0.975766 0.975766 0.975766
1820 11.990146 11.990146 11.990146 0.975766 0.975766 0.975766
1830 11.990146 11.990146 11.990146 0.975766 0.975766 0.975766
1840 11.990146 11.990146 11.990146 0.975766 0.975766 0.975766
1850 11.990146 11.990146 11.990146 0.975766 0.975766 0.975766
1860 11.990146 11.990146 11.990146 0.975766 0.975766 0.975766
1870 11.990146 11.990146 11.990146 0.975766 0.975766 0.975766
1880 11.990146 11.990146 11.990146 0.975766 0.975766 0.975766
1890 11.990146 11.990146 11.990146 0.975766 0.975766 0.975766
1900 11.990146 11.990146 11.990146 0.975766 0.975766 0.975766
1910 11.990146 11.990146 11.990146 0.975766 0.975766 0.975766
1920 11.990146 11.990146 11.990146 0.975766 0.975766 0.975766
1930 11.990146 11.990146 11.990146 0.975766 0.975766 0.975766
1940 11.990146 11.990146 11.990146 0.975766 0.975766 0.975766
1950 11.990146 11.990146 11.990146 0.975766 0.975766 0.975766
1960 11.990146 11.990146 11.990146 0.975766 0.975766 0.975766
1970 11.990146 11.990146 11.990146 0.975766 0.975766 0.975766
1980 11.990146 11.990146 11.990146 0.975766 0.975766 0.975766
1990 11.990146 11.990146 11.990146 0.975766 0.975766 0.975766
2000 11.990146 11.990146 11.990146 0.975766 0.975766 0.975766
2010 11.990146 11.990146 11.990146 0.975766 0.975766 0.975766
2020 11.990146 11.990146 11.990146 0.975766 0.975766 0.975766
2030 11.990146 11.990146 11.990146 0.975766 0.975766 0.975766
2040 11.990146 11.990146 11.990146 0.975766 0.975766 0.975766
2050 11.990146 11.990146 11.990146 0.975766 0.975766 0.975766
2060 11.990146 11.990146 11.990146 0.975766 0.975766 0.975766
2070 11.990146 11.990146 11.990146 0.975766 0.975766 0.975766
2080 11.990146 11.990146 11.990146 0.975766 0.975766 0.975766
2090 11.990146 11.990146 11.990146 0.975766 0.975766 0.975766
2100 11.990146 11.990146 11.990146 0.975766 0.975766 0.975766
2110 11.990146 11.990146 11.990146 0.975766 0.975766 0.975766
2120 11.990146 11.990146 11.990146 0.975766 0.975766 0.975766
2130 11.990146 11.990146 11.990146 0.975766 0.975766 0.975766
2140 11.990146 11.990146 11.990146 0.975766 0.975766 0.975766
2150 11.990146 11.990146 11.990146 0.975766 0.975766 0.975766
2160 11.990146 11.990146 11.990146 0.975766 0.975766 0.975766
2170 11.990146 11.990146 11.990146 0.975766 0.975766 0.975766
2180 11.990146 11.990146 11.990146 0.975766 0.975766 0.975766
2190 11.990146 11.990146 11.990146 0.975766 0.975766 0.975766
2200 11.990146 11.990146 11.990146 0.975766 0.975766 0.975766
2210 11.990146 11.990146 11.990146 0.975766 0.975766 0.975766
2220 11.990146 11.990146 11.990146 0.975766 0.975766 0.975766
2230 11.990146 11.990146 11.990146 0.975766 0.975766 0.975766
2240 11.990146 11.990146 11.990146 0.975766 0.975766 0.975766
2250 11.990146 11.990146 11.990146 0.975766 0.975766 0.975766
2260 11.990146 11.990146 11.990146 0.975766 0.975766 0.975766
2270 11.990146 11.990146 11.990146 0.975766 0.975766 0.975766
2280 11.990146 11.990146 11.990146 0.975766 0.975766 0.975766
2290 11.990146 11.990146 11.990146 0.975766 0.975766 0.975766
2300 11.990146 11.990146 11.990146 0.975766 0.975766 0.975766
2310 11.990146 11.990146 11.990146 0.975766 0.975766 0.975766
2320 11.990146 11.990146 11.990146 0.975766 0.975766 0.975766
2330 11.990146 11.990146 11.990146 0.975766 0.975766 0.975766
2340 11.990146 11.990146 11.990146 0.975766 0.975766 0.975766
2350 11.990146 11.990146 11.990146 0.975766 0.975766 0.975766
2360 11.990146 11.990146 11.990146 0.975766 0.975766 0.975766
2370 11.990146 11.990146 11.990146 0.975766 0.975766 0.975766
2380 11.990146 11.990146 11.990146 0.975766 0.975766 0.975766
2390 11.990146 11.990146 11.990146 0.975766 0.975766 0.975766
2400 11.990146 11.990146 11.990146 0.975766 0.975766 0.975766
2410 11.990146 11.990146 11.990146 0.975766 0.975766 0.975766
2420 11.990146 11.990146 11.990146 0.975766 0.975766 0.975766
2430 11.990146 11.990146 11.990146 0.975766 0.975766 0.975766
2440 11.990146 11.990146 11.990146 0.975766 0.975766 0.975766
2450 11.990146 11.990146 11.990146 0.975766 0.975766 0.975766
2460 11.990146 11.990146 11.990146 0.975766 0.975766 0.975766
2470 11.990146 11.990146 11.990146 0.975766 0.975766 0.975766
2480 11.990146 11.990146 11.990146 0.975766 0.975766 0.975766
2490 11.990146 11.990146 11.990146 0.975766 0.975766 0.975766
2500 11.990146 11.990146 11.990146 0.975766 0.975766 0.975766
2510 11.990146 11.990146 11.990146 0.975766 0.975766 0.975766
2520 11.990146 11.990146 11.990146 0.975766 0.975766 0.975766
2530 11.990146 11.990146 11.990146 0.975766 0.975766 0.975766
2540 11.990146 11.990146 11.990146 0.975766 0.975766 0.975766
2550 11.990146 11.990146 11.990146 0.975766 0.975766 0.975766
2560 11.990146 11.990146 11.990146 0.975766 0.975766 0.975766
2570 11.990146 11.990146 11.990146 0.975766 0.975766 0.975766
2580 11.990146 11.990146 11.990146 0.975766 0.975766 0.975766
2590 11.990146 11.990146 11.990146 0.975766 0.975766 0.975766
2600 11.990146 11.990146 11.990146 0.975766 0.975766 0.975766
2610 11.990146 11.990146 11.990146 0.975766 0.975766 0.975766
2620 11.990146 11.990146 11.990146 0.975766 0.975766 0.975766
2630 11.990146 11.990146 11.990146 0.975766 0.975766 0.975766
2640 11.990146 11.990146 11.990146 0.975766 0.975766 0.975766
2650 11.990146 11.990146 11.990146 0.975766 0.975766 0.975766
2660 11.990146 11.990146 11.990146 0.975766 0.975766 0.975766
2670 11.990146 11.990146 11.990146 0.975766 0.975766 0.975766
2680 11.990146 11.990146 11.990146 0.975766 0.975766 0.975766
2690 11.990146 11.990146 11.990146 0.975766 0.975766 0.975766
2700 11.990146 11.990146 11.990146 0.975766 0.975766 0.975766
2710 11.990146 11.990146 11.990146 0.975766 0.975766 0.975766
2720 11.990146 11.990146 11.990146 0.975766 0.975766 0.975766
2730 11.990146 11.990146 11.990146 0.975766 0.975766 0.975766
2740 11.990146 11.990146 11.990146 0.975766 0.975766 0.975766
2750 11.990146 11.990146 11.990146 0.975766 0.975766 0.975766
2760 11.990146 11.990146 11.990146 0.975766 0.975766 0.975766
2770 11.990146 11.990146 11.990146 0.975766 0.975766 0.975766
2780 11.990146 11.990146 11.990146 0.975766 0.975766 0.975766
2790 11.990146 11.990146 11.990146 0.975766 0.975766 0.975766
2800 11.990146 11.990146 11.990146 0.975766 0.975766 0.975766
2810 11.990146 11.990146 11.990146 0.975766 0.975766 0.975766
2820 11.990146 11.990146 11.990146 0.975766 0.975766 0.975766
2830 11.990146 11.990146 11.990146 0.975766 0.975766 0.975766
2840 11.990146 11.990146 11.990146 0.975766 0.975766 0.975766
2850 11.990146 11.990146 11.990146 0.975766 0.975766 0.975766
2860 11.990146 11.990146 11.990146 0.975766 0.975766 0.975766
2870 11.990146 11.990146 11.990146 0.975766 0.975766 0.975766
2880 11.990146 11.990146 11.990146 0.975766 0.975766 0.975766
2890 11.990146 11.990146 11.990146 0.975766 0.975766 0.975766
2900 11.990146 11.990146 11.990146 0.975766 0.975766 0.975766
2910 11.990146 11.990146 11.990146 0.975766 0.975766 0.975766
2920 11.990146 11.990146 11.990146 0.975766 0.975766 0.975766
2930 11.990146 11.990146 11.990146 0.975766 0.975766 0.975766
2940 11.990146 11.990146 11.990146 0.975766 0.975766 0.975766
2950 11.990146 11.990146 11.990146 0.975766 0.975766 0.975766
2960 11.990146 11.990146 11.990146 0.975766 0.975766 0.975766
2970 11.990146 11.990146 11.990146 0.975766 0.975766 0.975766
2980 11.990146 11.990146 11.990146 0.975766 0.975766 0.975766
2990 11.990146 11.990146 11.990146 0.975766 0.975766 0.975766
3000 11.990146 11.990146 11.990146 0.975766 0.975766 0.975766
3010 11.990146 11.990146 11.990146 0.975766 0.975766 0.975766
3020 11.990146 11.990146 11.990146 0.975766 0.975766 0.975766
3030 11.990146 11.990146 11.990146 0.975766 0.975766 0.975766
3040 11.990146 11.990146 11.990146 0.975766 0.975766 0.975766
3050 11.990146 11.990146 11.990146 0.975766 0.975766 0.975766
3060 11.990146 11.990146 11.990146 0.975766 0.975766 0.975766
3070 11.990146 11.990146 11.990146 0.975766 0.975766 0.975766
3080 11.990146 11.990146 11.990146 0.975766 0.975766 0.975766
3090 11.990146 11.990146 11.990146 0.975766 0.975766 0.975766
3100 11.990146 11.990146 11.990146 0.975766 0.975766 0.975766
3110 11.990146 11.990146 11.990146 0.975766 0.975766 0.975766
3120 11.990146 11.990146 11.990146 0.975766 0.975766 0.975766
3130 11.990146 11.990146 11.990146 0.975766 0.975766 0.975766
3140 11.990146 11.990146 11.990146 0.975766 0.975766 0.975766
3150 11.990146 11.990146 11.990146 0.975766 0.975766 0.975766
3160 11.990146 11.990146 11.990146 0.975766 0.975766 0.975766
3170 11.990146 11.990146 11.990146 0.975766 0.975766 0.975766
3180 11.990146 11.990146 11.990146 0.975766 0.975766 0.975766
3190 11.990146 11.990146 11.990146 0.975766 0.975766 0.975766
3200 11.990146 11.990146 11.990146 0.975766 0.975766 0.975766
3210 11.990146 11.990146 11.990146 0.975766 0.975766 0.975766
3220 11.990146 11.990146 11.990146 0.975766 0.975766 0.975766
3230 11.990146 11.990146 11.990146 0.975766 0.975766 0.975766
3240 11.990146 11.990146 11.990146 0.975766 0.975766 0.975766
3250 11.990146 11.990146 11.990146 0.975766 0.975766 0.975766
3260 11.990146 11.990146 11.990146 0.975766 0.975766 0.975766
3270 11.990146 11.990146 11.990146 0.975766 0.975766 0.975766
3280 11.990146 11.990146 11.990146 0.975766 0.975766 0.975766
3290 11.990146 11.990146 11.990146 0.975766 0.975766 0.975766
3300 11.990146 11.990146 11.990146 0.975766 0.975766 0.975766
3310 11.990146 11.990146 11.990146 0.975766 0.975766 0.975766
3320 11.990146 11.990146 11.990146 0.975766 0.975766 0.975766
3330 11.990146 11.990146 11.990146 0.975766 0.975766 0.975766
3340 11.990146 11.990146 11.990146 0.975766 0.975766 0.975766
3350 11.990146 11.990146 11.990146 0.975766 0.975766 0.975766
3360 11.990146 11.990146 11.990146 0.975766 0.975766 0.975766
3370 11.990146 11.990146 11.990146 0.975766 0.975766 0.975766
3380 11.990146 11.990146 11.990146 0.975766 0.975766 0.975766
3390 11.990146 11.990146 11.990146 0.975766 0.975766 0.975766
3400 11.990146 11.990146 11.990146 0.975766 0.975766 0.975766
3410 11.990146 11.990146 11.990146 0.975766 0.975766 0.975766
3420 11.990146 11.990146 11.990146 0.975766 0.975766 0.975766
3430 11.990146 11.990146 11.990146 0.975766 0.975766 0.975766
3440 11.990146 11.990146 11.990146 0.975766 0.975766 0.975766
3450 11.990146 11.990146 11.990146 0.975766 0.975766 0.975766
3460 11.990146 11.990146 11.990146 0.975766 0.975766 0.975766
3470 11.990146 11.990146 11.990146 0.975766 0.975766 0.975766
3480 11.990146 11.990146 11.990146 0.975766 0.975766 0.975766
3490 11.990146 11.990146 11.990146 0.975766 0.975766 0.975766
3500 11.990146 11.990146 11.990146 0.975766 0.975766 0.975766
3510 11.990146 11.990146 11.990146 0.975766 0.975766 0.975766
3520 11.990146 11.990146 11.990146 0.975766 0.975766 0.975766
3530 11.990146 11.990146 11.990146 0.975766 0.975766 0.975766
3540 11.990146 11.990146 11.990146 0.975766 0.975766 0.975766
3550 11.990146 11.990146 11.990146 0.975766 0.975766 0.975766
3560 11.990146 11.990146 11.990146 0.975766 0.975766 0.975766
3570 11.990146 11.990146 11.990146 0.975766 0.975766 0.975766
3580 11.990146 11.990146 11.990146 0.975766 0.975766 0.975766
3590 11.990146 11.990146 11.990146 0.975766 0.975766 0.975766
3600 11.990146 11.990146 11.990146 0.975766 0.975766 0.975766
3610 11.990146 11.990146 11.990146 0.975766 0.975766 0.975766
3620 11.990146 11.990146 11.990146 0.975766 0.975766 0.975766
3630 11.990146 11.990146 11.990146 0.975766 0.975766 0.975766
3640 11.990146 11.990146 11.990146 0.975766 0.975766 0.975766
3650 11.990146 11.990146 11.990146 0.975766 0.975766 0.975766
3660 11.990146 11.990146 11.990146 0.975766 0.975766 0.975766
3670 11.990146 11.990146 11.990146 0.975766 0.975766 0.975766
3680 11.990146 11.990146 11.990146 0.975766 0.975766 0.975766
3690 11.990146 11.990146 11.990146 0.975766 0.975766 0.975766
3700 11.990146 11.990146 11.990146 0.975766 0.975766 0.975766
3710 11.990146 11.990146 11.990146 0.975766 0.975766 0.975766
3720 11.990146 11.990146 11.990146 0.975766 0.975766 0.975766
3730 11.990146 11.990146 11.990146 0.975766 0.975766 0.975766
3740 11.990146 11.990146 11.990146 0.975766 0.975766 0.975766
3750 11.990146 11.990146 11.990146 0.975766 0.975766 0.975766
3760 11.990146 11.990146 11.990146 0.975766 0.975766 0.975766
3770 11.990146 11.990146 11.990146 0.975766 0.975766 0.975766
3780 11.990146 11.990146 11.990146 0.975766 0.975766 0.975766
3790 11.990146 11.990146 11.990146 0.975766 0.975766 0.975766
3800 11.990146 11.990146 11.990146 0.975766 0.975766 0.975766
3810 11.990146 11.990146 11.990146 0.975766 0.975766 0.975766
3820 11.990146 11.990146 11.990146 0.975766 0.975766 0.975766
3830 11.990146 11.990146 11.990146 0.975766 0.975766 0.975766
3840 11.990146 11.990146 11.990146 0.975766 0.975766 0.975766
3850 11.990146 11.990146 11.990146 0.975766 0.975766 0.975766
3860 11.990146 11.990146 11.990146 0.975766 0.975766 0.975766
3870 11.990146 11.990146 11.990146 0.975766 0.975766 0.975766
3880 11.990146 11.990146 11.990146 0.975766 0.975766 0.975766
3890 11.990146 11.990146 11.990146 0.975766 0.975766 0.975766
3900 11.990146 11.990146 11.990146 0.975766 0.975766 0.975766
3910 11.990146 11.990146 11.990146 0.975766 0.975766 0.975766
3920 11.990146 11.990146 11.990146 0.975766 0.975766 0.975766
3930 11.990146 11.990146 11.990146 0.975766 0.975766 0.975766
3940 11.990146 11.990146 11.990146 0.975766 0.975766 0.975766
3950 11.990146 11.990146 11.990146 0.975766 0.975766 0.975766
3960 11.990146 11.990146 11.990146 0.975766 0.975766 0.975766
3970 11.990146 11.990146 11.990146 0.975766 0.975766 0.975766
3980 11.990146 11.990146 11.990146 0.975766 0.975766 0.975766
3990 11.990146 11.990146 11.990146 0.975766 0.975766 0.975766
4000 11.990146 11.990146 11.990146 0.975766 0.975766 0.975766
4010 11.990146 11.990146 11.990146 0.975766 0.975766 0.975766
4020 11.990146 11.990146 11.990146 0.975766 0.975766 0.975766
4030 11.990146 11.990146 11.990146 0.975766 0.975766 0.975766
4040 11.990146 11.990146 11.990146 0.975766 0.975766 0.975766
4050 11.990146 11.990146 11.990146 0.975766 0.975766 0.975766
4060 11.990146 11.990146 11.990146 0.975766 0.975766 0.975766
4070 11.990146 11.990146 11.990146 0.975766 0.975766 0.975766
4080 11.990146 11.990146 11.990146 0.975766 0.975766 0.975766
4090 11.990146 11.990146 11.990146 0.975766 0.975766 0.975766
4100 11.990146 11.990146 11.990146 0.975766 0.975766 0.975766
4110 11.990146 11.990146 11.990146 0.975766 0.975766 0.975766
4120 11.990146 11.990146 11.990146 0.975766 0.975766 0.975766
4130 11.990146 11.990146 11.990146 0.975766 0.975766 0.975766
4140 11.990146 11.990146 11.990146 0.975766 0.975766 0.975766
4150 11.990146 11.990146 11.990146 0.975766 0.975766 0.975766
4160 11.990146 11.990146 11.990146 0.975766 0.975766 0.975766
4170 11.990146 11.990146 11.990146 0.975766 0.975766 0.975766
4180 11.990146 11.990146 11.990146 0.975766 0.975766 0.975766
4190 11.990146 11.990146 11.990146 0.975766 0.975766 0.975766
4200 11.990146 11.990146 11.990146 0.975766 0.975766 0.975766
4210 11.990146 11.990146 11.990146 0.975766 0.975766 0.975766
4220 11.990146 11.990146 11.990146 0.975766 0.975766 0.975766
4230 11.990146 11.990146 11.990146 0.975766 0.975766 0.975766
4240 11.990146 11.990146 11.990146 0.975766 0.975766 0.975766
4250 11.990146 11.990146 11.990146 0.975766 0.975766 0.975766
4260 11.990146 11.990146 11.990146 0.975766 0.975766 0.975766
4270 11.990146 11.990146 11.990146 0.975766 0.975766 0.975766
4280 11.990146 11.990146 11.990146 0.975766 0.975766 0.975766
4290 11.990146 11.990146 11.990146 0.975766 0.975766 0.975766
4300 11.990146 11.990146 11.990146 0.975766 0.975766 0.975766
4310 11.990146 11.990146 11.990146 0.975766 0.975766 0.975766
4320 11.990146 11.990146 11.990146 0.975766 0.975766 0.975766
4330 11.990146 11.990146 11.990146 0.975766 0.975766 0.975766
4340 11.990146 11.990146 11.990146 0.975766 0.975766 0.975766
4350 11.990146 11.990146 11.990146 0.975766 0.975766 0.975766
4360 11.990146 11.990146 11.990146 0.975766 0.975766 0.975766
4370 11.990146 11.990146 11.990146 0.975766 0.975766 0.975766
4380 11.990146 11.990146 11.990146 0.975766 0.975766 0.975766
4390 11.990146 11.990146 11.990146 0.975766 0.975766 0.975766
4400 11.990146 11.990146 11.990146 0.975766 0.975766 0.975766
4410 11.990146 11.990146 11.990146 0.975766 0.975766 0.975766
4420 11.990146 11.990146 11.990146 0.975766 0.975766 0.975766
4430 11.990146 11.990146 11.990146 0.975766 0.975766 0.975766
4440 11.990146 11.990146 11.990146 0.975766 0.975766 0.975766
4450 11.990146 11.990146 11.990146 0.975766 0.975766 0.975766
4460 11.990146 11.990146 11.990146 0.975766 0.975766 0.975766
4470 11.990146 11.990146 11.990146 0.975766 0.975766 0.975766
4480 11.990146 11.990146 11.990146 0.975766 0.975766 0.975766
4490 11.990146 11.990146 11.990146 0.975766 0.975766 0.975766
4500 11.990146 11.990146 11.990146 0.975766 0.975766 0.975766
4510 11.990146 11.990146 11.990146 0.975766 0.975766 0.975766
4520 11.990146 11.990146 11.990146 0.975766 0.975766 0.975766
4530 11.990146 11.990146 11.990146 0.975766 0.975766 0.975766
4540 11.990146 11.990146 11.990146 0.975766 0.975766 0.975766
4550 11.990146 11.990146 11.990146 0.975766 0.975766 0.975766
4560 11.990146 11.990146 11.990146 0.975766 0.975766 0.975766
4570 11.990146 11.990146 11.990146 0.975766 0.975766 0.975766
4580 11.990146 11.990146 11.990146 0.975766 0.975766 0.975766
4590 11.990146 11.990146 11.990146 0.975766 0.975766 0.975766
4600 11.990146 11.990146 11.990146 0.975766 0.975766 0.975766
4610 11.990146 11.990146 11.990146 0.975766 0.975766 0.975766
4620 11.990146 11.990146 11.990146 0.975766 0.975766 0.975766
4630 11.990146 11.990146 11.990146 0.975766 0.975766 0.975766
4640 11.990146 11.990146 11.990146 0.975766 0.975766 0.975766
4650 11.990146 11.990146 11.990146 0.975766 0.975766 0.975766
4660 11.990146 11.990146 11.990146 0.975766 0.975766 0.975766
4670 11.990146 11.990146 11.990146 0.975766 0.975766 0.975766
4680 11.990146 11.990146 11.990146 0.975766 0.975766 0.975766
4690 11.990146 11.990146 11.990146 0.975766 0.975766 0.975766
4700 11.990146 11.990146 11.990146 0.975766 0.975766 0.975766
4710 11.990146 11.990146 11.990146 0.975766 0.975766 0.975766
4720 11.990146 11.990146 11.990146 0.975766 0.975766 0.975766
4730 11.990146 11.990146 11.990146 0.975766 0.975766 0.975766
4740 11.990146 11.990146 11.990146 0.975766 0.975766 0.975766
4750 11.990146 11.990146 11.990146 0.975766 0.975766 0.975766
4760 11.990146 11.990146 11.990146 0.975766 0.975766 0.975766
4770 11.990146 11.990146 11.990146 0.975766 0.975766 0.975766
4780 11.990146 11.990146 11.990146 0.975766 0.975766 0.975766
4790 11.990146 11.990146 11.990146 0.975766 0.975766 0.975766
4800 11.990146 11.990146 11.990146 0.975766 0.975766 0.975766
4810 11.990146 11.990146 11.990146 0.975766 0.975766 0.975766
4820 11.990146 11.990146 11.990146 0.975766 0.975766 0.975766
4830 11.990146 11.990146 11.990146 0.975766 0.975766 0.975766
4840 11.990146 11.990146 11.990146 0.975766 0.975766 0.975766
4850 11.990146 11.990146 11.990146 0.975766 0.975766 0.975766
4860 11.990146 11.990146 11.990146 0.975766 0.975766 0.975766
4870 11.990146 11.990146 11.990146 0.975766 0.975766 0.975766
4880 11.990146 11.990146 11.990146 0.975766 0.975766 0.975766
4890 11.990146 11.990146 11.990146 0.975766 0.975766 0.975766
4900 11.990146 11.990146 11.990146 0.975766 0.975766 0.975766
4910 11.990146 11.990146 11.990146 0.975766 0.975766 0.975766
4920 11.990146 11.990146 11.990146 0.975766 0.975766 0.975766
4930 11.990146 11.990146 11.990146 0.975766 0.975766 0.975766
4940 11.990146 11.990146 11.990146 0.975766 0.975766 0.975766
4950 11.990146 11.990146 11.990146 0.975766 0.975766 0.975766
4960 11.990146 11.990146 11.990146 0.975766 0.975766 0.975766
4970 11.990146 11.990146 11.990146 0.975766 0.975766 0.975766
4980 11.990146 11.990146 11.990146 0.975766 0.975766 0.975766
4990 11.990146 11.990146 11.990146 0.975766 0.975766 0.975766
5000 11.990146 11.990146 11.990146 0.975766 0.975766 0.975766
5010 11.990146 11.990146 11.990146 0.975766 0.975766 0.975766
5020 11.990146 11.990146 11.990146 0.975766 0.975766 0.975766
5030 11.990146 11.990146 11.990146 0.975766 0.975766 0.975766
5040 11.990146 11.990146 11.990146 0.975766 0.975766 0.975766
5050 11.990146 11.990146 11.990146 0.975766 0.975766 0.975766
5060 11.990146 11.990146 11.990146 0.975766 0.975766 0.975766
5070 11.990146 11.990146 11.990146 0.975766 0.975766 0.975766
5080 11.990146 11.990146 11.990146 0.975766 0.975766 0.975766
5090 11.990146 11.990146 11.990146 0.975766 0.975766 0.975766
5100 11.990146 11.990146 11.990146 0.975766 0.975766 0.975766
5110 11.990146 11.990146 11.990146 0.975766 0.975766 0.975766
5120 11.990146 11.990146 11.990146 0.975766 0.975766 0.975766
5130 11.990146 11.990146 11.990146 0.975766 0.975766 0.975766
5140 11.990146 11.990146 11.990146 0.975766 0.975766 0.975766
5150 11.990146 11.990146 11.990146 0.975766 0.975766 0.975766
5160 11.990146 11.990146 11.990146 0.975766 0.975766 0.975766
5170 11.990146 11.990146 11.990146 0.975766 0.975766 0.975766
5180 11.990146 11.990146 11.990146 0.975766 0.975766 0.975766
5190 11.990146 11.990146 11.990146 0.975766 0.975766 0.975766
5200 11.990146 11.990146 11.990146 0.975766 0.975766 0.975766
5210 11.990146 11.990146 11.990146 0.975766 0.975766 0.975766
5220 11.990146 11.990146 11.990146 0.975766 0.975766 0.975766
5230 11.990146 11.990146 11.990146 0.975766 0.975766 0.975766
5240 11.990146 11.990146 11.990146 0.975766 0.975766 0.975766
5250 11.990146 11.990146 11.990146 0.975766 0.975766 0.975766
5260 11.990146 11.990146 11.990146 0.975766 0.975766 0.975766
5270 11.990146 11.990146 11.990146 0.975766 0.975766 0.975766
5280 11.990146 11.990146 11.990146 0.975766 0.975766 0.975766
5290 11.990146 11.990146 11.990146 0.975766 0.975766 0.975766
5300 11.990146 11.990146 11.990146 0.975766 0.975766 0.975766
5310 11.990146 11.990146 11.990146 0.975766 0.975766 0.975766
5320 11.990146 11.990146 11.990146 0.975766 0.975766 0.975766
5330 11.990146 11.990146 11.990146 0.975766 0.975766 0.975766
5340 11.990146 11.990146 11.990146 0.975766 0.975766 0.975766
5350 11.990146 11.990146 11.990146 0.975766 0.975766 0.975766
5360 11.990146 11.990146 11.990146 0.975766 0.975766 0.975766
5370 11.990146 11.990146 11.990146 0.975766 0.975766 0.975766
5380 11.990146 11.990146 11.990146 0.975766 0.975766 0.975766
5390 11.990146 11.990146 11.990146 0.975766 0.975766 0.975766
5400 11.990146 11.990146 11.990146 0.975766 0.975766 0.975766
5410 11.990146 11.990146 11.990146 0.975766 0.975766 0.975766
5420 11.990146 11.990146 11.990146 0.975766 0.975766 0.975766
5430 11.990146 11.990146 11.990146 0.975766 0.975766 0.975766
5440 11.990146 11.990146 11.990146 0.975766 0.975766 0.975766
5450 11.990146 11.990146 11.990146 0.975766 0.975766 0.975766
5460 11.990146 11.990146 11.990146 0.975766 0.975766 0.975766
5470 11.990146 11.990146 11.990146 0.975766 0.975766 0.975766
5480 11.990146 11.990146 11.990146 0.975766 0.975766 0.975766
5490 11.990146 11.990146 11.990146 0.975766 0.975766 0.975766
5500 11.990146 11.990146 11.990146 0.975766 0.975766 0.975766
5510 11.990146 11.990146 11.990146 0.975766 0.975766 0.975766
5520 11.990146 11.990146 11.990146 0.975766 0.975766 0.975766
5530 11.990146 11.990146 11.990146 0.975766 0.975766 0.975766
5540 11.990146 11.990146 11.990146 0.975766 0.975766 0.975766
5550 11.990146 11.990146 11.990146 0.975766 0.975766 0.975766
5560 11.990146 11.990146 11.990146 0.975766 0.975766 0.975766
5570 11.990146 11.990146 11.990146 0.975766 0.975766 0.975766
5580 11.990146 11.990146 11.990146 0.975766 0.975766 0.975766
5590 11.990146 11.990146 11.990146 0.975766 0.975766 0.975766
5600 11.990146 11.990146 11.990146 0.975766 0.975766 0.975766
5610 11.990146 11.990146 11.990146 0.975766 0.975766 0.975766
5620 11.990146 11.990146 11.990146 0.975766 0.975766 0.975766
5630 11.990146 11.990146 11.990146 0.975766 0.975766 0.975766
5640 11.990146 11.990146 11.990146 0.975766 0.975766 0.975766
5650 11.990146 11.990146 11.990146 0.975766 0.975766 0.975766
5660 11.990146 11.990146 11.990146 0.975766 0.975766 0.975766
5670 11.990146 11.990146 11.990146 0.975766 0.975766 0.975766
5680 11.990146 11.990146 11.990146 0.975766 0.975766 0.975766
5690 11.990146 11.990146 11.990146 0.975766 0.975766 0.975766
5700 11.990146 11.990146 11.990146 0.975766 0.975766 0.975766
5710 11.990146 11.990146 11.990146 0.975766 0.975766 0.975766
5720 11.990146 11.990146 11.990146 0.975766 0.975766 0.975766
5730 11.990146 11.990146 11.990146 0.975766 0.975766 0.975766
5740 11.990146 11.990146 11.990146 0.975766 0.975766 0.975766
5750 11.990146 11.990146 11.990146 0.975766 0.975766 0.975766
5760 11.990146 11.990146 11.990146 0.975766 0.975766 0.975766
5770 11.990146 11.990146 11.990146 0.975766 0.975766 0.975766
5780 11.990146 11.990146 11.990146 0.975766 0.975766 0.975766
5790 11.990146 11.990146 11.990146 0.975766 0.975766 0.975766
5800 11.990146 11.990146 11.990146 0.975766 0.975766 0.975766
5810 11.990146 11.990146 11.990146 0.975766 0.975766 0.975766
5820 11.990146 11.990146 11.990146 0.975766 0.975766 0.975766
5830 11.990146 11.990146 11.990146 0.975766 0.975766 0.975766
5840 11.990146 11.990146 11.990146 0.975766 0.975766 0.975766
5850 11.990146 11.990146 11.990146 0.975766 0.975766 0.975766
5860 11.990146 11.990146 11.990146 0.975766 0.975766 0.975766
5870 11.990146 11.990146 11.990146 0.975766 0.975766 0.975766
5880 11.990146 11.990146 11.990146 0.975766 0.975766 0.975766
5890 11.990146 11.990146 11.990146 0.975766 0.975766 0.975766
5900 11.990146 11.990146 11.990146 0.975766 0.975766 0.975766
5910 11.990146 11.990146 11.990146 0.975766 0.975766 0.975766
5920 11.990146 11.990146 11.990146 0.975766 0.975766 0.975766
5930 11.990146 11.990146 11.990146 0.975766 0.975766 0.975766
5940 11.990146 11.990146 11.990146 0.975766 0.975766 0.975766
5950 11.990146 11.990146 11.990146 0.975766 0.975766 0.975766
5960 11.990146 11.990146 11.990146 0.975766 0.975766 0.975766
5970 11.990146 11.990146 11.990146 0.975766 0.975766 0.975766
5980 11.990146 11.990146 11.990146 0.975766 0.975766 0.975766
5990 11.990146 11.990146 11.990146 0.975766 0.975766 0.975766
6000 11.990146 11.990146 11.990146 0.975766 0.975766 0.975766
6010 11.990146 11.990146 11.990146 0.975766 0.975766 0.975766
6020 11.990146 11.990146 11.990146 0.975766 0.975766 0.975766
6030 11.990146 11.990146 11.990146 0.975766 0.975766 0.975766
6040 11.990146 11.990146 11.990146 0.975766 0.975766 0.975766
6050 11.990146 11.990146 11.990146 0.975766 0.975766 0.975766
6060 11.990146 11.990146 11.990146 0.975766 0.975766 0.975766
6070 11.990146 11.990146 11.990146 0.975766 0.975766 0.975766
6080 11.990146 11.990146 11.990146 0.975766 0.975766 0.975766
6090 11.990146 11.990146 11.990146 0.975766 0.975766 0.975766
6100 11.990146 11.990146 11.990146 0.975766 0.975766 0.975766
6110 11.990146 11.990146 11.990146 0.975766 0.975766 0.975766
6120 11.990146 11.990146 11.990146 0.975766 0.975766 0.975766
6130 11.990146 11.990146 11.990146 0.975766 0.975766 0.975766
6140 11.990146 11.990146 11.990146 0.975766 0.975766 0.975766
6150 11.990146 11.990146 11.990146 0.975766 0.975766 0.975766
6160 11.990146 11.990146 11.990146 0.975766 0.975766 0.975766
6170 11.990146 11.990146 11.990146 0.975766 0.975766 0.975766
6180 11.990146 11.990146 11.990146 0.975766 0.975766 0.975766
6190 11.990146 11.990146 11.990146 0.975766 0.975766 0.975766
6200 11.990146 11.990146 11.990146 0.975766 0.975766 0.975766
6210 11.990146 11.990146 11.990146 0.975766 0.975766 0.975766
6220 11.990146 11.990146 11.990146 0.975766 0.975766 0.975766
6230 11.990146 11.990146 11.990146 0.975766 0.975766 0.975766
6240 11.990146 11.990146 11.990146 0.975766 0.975766 0.975766
6250 11.990146 11.990146 11.990146 0.975766 0.975766 0.975766
6260 11.990146 11.990146 11.990146 0.975766 0.975766 0.975766
6270 11.990146 11.990146 11.990146 0.975766 0.975766 0.975766
6280 11.990146 11.990146 11.990146 0.975766 0.975766 0.975766
6290 11.990146 11.990146 11.990146 0.975766 0.975766 0.975766
6300 11.990146 11.990146 11.990146 0.975766 0.975766 0.975766
6310 11.990146 11.990146 11.990146 0.975766 0.975766 0.975766
6320 11.990146 11.990146 11.990146 0.975766 0.975766 0.975766
6330 11.990146 11.990146 11.990146 0.975766 0.975766 0.975766
6340 11.990146 11.990146 11.990146 0.975766 0.975766 0.975766
6350 11.990146 11.990146 11.990146 0.975766 0.975766 0.975766
6360 11.990146 11.990146 11.990146 0.975766 0.975766 0.975766
6370 11.990146 11.990146 11.990146 0.975766 0.975766 0.975766
6380 11.990146 11.990146 11.990146 0.975766 0.975766 0.975766
6390 11.990146 11.990146 11.990146 0.975766 0.975766 0.975766
6400 11.990146 11.990146 11.990146 0.975766 0.975766 0.975766
6410 11.990146 11.990146 11.990146 0.975766 0.975766 0.975766
6420 11.990146 11.990146 11.990146 0.975766 0.975766 0.975766
6430 11.990146 11.990146 11.990146 0.975766 0.975766 0.975766
6440 11.990146 11.990146 11.990146 0.975766 0.975766 0.975766
6450 11.990146 11.990146 11.990146 0.975766 0.975766 0.975766
6460 11.990146 11.990146 11.990146 0.975766 0.975766 0.975766
6470 11.990146 11.990146 11.990146 0.975766 0.975766 0.975766
6480 11.990146 11.990146 11.990146 0.975766 0.975766 0.975766
6490 11.990146 11.990146 11.990146 0.975766 0.975766 0.975766
6500 11.990146 11.990146 11.990146 0.975766 0.975766 0.975766
6510 11.990146 11.990146 11.990146 0.975766 0.975766 0.975766
6520 11.990146 11.990146 11.990146 0.975766 0.975766 0.975766
6530 11.990146 11.990146 11.990146 0.975766 0.975766 0.975766
6540 11.990146 11.990146 11.990146 0.975766 0.975766 0.975766
6550 11.990146 11.990146 11.990146 0.975766 0.975766 0.975766
6560 11.990146 11.990146 11.990146 0.975766 0.975766 0.975766
6570 11.990146 11.990146 11.990146 0.975766 0.975766 0.975766
6580 11.990146 11.990146 11.990146 0.975766 0.975766 0.975766
6590 11.990146 11.990146 11.990146 0.975766 0.975766 0.975766
6600 11.990146 11.990146 11.990146 0.975766 0.975766 0.975766
6610 11.990146 11.990146 11.990146 0.975766 0.975766 0.975766
6620 11.990146 11.990146 11.990146 0.975766 0.975766 0.975766
6630 11.990146 11.990146 11.990146 0.975766 0.975766 0.975766
6640 11.990146 11.990146 11.990146 0.975766 0.975766 0.975766
6650 11.990146 11.990146 11.990146 0.975766 0.975766 0.975766
6660 11.990146 11.990146 11.990146 0.975766 0.975766 0.975766
6670 11.990146 11.990146 11.990146 0.975766 0.975766 0.975766
6680 11.990146 11.990146 11.990146 0.975766 0.975766 0.975766
6690 11.990146 11.990146 11.990146 0.975766 0.975766 0.975766
6700 11.990146 11.990146 11.990146 0.975766 0.975766 0.975766
6710 11.990146 11.990146 11.990146 0.975766 0.975766 0.975766
6720 11.990146 11.990146 11.990146 0.975766 0.975766 0.975766
6730 11.990146 11.990146 11.990146 0.975766 0.975766 0.975766
6740 11.990146 11.990146 11.990146 0.975766 0.975766 0.975766
6750 11.990146 11.990146 11.990146 0.975766 0.975766 0.975766
6760 11.990146 11.990146 11.990146 0.975766 0.975766 0.975766
6770 11.990146 11.990146 11.990146 0.975766 0.975766 0.975766
6780 11.990146 11.990146 11.990146 0.975766 0.975766 0.975766
6790 11.990146 11.990146 11.990146 0.975766 0.975766 0.975766
6800 11.990146 11.990146 11.990146 0.975766 0.975766 0.975766
6810 11.990146 11.990146 11.990146 0.975766 0.975766 0.975766
6820 11.990146 11.990146 11.990146 0.975766 0.975766 0.975766
6830 11.990146 11.990146 11.990146 0.975766 0.975766 0.975766
6840 11.990146 11.990146 11.990146 0.975766 0.975766 0.975766
6850 11.990146 11.990146 11.990146 0.975766 0.975766 0.975766
6860 11.990146 11.990146 11.990146 0.975766 0.975766 0.975766
6870 11.990146 11.990146 11.990146 0.975766 0.975766 0.975766
6880 11.990146 11.990146 11.990146 0.975766 0.975766 0.975766
6890 11.990146 11.990146 11.990146 0.975766 0.975766 0.975766
6900 11.990146 11.990146 11.990146 0.975766 0.975766 0.975766
6910 11.990146 11.990146 11.990146 0.975766 0.975766 0.975766
6920 11.990146 11.990146 11.990146 0.975766 0.975766 0.975766
6930 11.990146 11.990146 11.990146 0.975766 0.975766 0.975766
6940 11.990146 11.990146 11.990146 0.975766 0.975766 0.975766
6950 11.990146 11.990146 11.990146 0.975766 0.975766 0.975766
6960 11.990146 11.990146 11.990146 0.975766 0.975766 0.975766
6970 11.990146 11.990146 11.990146 0.975766 0.975766 0.975766
6980 11.990146 11.990146 11.990146 0.975766 0.975766 0.975766
6990 11.990146 11.990146 11.990146 0.975766 0.975766 0.975766
7000 11.990146 11.990146 11.990146 0.975766 0.975766 0.975766
7010 11.990146 11.990146 11.990146 0.975766 0.975766 0.975766
7020 11.990146 11.990146 11.990146 0.975766 0.975766 0.975766
7030 11.990146 11.990146 11.990146 0.975766 0.975766 0.975766
7040 11.990146 11.990146 11.990146 0.975766 0.975766 0.975766
7050 11.990146 11.990146 11.990146 0.975766 0.975766 0.975766
7060 11.990146 11.990146 11.990146 0.975766 0.975766 0.975766
7070 11.990146 11.990146 11.990146 0.975766 0.975766 0.975766
7080 11.990146 11.990146 11.990146 0.975766 0.975766 0.975766
7090 11.990146 11.990146 11.990146 0.975766 0.975766 0.975766
7100 11.990146 11.990146 11.990146 0.975766 0.975766 0.975766
7110 11.990146 11.990146 11.990146 0.975766 0.975766 0.975766
7120 11.990146 11.990146 11.990146 0.975766 0.975766 0.975766
7130 11.990146 11.990146 11.990146 0.975766 0.975766 0.975766
7140 11.990146 11.990146 11.990146 0.975766 0.975766 0.975766
7150 11.990146 11.990146 11.990146 0.975766 0.975766 0.975766
7160 11.990146 11.990146 11.990146 0.975766 0.975766 0.975766
7170 11.990146 11.990146 11.990146 0.975766 0.975766 0.975766
7180 11.990146 11.990146 11.990146 0.975766 0.975766 0.975766
7190 11.990146 11.990146 11.990146 0.975766 0.975766 0.975766
7200 11.990146 11.990146 11.990146 0.975766 0.975766 0.975766
7210 11.990146 11.990146 11.990146 0.975766 0.975766 0.975766
7220 11.990146 11.990146 11.990146 0.975766 0.975766 0.975766
7230 11.990146 11.990146 11.990146 0.975766 0.975766 0.975766
7240 11.990146 11.990146 11.990146 0.975766 0.975766 0.975766
7250 11.990146 11.990146 11.990146 0.975766 0.975766 0.975766
7260 11.990146 11.990146 11.990146 0.975766 0.975766 0.975766
7270 11.990146 11.990146 11.990146 0.975766 0.975766 0.975766
7280 11.990146 11.990146 11.990146 0.975766 0.975766 0.975766
7290 11.990146 11.990146 11.990146 0.975766 0.975766 0.975766
7300 11.990146 11.990146 11.990146 0.975766 0.975766 0.975766
7310 11.990146 11.990146 11.990146 0.975766 0.975766 0.975766
7320 11.990146 11.990146 11.990146 0.975766 0.975766 0.975766
7330 11.990146 11.990146 11.990146 0.975766 0.975766 0.975766
7340 11.990146 11.990146 11.990146 0.975766 0.975766 0.975766
7350 11.990146 11.990146 11.990146 0.975766 0.975766 0.975766
7360 11.990146 11.990146 11.990146 0.975766 0.975766 0.975766
7370 11.990146 11.990146 11.990146 0.975766 0.975766 0.975766
7380 11.990146 11.990146 11.990146 0.975766 0.975766 0.975766
7390 11.990146 11.990146 11.990146 0.975766 0.975766 0.975766
7400 11.990146 11.990146 11.990146 0.975766 0.975766 0.975766
7410 11.990146 11.990146 11.990146 0.975766 0.975766 0.975766
7420 11.990146 11.990146 11.990146 0.975766 0.975766 0.975766
7430 11.990146 11.990146 11.990146 0.975766 0.975766 0.975766
7440 11.990146 11.990146 11.990146 0.975766 0.975766 0.975766
7450 11.990146 11.990146 11.990146 0.975766 0.975766 0.975766
7460 11.990146 11.990146 11.990146 0.975766 0.975766 0.975766
7470 11.990146 11.990146 11.990146 0.975766 0.975766 0.975766
7480 11.990146 11.990146 11.990146 0.975766 0.975766 0.975766
7490 11.990146 11.990146 11.990146 0.975766 0.975766 0.975766
7500 11.990146 11.990146 11.990146 0.975766 0.975766 0.975766
7510 11.990146 11.990146 11.990146 0.975766 0.975766 0.975766
7520 11.990146 11.990146 11.990146 0.975766 0.975766 0.975766
7530 11.990146 11.990146 11.990146 0.975766 0.975766 0.975766
7540 11.990146 11.990146 11.990146 0.975766 0.975766 0.975766
7550 11.990146 11.990146 11.990146 0.975766 0.975766 0.975766
7560 11.990146 11.990146 11.990146 0.975766 0.975766 0.975766
7570 11.990146 11.990146 11.990146 0.975766 0.975766 0.975766
7580 11.990146 11.990146 11.990146 0.975766 0.975766 0.975766
7590 11.990146 11.990146 11.990146 0.975766 0.975766 0.975766
7600 11.990146 11.990146 11.990146 0.975766 0.975766 0.975766
7610 11.990146 11.990146 11.990146 0.975766 0.975766 0.975766
7620 11.990146 11.990146 11.990146 0.975766 0.975766 0.975766
7630 11.990146 11.990146 11.990146 0.975766 0.975766 0.975766
7640 11.990146 11.990146 11.990146 0.975766 0.975766 0.975766
7650 11.990146 11.990146 11.990146 0.975766 0.975766 0.975766
7660 11.990146 11.990146 11.990146 0.975766 0.975766 0.975766
7670 11.990146 11.990146 11.990146 0.975766 0.975766 0.975766
7680 11.990146 11.990146 11.990146 0.975766 0.975766 0.975766
7690 11.990146 11.990146 11.990146 0.975766 0.975766 0.975766
7700 11.990146 11.990146 11.990146 0.975766 0.975766 0.975766
7710 11.990146 11.990146 11.990146 0.975766 0.975766 0.975766
7720 11.990146 11.990146 11.990146 0.975766 0.975766 0.975766
7730 11.990146 11.990146 11.990146 0.975766 0.975766 0.975766
7740 11.990146 11.990146 11.990146 0.975766 0.975766 0.975766
7750 11.990146 11.990146 11.990146 0.975766 0.975766 0.975766
7760 11.990146 11.990146 11.990146 0.975766 0.975766 0.975766
7770 11.990146 11.990146 11.990146 0.975766 0.975766 0.975766
7780 11.990146 11.990146 11.990146 0.975766 0.975766 0.975766
7790 11.990146 11.990146 11.990146 0.975766 0.975766 0.975766
7800 11.990146 11.990146 11.990146 0.975766 0.975766 0.975766
7810 11.990146 11.990146 11.990146 0.975766 0.975766 0.975766
7820 11.990146 11.990146 11.990146 0.975766 0.975766 0.975766
7830 11.990146 11.990146 11.990146 0.975766 0.975766 0.975766
7840 11.990146 11.990146 11.990146 0.975766 0.975766 0.975766
7850 11.990146 11.990146 11.990146 0.975766 0.975766 0.975766
7860 11.990146 11.990146 11.990146 0.975766 0.975766 0.975766
7870 11.990146 11.990146 11.990146 0.975766 0.975766 0.975766
7880 11.990146 11.990146 11.990146 0.975766 0.975766 0.975766
7890 11.990146 11.990146 11.990146 0.975766 0.975766 0.975766
7900 11.990146 11.990146 11.990146 0.975766 0.975766 0.975766
7910 11.990146 11.990146 11.990146 0.975766 0.975766 0.975766
7920 11.990146 11.990146 11.990146 0.975766 0.975766 0.975766
7930 11.990146 11.990146 11.990146 0.975766 0.975766 0.975766
7940 11.990146 11.990146 11.990146 0.975766 0.975766 0.975766
7950 11.990146 11.990146 11.990146 0.975766 0.975766 0.975766
7960 11.990146 11.990146 11.990146 0.975766 0.975766 0.975766
7970 11.990146 11.990146 11.990146 0.975766 0.975766 0.975766
7980 11.990146 11.990146 11.990146 0.975766 0.975766 0.975766
7990 11.990146 11.990146 11.990146 0.975766 0.975766 0.975766
8000 11.990146 11.990146 11.990146 0.975766 0.975766 0.975766
8010 11.990146 11.990146 11.990146 0.975766 0.975766 0.975766
8020 11.990146 11.990146 11.990146 0.975766 0.975766 0.975766
8030 11.990146 11.990146 11.990146 0.975766 0.975766 0.975766
8040 11.990146 11.990146 11.990146 0.975766 0.975766 0.975766
8050 11.990146 11.990146 11.990146 0.975766 0.975766 0.975766
8060 11.990146 11.990146 11.990146 0.975766 0.975766 0.975766
8070 11.990146 11.990146 11.990146 0.975766 0.975766 0.975766
8080 11.990146 11.990146 11.990146 0.975766 0.975766 0.975766
8090 11.990146 11.990146 11.990146 0.975766 0.975766 0.975766
8100 11.990146 11.990146 11.990146 0.975766 0.975766 0.975766
8110 11.990146 11.990146 11.990146 0.975766 0.975766 0.975766
8120 11.990146 11.990146 11.990146 0.975766 0.975766 0.975766
8130 11.990146 11.990146 11.990146 0.975766 0.975766 0.975766
8140 11.990146 11.990146 11.990146 0.975766 0.975766 0.975766
8150 11.990146 11.990146 11.990146 0.975766 0.975766 0.975766
8160 11.990146 11.990146 11.990146 0.975766 0.975766 0.975766
8170 11.990146 11.990146 11.990146 0.975766 0.975766 0.975766
8180 11.990146 11.990146 11.990146 0.975766 0.975766 0.975766
8190 11.990146 11.990146 11.990146 0.975766 0.975766 0.975766
8200 11.990146 11.990146 11.990146 0.975766 0.975766 0.975766
8210 11.990146 11.990146 11.990146 0.975766 0.975766 0.975766
8220 11.990146 11.990146 11.990146 0.975766 0.975766 0.975766
8230 11.990146 11.990146 11.990146 0.975766 0.975766 0.975766
8240 11.990146 11.990146 11.990146 0.975766 0.975766 0.975766
8250 11.990146 11.990146 11.990146 0.975766 0.975766 0.975766
8260 11.990146 11.990146 11.990146 0.975766 0.975766 0.975766
8270 11.990146 11.990146 11.990146 0.975766 0.975766 0.975766
8280 11.990146 11.990146 11.990146 0.975766 0.975766 0.975766
8290 11.990146 11.990146 11.990146 0.975766 0.975766 0.975766
8300 11.990146 11.990146 11.990146 0.975766 0.975766 0.975766
8310 11.990146 11.990146 11.990146 0.975766 0.975766 0.975766
8320 11.990146 11.990146 11.990146 0.975766 0.975766 0.975766
8330 11.990146 11.990146 11.990146 0.975766 0.975766 0.975766
8340 11.990146 11.990146 11.990146 0.975766 0.975766 0.975766
8350 11.990146 11.990146 11.990146 0.975766 0.975766 0.975766
8360 11.990146 11.990146 11.990146 0.975766 0.975766 0.975766
8370 11.990146 11.990146 11.990146 0.975766 0.975766 0.975766
8380 11.990146 11.990146 11.990146 0.975766 0.975766 0.975766
8390 11.990146 11.990146 11.990146 0.975766 0.975766 0.975766
8400 11.990146 11.990146 11.990146 0.975766 0.975766 0.975766
8410 11.990146 11.990146 11.990146 0.975766 0.975766 0.975766
8420 11.990146 11.990146 11.990146 0.975766 0.975766 0.975766
8430 11.990146 11.990146 11.990146 0.975766 0.975766 0.975766
8440 11.990146 11.990146 11.990146 0.975766 0.975766 0.975766
8450 11.990146 11.990146 11.990146 0.975766 0.975766 0.975766
8460 11.990146 11.990146 11.990146 0.975766 0.975766 0.975766
8470 11.990146 11.990146 11.990146 0.975766 0.975766 0.975766
8480 11.990146 11.990146 11.990146 0.975766 0.975766 0.975766
8490 11.990146 11.990146 11.990146 0.975766 0.975766 0.975766
8500 11.990146 11.990146 11.990146 0.975766 0.975766 0.975766
8510 11.990146 11.990146 11.990146 0.975766 0.975766 0.975766
8520 11.990146 11.990146 11.990146 0.975766 0.975766 0.975766
8530 11.990146 11.990146 11.990146 0.975766 0.975766 0.975766
8540 11.990146 11.990146 11.990146 0.975766 0.975766 0.975766
8550 11.990146 11.990146 11.990146 0.975766 0.975766 0.975766
8560 11.990146 11.990146 11.990146 0.975766 0.975766 0.975766
8570 11.990146 11.990146 11.990146 0.975766 0.975766 0.975766
8580 11.990146 11.990146 11.990146 0.975766 0.975766 0.975766
8590 11.990146 11.990146 11.990146 0.975766 0.975766 0.975766
8600 11.990146 11.990146 11.990146 0.975766 0.975766 0.975766
8610 11.990146 11.990146 11.990146 0.975766 0.975766 0.975766
8620 11.990146 11.990146 11.990146 0.975766 0.975766 0.975766
8630 11.990146 11.990146 11.990146 0.975766 0.975766 0.975766
8640 11.990146 11.990146 11.990146 0.975766 0.975766 0.975766
8650 11.990146 11.990146 11.990146 0.975766 0.975766 0.975766
8660 11.990146 11.990146 11.990146 0.975766 0.975766 0.975766
8670 11.990146 11.990146 11.990146 0.975766 0.975766 0.975766
8680 11.990146 11.990146 11.990146 0.975766 0.975766 0.975766
8690 11.990146 11.990146 11.990146 0.975766 0.975766 0.975766
8700 11.990146 11.990146 11.990146 0.975766 0.975766 0.975766
8710 11.990146 11.990146 11.990146 0.975766 0.975766 0.975766
8720 11.990146 11.990146 11.990146 0.975766 0.975766 0.975766
8730 11.990146 11.990146 11.990146 0.975766 0.975766 0.975766
8740 11.990146 11.990146 11.990146 0.975766 0.975766 0.975766
8750 11.990146 11.990146 11.990146 0.975766 0.975766 0.975766
8760 11.990146 11.990146 11.990146 0.975766 0.975766 0.975766
8770 11.990146 11.990146 11.990146 0.975766 0.975766 0.975766
8780 11.990146 11.990146 11.990146 0.975766 0.975766 0.975766
8790 11.990146 11.990146 11.990146 0.975766 0.975766 0.975766
8800 11.990146 11.990146 11.990146 0.975766 0.975766 0.975766
8810 11.990146 11.990146 11.990146 0.975766 0.975766 0.975766
8820 11.990146 11.990146 11.990146 0.975766 0.975766 0.975766
8830 11.990146 11.990146 11.990146 0.975766 0.975766 0.975766
8840 11.990146 11.990146 11.990146 0.975766 0.975766 0.975766
8850 11.990146 11.990146 11.990146 0.975766 0.975766 0.975766
8860 11.990146 11.990146 11.990146 0.975766 0.975766 0.975766
8870 11.990146 11.990146 11.990146 0.975766 0.975766 0.975766
8880 11.990146 11.990146 11.990146 0.975766 0.975766 0.975766
8890 11.990146 11.990146 11.990146 0.975766 0.975766 0.975766
8900 11.990146 11.990146 11.990146 0.975766 0.975766 0.975766
8910 11.990146 11.990146 11.990146 0.975766 0.975766 0.975766
8920 11.990146 11.990146 11.990146 0.975766 0.975766 0.975766
8930 11.990146 11.990146 11.990146 0.975766 0.975766 0.975766
8940 11.990146 11.990146 11.990146 0.975766 0.975766 0.975766
8950 11.990146 11.990146 11.990146 0.975766 0.975766 0.975766
8960 11.990146 11.990146 11.990146 0.975766 0.975766 0.975766
8970 11.990146 11.990146 11.990146 0.975766 0.975766 0.975766
8980 11.990146 11.990146 11.990146 0.975766 0.975766 0.975766
8990 11.990146 11.990146 11.990146 0.975766 0.975766 0.975766
9000 11.990146 11.990146 11.990146 0.975766 0.975766 0.975766
9010 11.990146 11.990146 11.990146 0.975766 0.975766 0.975766
9020 11.990146 11.990146 11.990146 0.975766 0.975766 0.975766
9030 11.990146 11.990146 11.990146 0.975766 0.975766 0.975766
9040 11.990146 11.990146 11.990146 0.975766 0.975766 0.975766
9050 11.990146 11.990146 11.990146 0.975766 0.975766 0.975766
9060 11.990146 11.990146 11.990146 0.975766 0.975766 0.975766
9070 11.990146 11.990146 11.990146 0.975766 0.975766 0.975766
9080 11.990146 11.990146 11.990146 0.975766 0.975766 0.975766
9090 11.990146 11.990146 11.990146 0.975766 0.975766 0.975766
9100 11.990146 11.990146 11.990146 0.975766 0.975766 0.975766
9110 11.990146 11.990146 11.990146 0.975766 0.975766 0.975766
9120 11.990146 11.990146 11.990146 0.975766 0.975766 0.975766
9130 11.990146 11.990146 11.990146 0.975766 0.975766 0.975766
9140 11.990146 11.990146 11.990146 0.975766 0.975766 0.975766
9150 11.990146 11.990146 11.990146 0.975766 0.975766 0.975766
9160 11.990146 11.990146 11.990146 0.975766 0.975766 0.975766
9170 11.990146 11.990146 11.990146 0.975766 0.975766 0.975766
9180 11.990146 11.990146 11.990146 0.975766 0.975766 0.975766
9190 11.990146 11.990146 11.990146 0.975766 0.975766 0.975766
9200 11.990146 11.990146 11.990146 0.975766 0.975766 0.975766
9210 11.990146 11.990146 11.990146 0.975766 0.975766 0.975766
9220 11.990146 11.990146 11.990146 0.975766 0.975766 0.975766
9230 11.990146 11.990146 11.990146 0.975766 0.975766 0.975766
9240 11.990146 11.990146 11.990146 0.975766 0.975766 0.975766
9250 11.990146 11.990146 11.990146 0.975766 0.975766 0.975766
9260 11.990146 11.990146 11.990146 0.975766 0.975766 0.975766
9270 11.990146 11.990146 11.990146 0.975766 0.975766 0.975766
9280 11.990146 11.990146 11.990146 0.975766 0.975766 0.975766
9290 11.990146 11.990146 11.990146 0.975766 0.975766 0.975766
9300 11.990146 11.990146 11.990146 0.975766 0.975766 0.975766
9310 11.990146 11.990146 11.990146 0.975766 0.975766 0.975766
9320 11.990146 11.990146 11.990146 0.975766 0.975766 0.975766
9330 11.990146 11.990146 11.990146 0.975766 0.975766 0.975766
9340 11.990146 11.990146 11.990146 0.975766 0.975766 0.975766
9350 11.990146 11.990146 11.990146 0.975766 0.975766 0.975766
9360 11.990146 11.990146 11.990146 0.975766 0.975766 0.975766
9370 11.990146 11.990146 11.990146 0.975766 0.975766 0.975766
9380 11.990146 11.990146 11.990146 0.975766 0.975766 0.975766
9390 11.990146 11.990146 11.990146 0.975766 0.975766 0.975766
9400 11.990146 11.990146 11.990146 0.975766 0.975766 0.975766
9410 11.990146 11.990146 11.990146 0.975766 0.975766 0.975766
9420 11.990146 11.990146 11.990146 0.975766 0.975766 0.975766
9430 11.990146 11.990146 11.990146 0.975766 0.975766 0.975766
9440 11.990146 11.990146 11.990146 0.975766 0.975766 0.975766
9450 11.990146 11.990146 11.990146 0.975766 0.975766 0.975766
9460 11.990146 11.990146 11.990146 0.975766 0.975766 0.975766
9470 11.990146 11.990146 11.990146 0.975766 0.975766 0.975766
9480 11.990146 11.990146 11.990146 0.975766 0.975766 0.975766
9490 11.990146 11.990146 11.990146 0.975766 0.975766 0.975766
9500 11.990146 11.990146 11.990146 0.975766 0.975766 0.975766
9510 11.990146 11.990146 11.990146 0.975766 0.975766 0.975766
9520 11.990146 11.990146 11.990146 0.975766 0.975766 0.975766
9530 11.990146 11.990146 11.990146 0.975766 0.975766 0.975766
9540 11.990146 11.990146 11.990146 0.975766 0.975766 0.975766
9550 11.990146 11.990146 11.990146 0.975766 0.975766 0.975766
9560 11.990146 11.990146 11.990146 0.975766 0.975766 0.975766
9570 11.990146 11.990146 11.990146 0.975766 0.975766 0.975766
9580 11.990146 11.990146 11.990146 0.975766 0.975766 0.975766
9590 11.990146 11.990146 11.990146 0.975766 0.975766 0.975766
9600 11.990146 11.990146 11.990146 0.975766 0.975766 0.975766
9610 11.990146 11.990146 11.990146 0.975766 0.975766 0.975766
9620 11.990146 11.990146 11.990146 0.975766 0.975766 0.975766
9630 11.990146 11.990146 11.990146 0.975766 0.975766 0.975766
9640 11.990146 11.990146 11.990146 0.975766 0.975766 0.975766
9650 11.990146 11.990146 11.990146 0.975766 0.975766 0.975766
9660 11.990146 11.990146 11.990146 0.975766 0.975766 0.975766
9670 11.990146 11.990146 11.990146 0.975766 0.975766 0.975766
9680 11.990146 11.990146 11.990146 0.975766 0.975766 0.975766
9690 11.990146 11.990146 11.990146 0.975766 0.975766 0.975766
9700 11.990146 11.990146 11.990146 0.975766 0.975766 0.975766
9710 11.990146 11.990146 11.990146 0.975766 0.975766 0.975766
9720 11.990146 11.990146 11.990146 0.975766 0.975766 0.975766
9730 11.990146 11.990146 11.990146 0.975766 0.975766 0.975766
9740 11.990146 11.990146 11.990146 0.975766 0.975766 0.975766
9750 11.990146 11.990146 11.990146 0.975766 0.975766 0.975766
9760 11.990146 11.990146 11.990146 0.975766 0.975766 0.975766
9770 11.990146 11.990146 11.990146 0.975766 0.975766 0.975766
9780 11.990146 11.990146 11.990146 0.975766 0.975766 0.975766
9790 11.990146 11.990146 11.990146 0.975766 0.975766 0.975766
9800 11.990146 11.990146 11.990146 0.975766 0.975766 0.975766
9810 11.990146 11.990146 11.990146 0.975766 0.975766 0.975766
9820 11.990146 11.990146 11.990146 0.975766 0.975766 0.975766
9830 11.990146 11.990146 11.990146 0.975766 0.975766 0.975766
9840 11.990146 11.990146 11.990146 0.975766 0.975766 0.975766
9850 11.990146 11.990146 11.990146 0.975766 0.975766 0.975766
9860 11.990146 11.990146 11.990146 0.975766 0.975766 0.975766
9870 11.990146 11.990146 11.990146 0.975766 0.975766 0.975766
9880 11.990146 11.990146 11.990146 0.975766 0.975766 0.975766
9890 11.990146 11.990146 11.990146 0.975766 0.975766 0.975766
9900 11.990146 11.990146 11.990146 0.975766 0.975766 0.975766
9910 11.990146 11.990146 11.990146 0.975766 0.975766 0.975766
9920 11.990146 11.990146 11.990146 0.975766 0.975766 0.975766
9930 11.990146 11.990146 11.990146 0.975766 0.975766 0.975766
9940 11.990146 11.990146 11.990146 0.975766 0.975766 0.975766
9950 11.990146 11.990146 11.990146 0.975766 0.975766 0.975766
9960 11.990146 11.990146 11.990146 0.975766 0.975766 0.975766
9970 11.990146 11.990146 11.990146 0.975766 0.975766 0.975766
9980 11.990146 11.990146 11.990146 0.975766 0.975766 0.975766
9990 11.990146 11.990146 11.990146 0.975766 0.975766 0.975766
10000 12.092590 12.092590 12.092590 0.990434 0.990434 0.990434
