# generation power_min power_avg power_max util_min util_avg util_max
1 56.044796 56.044796 56.044796 1.024116 1.058305 1.083199
10 56.044796 56.044796 56.044796 1.024116 1.055315 1.075949
20 56.044796 56.044796 56.044796 1.024116 1.051795 1.071736
30 56.244753 56.244753 56.244753 1.020739 1.048365 1.070174
40 56.244753 56.244753 56.244753 1.015509 1.045181 1.063833
50 56.244753 56.244753 56.244753 1.014226 1.042455 1.062443
60 56.244753 56.244753 56.244753 1.014226 1.039657 1.058479
70 56.244753 56.244753 56.244753 1.014226 1.036883 1.054668
80 56.467834 56.467834 56.467834 1.011141 1.033949 1.049391
90 56.467834 56.467834 56.467834 1.011141 1.031140 1.048468
100 56.467834 56.467834 56.467834 1.008798 1.028657 1.046361
110 56.467834 56.467834 56.467834 1.005260 1.026157 1.044618
120 56.467834 56.467834 56.467834 1.004234 1.023387 1.039926
130 56.467834 56.467834 56.467834 1.004234 1.020885 1.039185
140 56.505665 56.505665 56.505665 0.999886 1.018501 1.039185
150 56.505665 56.505665 56.505665 0.999886 1.015861 1.030301
160 56.505665 56.505665 56.505665 0.999886 1.013602 1.029685
170 56.505665 56.505665 56.505665 0.999886 1.011653 1.027659
180 56.505665 56.460476 56.505665 0.998342 1.009596 1.023138
190 56.505665 56.460476 56.505665 0.998342 1.007939 1.021193
200 56.505665 56.460476 56.505665 0.998342 1.006577 1.016405
210 56.505665 56.446767 56.505665 0.998342 1.005401 1.015389
220 56.505665 56.421334 56.505665 0.998342 1.004235 1.015389
230 56.505665 56.403828 56.505665 0.998342 1.003386 1.013019
240 56.505665 56.382402 56.505665 0.998342 1.002467 1.011915
250 56.505665 56.374551 56.505665 0.998342 1.001791 1.009158
260 56.505665 56.364352 56.505665 0.998342 1.001225 1.005308
270 56.505665 56.358496 56.505665 0.998342 1.000941 1.004761
280 56.481595 56.295057 56.481595 0.998342 1.000891 1.004761
290 56.389517 56.283398 56.389517 0.998432 1.000765 1.004761
300 56.376347 56.276639 56.376347 0.998432 1.000604 1.003437
310 56.376347 56.266640 56.376347 0.998432 1.000461 1.003437
320 56.321122 56.245139 56.321122 0.998432 1.000400 1.002446
330 56.262850 56.235415 56.262850 0.999000 1.000404 1.000802
340 56.241374 56.153134 56.241374 0.997989 1.000421 1.000802
350 56.108467 56.081160 56.108467 0.997989 1.000483 1.000802
360 56.108467 56.083783 56.108467 0.997989 1.000514 1.000802
370 56.108467 56.085623 56.108467 0.997989 1.000560 1.000802
380 56.108467 56.086096 56.108467 0.997989 1.000569 1.000802
390 56.096899 56.084221 56.096899 0.997989 1.000508 1.000802
400 56.096899 56.084221 56.096899 0.997989 1.000502 1.000802
410 56.096899 56.084221 56.096899 0.997989 1.000483 1.000802
420 56.096899 56.083966 56.096899 0.997989 1.000405 1.000802
430 56.096899 56.083334 56.096899 0.997989 1.000318 1.000802
440 56.096899 56.082836 56.096899 0.997989 1.000224 1.000802
450 56.096899 56.082836 56.096899 0.997989 1.000199 1.000802
460 56.096899 56.082836 56.096899 0.997989 1.000143 1.000802
470 56.096899 56.082624 56.096899 0.997989 1.000059 1.000802
480 56.096899 56.082624 56.096899 0.997989 0.999997 1.000802
490 56.096899 56.082624 56.096899 0.997989 0.999934 1.000802
500 56.096899 56.082624 56.096899 0.997989 0.999872 1.000802
510 56.096899 56.081038 56.096899 0.997989 0.999849 1.000178
520 56.078598 56.077283 56.078598 0.997989 1.000025 1.000178
530 56.028020 56.028020 56.028020 1.000178 1.000178 1.000178
540 56.028020 56.028020 56.028020 1.000178 1.000178 1.000178
550 56.028020 56.028020 56.028020 1.000178 1.000178 1.000178
560 56.028020 56.028020 56.028020 1.000178 1.000178 1.000178
570 56.028020 56.028020 56.028020 1.000178 1.000178 1.000178
580 56.028020 56.028020 56.028020 1.000178 1.000178 1.000178
590 56.028020 56.028020 56.028020 1.000178 1.000178 1.000178
600 56.028020 56.028020 56.028020 1.000178 1.000178 1.000178
610 56.028020 56.028020 56.028020 1.000178 1.000178 1.000178
620 56.028020 56.028020 56.028020 1.000178 1.000178 1.000178
630 56.028020 56.028020 56.028020 1.000178 1.000178 1.000178
640 56.028020 56.028020 56.028020 1.000178 1.000178 1.000178
650 56.028020 56.028020 56.028020 1.000178 1.000178 1.000178
660 56.028020 56.028020 56.028020 1.000178 1.000178 1.000178
670 56.028020 56.028020 56.028020 1.000178 1.000178 1.000178
680 56.028020 56.028020 56.028020 1.000178 1.000178 1.000178
690 56.028020 56.028020 56.028020 1.000178 1.000178 1.000178
700 56.028020 56.028020 56.028020 1.000178 1.000178 1.000178
710 56.028020 56.028020 56.028020 1.000178 1.000178 1.000178
720 56.028020 56.028020 56.028020 1.000178 1.000178 1.000178
730 56.028020 56.028020 56.028020 1.000178 1.000178 1.000178
740 56.028020 56.028020 56.028020 1.000178 1.000178 1.000178
750 56.028020 56.028020 56.028020 1.000178 1.000178 1.000178
760 56.028020 56.028020 56.028020 1.000178 1.000178 1.000178
770 56.028020 56.028020 56.028020 1.000178 1.000178 1.000178
780 56.028020 56.028020 56.028020 1.000178 1.000178 1.000178
790 56.028020 56.028020 56.028020 1.000178 1.000178 1.000178
800 56.028020 56.028020 56.028020 1.000178 1.000178 1.000178
810 56.028020 56.028020 56.028020 1.000178 1.000178 1.000178
820 56.028020 56.028020 56.028020 1.000178 1.000178 1.000178
830 56.028020 56.028020 56.028020 1.000178 1.000178 1.000178
840 56.028020 56.028020 56.028020 1.000178 1.000178 1.000178
850 56.028020 56.028020 56.028020 1.000178 1.000178 1.000178
860 56.028020 56.028020 56.028020 1.000178 1.000178 1.000178
870 56.028020 56.028020 56.028020 1.000178 1.000178 1.000178
880 56.028020 56.028020 56.028020 1.000178 1.000178 1.000178
890 56.028020 56.028020 56.028020 1.000178 1.000178 1.000178
900 56.028020 56.028020 56.028020 1.000178 1.000178 1.000178
910 56.028020 56.028020 56.028020 1.000178 1.000178 1.000178
920 56.028020 56.028020 56.028020 1.000178 1.000178 1.000178
930 56.028020 56.028020 56.028020 1.000178 1.000178 1.000178
940 56.028020 56.028020 56.028020 1.000178 1.000178 1.000178
950 56.028020 56.028020 56.028020 1.000178 1.000178 1.000178
960 56.028020 56.028020 56.028020 1.000178 1.000178 1.000178
970 56.028020 56.028020 56.028020 1.000178 1.000178 1.000178
980 56.028020 56.028020 56.028020 1.000178 1.000178 1.000178
990 56.028020 56.028020 56.028020 1.000178 1.000178 1.000178
1000 56.028020 56.028020 56.028020 1.000178 1.000178 1.000178
1010 56.028020 56.028020 56.028020 1.000178 1.000178 1.000178
1020 56.028020 56.028020 56.028020 1.000178 1.000178 1.000178
1030 56.028020 56.028020 56.028020 1.000178 1.000178 1.000178
1040 56.028020 56.028020 56.028020 1.000178 1.000178 1.000178
1050 56.028020 56.028020 56.028020 1.000178 1.000178 1.000178
1060 56.028020 56.028020 56.028020 1.000178 1.000178 1.000178
1070 56.028020 56.028020 56.028020 1.000178 1.000178 1.000178
1080 56.028020 56.028020 56.028020 1.000178 1.000178 1.000178
1090 56.028020 56.028020 56.028020 1.000178 1.000178 1.000178
1100 56.028020 56.028020 56.028020 1.000178 1.000178 1.000178
1110 56.028020 56.028020 56.028020 1.000178 1.000178 1.000178
1120 56.028020 56.028020 56.028020 1.000178 1.000178 1.000178
1130 56.028020 56.028020 56.028020 1.000178 1.000178 1.000178
1140 56.028020 56.028020 56.028020 1.000178 1.000178 1.000178
1150 56.028020 56.028020 56.028020 1.000178 1.000178 1.000178
1160 56.028020 56.028020 56.028020 1.000178 1.000178 1.000178
1170 56.028020 56.028020 56.028020 1.000178 1.000178 1.000178
1180 56.028020 56.028020 56.028020 1.000178 1.000178 1.000178
1190 56.028020 56.028020 56.028020 1.000178 1.000178 1.000178
1200 56.028020 56.028020 56.028020 1.000178 1.000178 1.000178
1210 56.028020 56.028020 56.028020 1.000178 1.000178 1.000178
1220 56.028020 56.028020 56.028020 1.000178 1.000178 1.000178
1230 56.028020 56.028020 56.028020 1.000178 1.000178 1.000178
1240 56.028020 56.028020 56.028020 1.000178 1.000178 1.000178
1250 56.028020 56.028020 56.028020 1.000178 1.000178 1.000178
1260 56.028020 56.028020 56.028020 1.000178 1.000178 1.000178
1270 56.028020 56.028020 56.028020 1.000178 1.000178 1.000178
1280 56.028020 56.028020 56.028020 1.000178 1.000178 1.000178
1290 56.028020 56.028020 56.028020 1.000178 1.000178 1.000178
1300 56.028020 56.028020 56.028020 1.000178 1.000178 1.000178
1310 56.028020 56.028020 56.028020 1.000178 1.000178 1.000178
1320 56.028020 56.028020 56.028020 1.000178 1.000178 1.000178
1330 56.028020 56.028020 56.028020 1.000178 1.000178 1.000178
1340 56.028020 56.028020 56.028020 1.000178 1.000178 1.000178
1350 56.028020 56.028020 56.028020 1.000178 1.000178 1.000178
1360 56.028020 56.028020 56.028020 1.000178 1.000178 1.000178
1370 56.028020 56.028020 56.028020 1.000178 1.000178 1.000178
1380 56.028020 56.028020 56.028020 1.000178 1.000178 1.000178
1390 56.028020 56.028020 56.028020 1.000178 1.000178 1.000178
1400 56.028020 56.028020 56.028020 1.000178 1.000178 1.000178
1410 56.028020 56.028020 56.028020 1.000178 1.000178 1.000178
1420 56.028020 56.028020 56.028020 1.000178 1.000178 1.000178
1430 56.028020 56.028020 56.028020 1.000178 1.000178 1.000178
1440 56.028020 56.028020 56.028020 1.000178 1.000178 1.000178
1450 56.028020 56.028020 56.028020 1.000178 1.000178 1.000178
1460 56.028020 56.028020 56.028020 1.000178 1.000178 1.000178
1470 56.028020 56.028020 56.028020 1.000178 1.000178 1.000178
1480 56.028020 56.028020 56.028020 1.000178 1.000178 1.000178
1490 56.028020 56.028020 56.028020 1.000178 1.000178 1.000178
1500 56.028020 56.028020 56.028020 1.000178 1.000178 1.000178
1510 56.028020 56.028020 56.028020 1.000178 1.000178 1.000178
1520 56.028020 56.028020 56.028020 1.000178 1.000178 1.000178
1530 56.028020 56.028020 56.028020 1.000178 1.000178 1.000178
1540 56.028020 56.028020 56.028020 1.000178 1.000178 1.000178
1550 56.028020 56.028020 56.028020 1.000178 1.000178 1.000178
1560 56.028020 56.028020 56.028020 1.000178 1.000178 1.000178
1570 56.028020 56.028020 56.028020 1.000178 1.000178 1.000178
1580 56.028020 56.028020 56.028020 1.000178 1.000178 1.000178
1590 56.028020 56.028020 56.028020 1.000178 1.000178 1.000178
1600 56.028020 56.028020 56.028020 1.000178 1.000178 1.000178
1610 56.028020 56.028020 56.028020 1.000178 1.000178 1.000178
1620 56.028020 56.028020 56.028020 1.000178 1.000178 1.000178
1630 56.028020 56.028020 56.028020 1.000178 1.000178 1.000178
1640 56.028020 56.028020 56.028020 1.000178 1.000178 1.000178
1650 56.028020 56.028020 56.028020 1.000178 1.000178 1.000178
1660 56.028020 56.028020 56.028020 1.000178 1.000178 1.000178
1670 56.028020 56.028020 56.028020 1.000178 1.000178 1.000178
1680 56.028020 56.028020 56.028020 1.000178 1.000178 1.000178
1690 56.028020 56.028020 56.028020 1.000178 1.000178 1.000178
1700 56.028020 56.028020 56.028020 1.000178 1.000178 1.000178
1710 56.028020 56.028020 56.028020 1.000178 1.000178 1.000178
1720 56.028020 56.028020 56.028020 1.000178 1.000178 1.000178
1730 56.028020 56.028020 56.028020 1.000178 1.000178 1.000178
1740 56.028020 56.028020 56.028020 1.000178 1.000178 1.000178
1750 56.028020 56.028020 56.028020 1.000178 1.000178 1.000178
1760 56.028020 56.028020 56.028020 1.000178 1.000178 1.000178
1770 56.028020 56.028020 56.028020 1.000178 1.000178 1.000178
1780 56.028020 56.028020 56.028020 1.000178 1.000178 1.000178
1790 56.028020 56.028020 56.028020 1.000178 1.000178 1.000178
1800 56.028020 56.028020 56.028020 1.000178 1.000178 1.000178
1810 56.028020 56.028020 56.028020 1.000178 1.000178 1.000178
1820 56.028020 56.028020 56.028020 1.000178 1.000178 1.000178
1830 56.028020 56.028020 56.028020 1.000178 1.000178 1.000178
1840 56.028020 56.028020 56.028020 1.000178 1.000178 1.000178
1850 56.028020 56.028020 56.028020 1.000178 1.000178 1.000178
1860 56.028020 56.028020 56.028020 1.000178 1.000178 1.000178
1870 56.028020 56.028020 56.028020 1.000178 1.000178 1.000178
1880 56.028020 56.028020 56.028020 1.000178 1.000178 1.000178
1890 56.028020 56.028020 56.028020 1.000178 1.000178 1.000178
1900 56.028020 56.028020 56.028020 1.000178 1.000178 1.000178
1910 56.028020 56.028020 56.028020 1.000178 1.000178 1.000178
1920 56.028020 56.028020 56.028020 1.000178 1.000178 1.000178
1930 56.028020 56.028020 56.028020 1.000178 1.000178 1.000178
1940 56.028020 56.028020 56.028020 1.000178 1.000178 1.000178
1950 56.028020 56.028020 56.028020 1.000178 1.000178 1.000178
1960 56.028020 56.028020 56.028020 1.000178 1.000178 1.000178
1970 56.028020 56.028020 56.028020 1.000178 1.000178 1.000178
1980 56.028020 56.028020 56.028020 1.000178 1.000178 1.000178
1990 56.028020 56.028020 56.028020 1.000178 1.000178 1.000178
2000 56.028020 56.028020 56.028020 1.000178 1.000178 1.000178
2010 56.028020 56.028020 56.028020 1.000178 1.000178 1.000178
2020 56.028020 56.028020 56.028020 1.000178 1.000178 1.000178
2030 56.028020 56.028020 56.028020 1.000178 1.000178 1.000178
2040 56.028020 56.028020 56.028020 1.000178 1.000178 1.000178
2050 56.028020 56.028020 56.028020 1.000178 1.000178 1.000178
2060 56.028020 56.028020 56.028020 1.000178 1.000178 1.000178
2070 56.028020 56.028020 56.028020 1.000178 1.000178 1.000178
2080 56.028020 56.028020 56.028020 1.000178 1.000178 1.000178
2090 56.028020 56.028020 56.028020 1.000178 1.000178 1.000178
2100 56.028020 56.028020 56.028020 1.000178 1.000178 1.000178
2110 56.028020 56.028020 56.028020 1.000178 1.000178 1.000178
2120 56.028020 56.028020 56.028020 1.000178 1.000178 1.000178
2130 56.028020 56.028020 56.028020 1.000178 1.000178 1.000178
2140 56.028020 56.028020 56.028020 1.000178 1.000178 1.000178
2150 56.028020 56.028020 56.028020 1.000178 1.000178 1.000178
2160 56.028020 56.028020 56.028020 1.000178 1.000178 1.000178
2170 56.028020 56.028020 56.028020 1.000178 1.000178 1.000178
2180 56.028020 56.028020 56.028020 1.000178 1.000178 1.000178
2190 56.028020 56.028020 56.028020 1.000178 1.000178 1.000178
2200 56.028020 56.028020 56.028020 1.000178 1.000178 1.000178
2210 56.028020 56.028020 56.028020 1.000178 1.000178 1.000178
2220 56.028020 56.028020 56.028020 1.000178 1.000178 1.000178
2230 56.028020 56.028020 56.028020 1.000178 1.000178 1.000178
2240 56.028020 56.028020 56.028020 1.000178 1.000178 1.000178
2250 56.028020 56.028020 56.028020 1.000178 1.000178 1.000178
2260 56.028020 56.028020 56.028020 1.000178 1.000178 1.000178
2270 56.028020 56.028020 56.028020 1.000178 1.000178 1.000178
2280 56.028020 56.028020 56.028020 1.000178 1.000178 1.000178
2290 56.028020 56.028020 56.028020 1.000178 1.000178 1.000178
2300 56.028020 56.028020 56.028020 1.000178 1.000178 1.000178
2310 56.028020 56.028020 56.028020 1.000178 1.000178 1.000178
2320 56.028020 56.028020 56.028020 1.000178 1.000178 1.000178
2330 56.028020 56.028020 56.028020 1.000178 1.000178 1.000178
2340 56.028020 56.028020 56.028020 1.000178 1.000178 1.000178
2350 56.028020 56.028020 56.028020 1.000178 1.000178 1.000178
2360 56.028020 56.028020 56.028020 1.000178 1.000178 1.000178
2370 56.028020 56.028020 56.028020 1.000178 1.000178 1.000178
2380 56.028020 56.028020 56.028020 1.000178 1.000178 1.000178
2390 56.028020 56.028020 56.028020 1.000178 1.000178 1.000178
2400 56.028020 56.028020 56.028020 1.000178 1.000178 1.000178
2410 56.028020 56.028020 56.028020 1.000178 1.000178 1.000178
2420 56.028020 56.028020 56.028020 1.000178 1.000178 1.000178
2430 56.028020 56.028020 56.028020 1.000178 1.000178 1.000178
2440 56.028020 56.028020 56.028020 1.000178 1.000178 1.000178
2450 56.028020 56.028020 56.028020 1.000178 1.000178 1.000178
2460 56.028020 56.028020 56.028020 1.000178 1.000178 1.000178
2470 56.028020 56.028020 56.028020 1.000178 1.000178 1.000178
2480 56.028020 56.028020 56.028020 1.000178 1.000178 1.000178
2490 56.028020 56.028020 56.028020 1.000178 1.000178 1.000178
2500 56.028020 56.028020 56.028020 1.000178 1.000178 1.000178
2510 56.028020 56.028020 56.028020 1.000178 1.000178 1.000178
2520 56.028020 56.028020 56.028020 1.000178 1.000178 1.000178
2530 56.028020 56.028020 56.028020 1.000178 1.000178 1.000178
2540 56.028020 56.028020 56.028020 1.000178 1.000178 1.000178
2550 56.028020 56.028020 56.028020 1.000178 1.000178 1.000178
2560 56.028020 56.028020 56.028020 1.000178 1.000178 1.000178
2570 56.028020 56.028020 56.028020 1.000178 1.000178 1.000178
2580 56.028020 56.028020 56.028020 1.000178 1.000178 1.000178
2590 56.028020 56.028020 56.028020 1.000178 1.000178 1.000178
2600 56.028020 56.028020 56.028020 1.000178 1.000178 1.000178
2610 56.028020 56.028020 56.028020 1.000178 1.000178 1.000178
2620 56.028020 56.028020 56.028020 1.000178 1.000178 1.000178
2630 56.028020 56.028020 56.028020 1.000178 1.000178 1.000178
2640 56.028020 56.028020 56.028020 1.000178 1.000178 1.000178
2650 56.028020 56.028020 56.028020 1.000178 1.000178 1.000178
2660 56.028020 56.028020 56.028020 1.000178 1.000178 1.000178
2670 56.028020 56.028020 56.028020 1.000178 1.000178 1.000178
2680 56.028020 56.028020 56.028020 1.000178 1.000178 1.000178
2690 56.028020 56.028020 56.028020 1.000178 1.000178 1.000178
2700 56.028020 56.028020 56.028020 1.000178 1.000178 1.000178
2710 56.028020 56.028020 56.028020 1.000178 1.000178 1.000178
2720 56.028020 56.028020 56.028020 1.000178 1.000178 1.000178
2730 56.028020 56.028020 56.028020 1.000178 1.000178 1.000178
2740 56.028020 56.028020 56.028020 1.000178 1.000178 1.000178
2750 56.028020 56.028020 56.028020 1.000178 1.000178 1.000178
2760 56.028020 56.028020 56.028020 1.000178 1.000178 1.000178
2770 56.028020 56.028020 56.028020 1.000178 1.000178 1.000178
2780 56.028020 56.028020 56.028020 1.000178 1.000178 1.000178
2790 56.028020 56.028020 56.028020 1.000178 1.000178 1.000178
2800 56.028020 56.028020 56.028020 1.000178 1.000178 1.000178
2810 56.028020 56.028020 56.028020 1.000178 1.000178 1.000178
2820 56.028020 56.028020 56.028020 1.000178 1.000178 1.000178
2830 56.028020 56.028020 56.028020 1.000178 1.000178 1.000178
2840 56.028020 56.028020 56.028020 1.000178 1.000178 1.000178
2850 56.028020 56.028020 56.028020 1.000178 1.000178 1.000178
2860 56.028020 56.028020 56.028020 1.000178 1.000178 1.000178
2870 56.028020 56.028020 56.028020 1.000178 1.000178 1.000178
2880 56.028020 56.028020 56.028020 1.000178 1.000178 1.000178
2890 56.028020 56.028020 56.028020 1.000178 1.000178 1.000178
2900 56.028020 56.028020 56.028020 1.000178 1.000178 1.000178
2910 56.028020 56.028020 56.028020 1.000178 1.000178 1.000178
2920 56.028020 56.028020 56.028020 1.000178 1.000178 1.000178
2930 56.028020 56.028020 56.028020 1.000178 1.000178 1.000178
2940 56.028020 56.028020 56.028020 1.000178 1.000178 1.000178
2950 56.028020 56.028020 56.028020 1.000178 1.000178 1.000178
2960 56.028020 56.028020 56.028020 1.000178 1.000178 1.000178
2970 56.028020 56.028020 56.028020 1.000178 1.000178 1.000178
2980 56.028020 56.028020 56.028020 1.000178 1.000178 1.000178
2990 56.028020 56.028020 56.028020 1.000178 1.000178 1.000178
3000 56.028020 56.028020 56.028020 1.000178 1.000178 1.000178
3010 56.028020 56.028020 56.028020 1.000178 1.000178 1.000178
3020 56.028020 56.028020 56.028020 1.000178 1.000178 1.000178
3030 56.028020 56.028020 56.028020 1.000178 1.000178 1.000178
3040 56.028020 56.028020 56.028020 1.000178 1.000178 1.000178
3050 56.028020 56.028020 56.028020 1.000178 1.000178 1.000178
3060 56.028020 56.028020 56.028020 1.000178 1.000178 1.000178
3070 56.028020 56.028020 56.028020 1.000178 1.000178 1.000178
3080 56.028020 56.028020 56.028020 1.000178 1.000178 1.000178
3090 56.028020 56.028020 56.028020 1.000178 1.000178 1.000178
3100 56.028020 56.028020 56.028020 1.000178 1.000178 1.000178
3110 56.028020 56.028020 56.028020 1.000178 1.000178 1.000178
3120 56.028020 56.028020 56.028020 1.000178 1.000178 1.000178
3130 56.028020 56.028020 56.028020 1.000178 1.000178 1.000178
3140 56.028020 56.028020 56.028020 1.000178 1.000178 1.000178
3150 56.028020 56.028020 56.028020 1.000178 1.000178 1.000178
3160 56.028020 56.028020 56.028020 1.000178 1.000178 1.000178
3170 56.028020 56.028020 56.028020 1.000178 1.000178 1.000178
3180 56.028020 56.028020 56.028020 1.000178 1.000178 1.000178
3190 56.028020 56.028020 56.028020 1.000178 1.000178 1.000178
3200 56.028020 56.028020 56.028020 1.000178 1.000178 1.000178
3210 56.028020 56.028020 56.028020 1.000178 1.000178 1.000178
3220 56.028020 56.028020 56.028020 1.000178 1.000178 1.000178
3230 56.028020 56.028020 56.028020 1.000178 1.000178 1.000178
3240 56.028020 56.028020 56.028020 1.000178 1.000178 1.000178
3250 56.028020 56.028020 56.028020 1.000178 1.000178 1.000178
3260 56.028020 56.028020 56.028020 1.000178 1.000178 1.000178
3270 56.028020 56.028020 56.028020 1.000178 1.000178 1.000178
3280 56.028020 56.028020 56.028020 1.000178 1.000178 1.000178
3290 56.028020 56.028020 56.028020 1.000178 1.000178 1.000178
3300 56.028020 56.028020 56.028020 1.000178 1.000178 1.000178
3310 56.028020 56.028020 56.028020 1.000178 1.000178 1.000178
3320 56.028020 56.028020 56.028020 1.000178 1.000178 1.000178
3330 56.028020 56.028020 56.028020 1.000178 1.000178 1.000178
3340 56.028020 56.028020 56.028020 1.000178 1.000178 1.000178
3350 56.028020 56.028020 56.028020 1.000178 1.000178 1.000178
3360 56.028020 56.028020 56.028020 1.000178 1.000178 1.000178
3370 56.028020 56.028020 56.028020 1.000178 1.000178 1.000178
3380 56.028020 56.028020 56.028020 1.000178 1.000178 1.000178
3390 56.028020 56.028020 56.028020 1.000178 1.000178 1.000178
3400 56.028020 56.028020 56.028020 1.000178 1.000178 1.000178
3410 56.028020 56.028020 56.028020 1.000178 1.000178 1.000178
3420 56.028020 56.028020 56.028020 1.000178 1.000178 1.000178
3430 56.028020 56.028020 56.028020 1.000178 1.000178 1.000178
3440 56.028020 56.028020 56.028020 1.000178 1.000178 1.000178
3450 56.028020 56.028020 56.028020 1.000178 1.000178 1.000178
3460 56.028020 56.028020 56.028020 1.000178 1.000178 1.000178
3470 56.028020 56.028020 56.028020 1.000178 1.000178 1.000178
3480 56.028020 56.028020 56.028020 1.000178 1.000178 1.000178
3490 56.028020 56.028020 56.028020 1.000178 1.000178 1.000178
3500 56.028020 56.028020 56.028020 1.000178 1.000178 1.000178
3510 56.028020 56.028020 56.028020 1.000178 1.000178 1.000178
3520 56.028020 56.028020 56.028020 1.000178 1.000178 1.000178
3530 56.028020 56.028020 56.028020 1.000178 1.000178 1.000178
3540 56.028020 56.028020 56.028020 1.000178 1.000178 1.000178
3550 56.028020 56.028020 56.028020 1.000178 1.000178 1.000178
3560 56.028020 56.028020 56.028020 1.000178 1.000178 1.000178
3570 56.028020 56.028020 56.028020 1.000178 1.000178 1.000178
3580 56.028020 56.028020 56.028020 1.000178 1.000178 1.000178
3590 56.028020 56.028020 56.028020 1.000178 1.000178 1.000178
3600 56.028020 56.028020 56.028020 1.000178 1.000178 1.000178
3610 56.028020 56.028020 56.028020 1.000178 1.000178 1.000178
3620 56.028020 56.028020 56.028020 1.000178 1.000178 1.000178
3630 56.028020 56.028020 56.028020 1.000178 1.000178 1.000178
3640 56.028020 56.028020 56.028020 1.000178 1.000178 1.000178
3650 56.028020 56.028020 56.028020 1.000178 1.000178 1.000178
3660 56.028020 56.028020 56.028020 1.000178 1.000178 1.000178
3670 56.028020 56.028020 56.028020 1.000178 1.000178 1.000178
3680 56.028020 56.028020 56.028020 1.000178 1.000178 1.000178
3690 56.028020 56.028020 56.028020 1.000178 1.000178 1.000178
3700 56.028020 56.028020 56.028020 1.000178 1.000178 1.000178
3710 56.028020 56.028020 56.028020 1.000178 1.000178 1.000178
3720 56.028020 56.028020 56.028020 1.000178 1.000178 1.000178
3730 56.028020 56.028020 56.028020 1.000178 1.000178 1.000178
3740 56.028020 56.028020 56.028020 1.000178 1.000178 1.000178
3750 56.028020 56.028020 56.028020 1.000178 1.000178 1.000178
3760 56.028020 56.028020 56.028020 1.000178 1.000178 1.000178
3770 56.028020 56.028020 56.028020 1.000178 1.000178 1.000178
3780 56.028020 56.028020 56.028020 1.000178 1.000178 1.000178
3790 56.028020 56.028020 56.028020 1.000178 1.000178 1.000178
3800 56.028020 56.028020 56.028020 1.000178 1.000178 1.000178
3810 56.028020 56.028020 56.028020 1.000178 1.000178 1.000178
3820 56.028020 56.028020 56.028020 1.000178 1.000178 1.000178
3830 56.028020 56.028020 56.028020 1.000178 1.000178 1.000178
3840 56.028020 56.028020 56.028020 1.000178 1.000178 1.000178
3850 56.028020 56.028020 56.028020 1.000178 1.000178 1.000178
3860 56.028020 56.028020 56.028020 1.000178 1.000178 1.000178
3870 56.028020 56.028020 56.028020 1.000178 1.000178 1.000178
3880 56.028020 56.028020 56.028020 1.000178 1.000178 1.000178
3890 56.028020 56.028020 56.028020 1.000178 1.000178 1.000178
3900 56.028020 56.028020 56.028020 1.000178 1.000178 1.000178
3910 56.028020 56.028020 56.028020 1.000178 1.000178 1.000178
3920 56.028020 56.028020 56.028020 1.000178 1.000178 1.000178
3930 56.028020 56.028020 56.028020 1.000178 1.000178 1.000178
3940 56.028020 56.028020 56.028020 1.000178 1.000178 1.000178
3950 56.028020 56.028020 56.028020 1.000178 1.000178 1.000178
3960 56.028020 56.028020 56.028020 1.000178 1.000178 1.000178
3970 56.028020 56.028020 56.028020 1.000178 1.000178 1.000178
3980 56.028020 56.028020 56.028020 1.000178 1.000178 1.000178
3990 56.028020 56.028020 56.028020 1.000178 1.000178 1.000178
4000 56.028020 56.028020 56.028020 1.000178 1.000178 1.000178
4010 56.028020 56.028020 56.028020 1.000178 1.000178 1.000178
4020 56.028020 56.028020 56.028020 1.000178 1.000178 1.000178
4030 56.028020 56.028020 56.028020 1.000178 1.000178 1.000178
4040 56.028020 56.028020 56.028020 1.000178 1.000178 1.000178
4050 56.028020 56.028020 56.028020 1.000178 1.000178 1.000178
4060 56.028020 56.028020 56.028020 1.000178 1.000178 1.000178
4070 56.028020 56.028020 56.028020 1.000178 1.000178 1.000178
4080 56.028020 56.028020 56.028020 1.000178 1.000178 1.000178
4090 56.028020 56.028020 56.028020 1.000178 1.000178 1.000178
4100 56.028020 56.028020 56.028020 1.000178 1.000178 1.000178
4110 56.028020 56.028020 56.028020 1.000178 1.000178 1.000178
4120 56.028020 56.028020 56.028020 1.000178 1.000178 1.000178
4130 56.028020 56.028020 56.028020 1.000178 1.000178 1.000178
4140 56.028020 56.028020 56.028020 1.000178 1.000178 1.000178
4150 56.028020 56.028020 56.028020 1.000178 1.000178 1.000178
4160 56.028020 56.028020 56.028020 1.000178 1.000178 1.000178
4170 56.028020 56.028020 56.028020 1.000178 1.000178 1.000178
4180 56.028020 56.028020 56.028020 1.000178 1.000178 1.000178
4190 56.028020 56.028020 56.028020 1.000178 1.000178 1.000178
4200 56.028020 56.028020 56.028020 1.000178 1.000178 1.000178
4210 56.028020 56.028020 56.028020 1.000178 1.000178 1.000178
4220 56.028020 56.028020 56.028020 1.000178 1.000178 1.000178
4230 56.028020 56.028020 56.028020 1.000178 1.000178 1.000178
4240 56.028020 56.028020 56.028020 1.000178 1.000178 1.000178
4250 56.028020 56.028020 56.028020 1.000178 1.000178 1.000178
4260 56.028020 56.028020 56.028020 1.000178 1.000178 1.000178
4270 56.028020 56.028020 56.028020 1.000178 1.000178 1.000178
4280 56.028020 56.028020 56.028020 1.000178 1.000178 1.000178
4290 56.028020 56.028020 56.028020 1.000178 1.000178 1.000178
4300 56.028020 56.028020 56.028020 1.000178 1.000178 1.000178
4310 56.028020 56.028020 56.028020 1.000178 1.000178 1.000178
4320 56.028020 56.028020 56.028020 1.000178 1.000178 1.000178
4330 56.028020 56.028020 56.028020 1.000178 1.000178 1.000178
4340 56.028020 56.028020 56.028020 1.000178 1.000178 1.000178
4350 56.028020 56.028020 56.028020 1.000178 1.000178 1.000178
4360 56.028020 56.028020 56.028020 1.000178 1.000178 1.000178
4370 56.028020 56.028020 56.028020 1.000178 1.000178 1.000178
4380 56.028020 56.028020 56.028020 1.000178 1.000178 1.000178
4390 56.028020 56.028020 56.028020 1.000178 1.000178 1.000178
4400 56.028020 56.028020 56.028020 1.000178 1.000178 1.000178
4410 56.028020 56.028020 56.028020 1.000178 1.000178 1.000178
4420 56.028020 56.028020 56.028020 1.000178 1.000178 1.000178
4430 56.028020 56.028020 56.028020 1.000178 1.000178 1.000178
4440 56.028020 56.028020 56.028020 1.000178 1.000178 1.000178
4450 56.028020 56.028020 56.028020 1.000178 1.000178 1.000178
4460 56.028020 56.028020 56.028020 1.000178 1.000178 1.000178
4470 56.028020 56.028020 56.028020 1.000178 1.000178 1.000178
4480 56.028020 56.028020 56.028020 1.000178 1.000178 1.000178
4490 56.028020 56.028020 56.028020 1.000178 1.000178 1.000178
4500 56.028020 56.028020 56.028020 1.000178 1.000178 1.000178
4510 56.028020 56.028020 56.028020 1.000178 1.000178 1.000178
4520 56.028020 56.028020 56.028020 1.000178 1.000178 1.000178
4530 56.028020 56.028020 56.028020 1.000178 1.000178 1.000178
4540 56.028020 56.028020 56.028020 1.000178 1.000178 1.000178
4550 56.028020 56.028020 56.028020 1.000178 1.000178 1.000178
4560 56.028020 56.028020 56.028020 1.000178 1.000178 1.000178
4570 56.028020 56.028020 56.028020 1.000178 1.000178 1.000178
4580 56.028020 56.028020 56.028020 1.000178 1.000178 1.000178
4590 56.028020 56.028020 56.028020 1.000178 1.000178 1.000178
4600 56.028020 56.028020 56.028020 1.000178 1.000178 1.000178
4610 56.028020 56.028020 56.028020 1.000178 1.000178 1.000178
4620 56.028020 56.028020 56.028020 1.000178 1.000178 1.000178
4630 56.028020 56.028020 56.028020 1.000178 1.000178 1.000178
4640 56.028020 56.028020 56.028020 1.000178 1.000178 1.000178
4650 56.028020 56.028020 56.028020 1.000178 1.000178 1.000178
4660 56.028020 56.028020 56.028020 1.000178 1.000178 1.000178
4670 56.028020 56.028020 56.028020 1.000178 1.000178 1.000178
4680 56.028020 56.028020 56.028020 1.000178 1.000178 1.000178
4690 56.028020 56.028020 56.028020 1.000178 1.000178 1.000178
4700 56.028020 56.028020 56.028020 1.000178 1.000178 1.000178
4710 56.028020 56.028020 56.028020 1.000178 1.000178 1.000178
4720 56.028020 56.028020 56.028020 1.000178 1.000178 1.000178
4730 56.028020 56.028020 56.028020 1.000178 1.000178 1.000178
4740 56.028020 56.028020 56.028020 1.000178 1.000178 1.000178
4750 56.028020 56.028020 56.028020 1.000178 1.000178 1.000178
4760 56.028020 56.028020 56.028020 1.000178 1.000178 1.000178
4770 56.028020 56.028020 56.028020 1.000178 1.000178 1.000178
4780 56.028020 56.028020 56.028020 1.000178 1.000178 1.000178
4790 56.028020 56.028020 56.028020 1.000178 1.000178 1.000178
4800 56.028020 56.028020 56.028020 1.000178 1.000178 1.000178
4810 56.028020 56.028020 56.028020 1.000178 1.000178 1.000178
4820 56.028020 56.028020 56.028020 1.000178 1.000178 1.000178
4830 56.028020 56.028020 56.028020 1.000178 1.000178 1.000178
4840 56.028020 56.028020 56.028020 1.000178 1.000178 1.000178
4850 56.028020 56.028020 56.028020 1.000178 1.000178 1.000178
4860 56.028020 56.028020 56.028020 1.000178 1.000178 1.000178
4870 56.028020 56.028020 56.028020 1.000178 1.000178 1.000178
4880 56.028020 56.028020 56.028020 1.000178 1.000178 1.000178
4890 56.028020 56.028020 56.028020 1.000178 1.000178 1.000178
4900 56.028020 56.028020 56.028020 1.000178 1.000178 1.000178
4910 56.028020 56.028020 56.028020 1.000178 1.000178 1.000178
4920 56.028020 56.028020 56.028020 1.000178 1.000178 1.000178
4930 56.028020 56.028020 56.028020 1.000178 1.000178 1.000178
4940 56.028020 56.028020 56.028020 1.000178 1.000178 1.000178
4950 56.028020 56.028020 56.028020 1.000178 1.000178 1.000178
4960 56.028020 56.028020 56.028020 1.000178 1.000178 1.000178
4970 56.028020 56.028020 56.028020 1.000178 1.000178 1.000178
4980 56.028020 56.028020 56.028020 1.000178 1.000178 1.000178
4990 56.028020 56.028020 56.028020 1.000178 1.000178 1.000178
5000 56.028020 56.028020 56.028020 1.000178 1.000178 1.000178
5010 56.028020 56.028020 56.028020 1.000178 1.000178 1.000178
5020 56.028020 56.028020 56.028020 1.000178 1.000178 1.000178
5030 56.028020 56.028020 56.028020 1.000178 1.000178 1.000178
5040 56.028020 56.028020 56.028020 1.000178 1.000178 1.000178
5050 56.028020 56.028020 56.028020 1.000178 1.000178 1.000178
5060 56.028020 56.028020 56.028020 1.000178 1.000178 1.000178
5070 56.028020 56.028020 56.028020 1.000178 1.000178 1.000178
5080 56.028020 56.028020 56.028020 1.000178 1.000178 1.000178
5090 56.028020 56.028020 56.028020 1.000178 1.000178 1.000178
5100 56.028020 56.028020 56.028020 1.000178 1.000178 1.000178
5110 56.028020 56.028020 56.028020 1.000178 1.000178 1.000178
5120 56.028020 56.028020 56.028020 1.000178 1.000178 1.000178
5130 56.028020 56.028020 56.028020 1.000178 1.000178 1.000178
5140 56.028020 56.028020 56.028020 1.000178 1.000178 1.000178
5150 56.028020 56.028020 56.028020 1.000178 1.000178 1.000178
5160 56.028020 56.028020 56.028020 1.000178 1.000178 1.000178
5170 56.028020 56.028020 56.028020 1.000178 1.000178 1.000178
5180 56.028020 56.028020 56.028020 1.000178 1.000178 1.000178
5190 56.028020 56.028020 56.028020 1.000178 1.000178 1.000178
5200 56.028020 56.028020 56.028020 1.000178 1.000178 1.000178
5210 56.028020 56.028020 56.028020 1.000178 1.000178 1.000178
5220 56.028020 56.028020 56.028020 1.000178 1.000178 1.000178
5230 56.028020 56.028020 56.028020 1.000178 1.000178 1.000178
5240 56.028020 56.028020 56.028020 1.000178 1.000178 1.000178
5250 56.028020 56.028020 56.028020 1.000178 1.000178 1.000178
5260 56.028020 56.028020 56.028020 1.000178 1.000178 1.000178
5270 56.028020 56.028020 56.028020 1.000178 1.000178 1.000178
5280 56.028020 56.028020 56.028020 1.000178 1.000178 1.000178
5290 56.028020 56.028020 56.028020 1.000178 1.000178 1.000178
5300 56.028020 56.028020 56.028020 1.000178 1.000178 1.000178
5310 56.028020 56.028020 56.028020 1.000178 1.000178 1.000178
5320 56.028020 56.028020 56.028020 1.000178 1.000178 1.000178
5330 56.028020 56.028020 56.028020 1.000178 1.000178 1.000178
5340 56.028020 56.028020 56.028020 1.000178 1.000178 1.000178
5350 56.028020 56.028020 56.028020 1.000178 1.000178 1.000178
5360 56.028020 56.028020 56.028020 1.000178 1.000178 1.000178
5370 56.028020 56.028020 56.028020 1.000178 1.000178 1.000178
5380 56.028020 56.028020 56.028020 1.000178 1.000178 1.000178
5390 56.028020 56.028020 56.028020 1.000178 1.000178 1.000178
5400 56.028020 56.028020 56.028020 1.000178 1.000178 1.000178
5410 56.028020 56.028020 56.028020 1.000178 1.000178 1.000178
5420 56.028020 56.028020 56.028020 1.000178 1.000178 1.000178
5430 56.028020 56.028020 56.028020 1.000178 1.000178 1.000178
5440 56.028020 56.028020 56.028020 1.000178 1.000178 1.000178
5450 56.028020 56.028020 56.028020 1.000178 1.000178 1.000178
5460 56.028020 56.028020 56.028020 1.000178 1.000178 1.000178
5470 56.028020 56.028020 56.028020 1.000178 1.000178 1.000178
5480 56.028020 56.028020 56.028020 1.000178 1.000178 1.000178
5490 56.028020 56.028020 56.028020 1.000178 1.000178 1.000178
5500 56.028020 56.028020 56.028020 1.000178 1.000178 1.000178
5510 56.028020 56.028020 56.028020 1.000178 1.000178 1.000178
5520 56.028020 56.028020 56.028020 1.000178 1.000178 1.000178
5530 56.028020 56.028020 56.028020 1.000178 1.000178 1.000178
5540 56.028020 56.028020 56.028020 1.000178 1.000178 1.000178
5550 56.028020 56.028020 56.028020 1.000178 1.000178 1.000178
5560 56.028020 56.028020 56.028020 1.000178 1.000178 1.000178
5570 56.028020 56.028020 56.028020 1.000178 1.000178 1.000178
5580 56.028020 56.028020 56.028020 1.000178 1.000178 1.000178
5590 56.028020 56.028020 56.028020 1.000178 1.000178 1.000178
5600 56.028020 56.028020 56.028020 1.000178 1.000178 1.000178
5610 56.028020 56.028020 56.028020 1.000178 1.000178 1.000178
5620 56.028020 56.028020 56.028020 1.000178 1.000178 1.000178
5630 56.028020 56.028020 56.028020 1.000178 1.000178 1.000178
5640 56.028020 56.028020 56.028020 1.000178 1.000178 1.000178
5650 56.028020 56.028020 56.028020 1.000178 1.000178 1.000178
5660 56.028020 56.028020 56.028020 1.000178 1.000178 1.000178
5670 56.028020 56.028020 56.028020 1.000178 1.000178 1.000178
5680 56.028020 56.028020 56.028020 1.000178 1.000178 1.000178
5690 56.028020 56.028020 56.028020 1.000178 1.000178 1.000178
5700 56.028020 56.028020 56.028020 1.000178 1.000178 1.000178
5710 56.028020 56.028020 56.028020 1.000178 1.000178 1.000178
5720 56.028020 56.028020 56.028020 1.000178 1.000178 1.000178
5730 56.028020 56.028020 56.028020 1.000178 1.000178 1.000178
5740 56.028020 56.028020 56.028020 1.000178 1.000178 1.000178
5750 56.028020 56.028020 56.028020 1.000178 1.000178 1.000178
5760 56.028020 56.028020 56.028020 1.000178 1.000178 1.000178
5770 56.028020 56.028020 56.028020 1.000178 1.000178 1.000178
5780 56.028020 56.028020 56.028020 1.000178 1.000178 1.000178
5790 56.028020 56.028020 56.028020 1.000178 1.000178 1.000178
5800 56.028020 56.028020 56.028020 1.000178 1.000178 1.000178
5810 56.028020 56.028020 56.028020 1.000178 1.000178 1.000178
5820 56.028020 56.028020 56.028020 1.000178 1.000178 1.000178
5830 56.028020 56.028020 56.028020 1.000178 1.000178 1.000178
5840 56.028020 56.028020 56.028020 1.000178 1.000178 1.000178
5850 56.028020 56.028020 56.028020 1.000178 1.000178 1.000178
5860 56.028020 56.028020 56.028020 1.000178 1.000178 1.000178
5870 56.028020 56.028020 56.028020 1.000178 1.000178 1.000178
5880 56.028020 56.028020 56.028020 1.000178 1.000178 1.000178
5890 56.028020 56.028020 56.028020 1.000178 1.000178 1.000178
5900 56.028020 56.028020 56.028020 1.000178 1.000178 1.000178
5910 56.028020 56.028020 56.028020 1.000178 1.000178 1.000178
5920 56.028020 56.028020 56.028020 1.000178 1.000178 1.000178
5930 56.028020 56.028020 56.028020 1.000178 1.000178 1.000178
5940 56.028020 56.028020 56.028020 1.000178 1.000178 1.000178
5950 56.028020 56.028020 56.028020 1.000178 1.000178 1.000178
5960 56.028020 56.028020 56.028020 1.000178 1.000178 1.000178
5970 56.028020 56.028020 56.028020 1.000178 1.000178 1.000178
5980 56.028020 56.028020 56.028020 1.000178 1.000178 1.000178
5990 56.028020 56.028020 56.028020 1.000178 1.000178 1.000178
6000 56.028020 56.028020 56.028020 1.000178 1.000178 1.000178
6010 56.028020 56.028020 56.028020 1.000178 1.000178 1.000178
6020 56.028020 56.028020 56.028020 1.000178 1.000178 1.000178
6030 56.028020 56.028020 56.028020 1.000178 1.000178 1.000178
6040 56.028020 56.028020 56.028020 1.000178 1.000178 1.000178
6050 56.028020 56.028020 56.028020 1.000178 1.000178 1.000178
6060 56.028020 56.028020 56.028020 1.000178 1.000178 1.000178
6070 56.028020 56.028020 56.028020 1.000178 1.000178 1.000178
6080 56.028020 56.028020 56.028020 1.000178 1.000178 1.000178
6090 56.028020 56.028020 56.028020 1.000178 1.000178 1.000178
6100 56.028020 56.028020 56.028020 1.000178 1.000178 1.000178
6110 56.028020 56.028020 56.028020 1.000178 1.000178 1.000178
6120 56.028020 56.028020 56.028020 1.000178 1.000178 1.000178
6130 56.028020 56.028020 56.028020 1.000178 1.000178 1.000178
6140 56.028020 56.028020 56.028020 1.000178 1.000178 1.000178
6150 56.028020 56.028020 56.028020 1.000178 1.000178 1.000178
6160 56.028020 56.028020 56.028020 1.000178 1.000178 1.000178
6170 56.028020 56.028020 56.028020 1.000178 1.000178 1.000178
6180 56.028020 56.028020 56.028020 1.000178 1.000178 1.000178
6190 56.028020 56.028020 56.028020 1.000178 1.000178 1.000178
6200 56.028020 56.028020 56.028020 1.000178 1.000178 1.000178
6210 56.028020 56.028020 56.028020 1.000178 1.000178 1.000178
6220 56.028020 56.028020 56.028020 1.000178 1.000178 1.000178
6230 56.028020 56.028020 56.028020 1.000178 1.000178 1.000178
6240 56.028020 56.028020 56.028020 1.000178 1.000178 1.000178
6250 56.028020 56.028020 56.028020 1.000178 1.000178 1.000178
6260 56.028020 56.028020 56.028020 1.000178 1.000178 1.000178
6270 56.028020 56.028020 56.028020 1.000178 1.000178 1.000178
6280 56.028020 56.028020 56.028020 1.000178 1.000178 1.000178
6290 56.028020 56.028020 56.028020 1.000178 1.000178 1.000178
6300 56.028020 56.028020 56.028020 1.000178 1.000178 1.000178
6310 56.028020 56.028020 56.028020 1.000178 1.000178 1.000178
6320 56.028020 56.028020 56.028020 1.000178 1.000178 1.000178
6330 56.028020 56.028020 56.028020 1.000178 1.000178 1.000178
6340 56.028020 56.028020 56.028020 1.000178 1.000178 1.000178
6350 56.028020 56.028020 56.028020 1.000178 1.000178 1.000178
6360 56.028020 56.028020 56.028020 1.000178 1.000178 1.000178
6370 56.028020 56.028020 56.028020 1.000178 1.000178 1.000178
6380 56.028020 56.028020 56.028020 1.000178 1.000178 1.000178
6390 56.028020 56.028020 56.028020 1.000178 1.000178 1.000178
6400 56.028020 56.028020 56.028020 1.000178 1.000178 1.000178
6410 56.028020 56.028020 56.028020 1.000178 1.000178 1.000178
6420 56.028020 56.028020 56.028020 1.000178 1.000178 1.000178
6430 56.028020 56.028020 56.028020 1.000178 1.000178 1.000178
6440 56.028020 56.028020 56.028020 1.000178 1.000178 1.000178
6450 56.028020 56.028020 56.028020 1.000178 1.000178 1.000178
6460 56.028020 56.028020 56.028020 1.000178 1.000178 1.000178
6470 56.028020 56.028020 56.028020 1.000178 1.000178 1.000178
6480 56.028020 56.028020 56.028020 1.000178 1.000178 1.000178
6490 56.028020 56.028020 56.028020 1.000178 1.000178 1.000178
6500 56.028020 56.028020 56.028020 1.000178 1.000178 1.000178
6510 56.028020 56.028020 56.028020 1.000178 1.000178 1.000178
6520 56.028020 56.028020 56.028020 1.000178 1.000178 1.000178
6530 56.028020 56.028020 56.028020 1.000178 1.000178 1.000178
6540 56.028020 56.028020 56.028020 1.000178 1.000178 1.000178
6550 56.028020 56.028020 56.028020 1.000178 1.000178 1.000178
6560 56.028020 56.028020 56.028020 1.000178 1.000178 1.000178
6570 56.028020 56.028020 56.028020 1.000178 1.000178 1.000178
6580 56.028020 56.028020 56.028020 1.000178 1.000178 1.000178
6590 56.028020 56.028020 56.028020 1.000178 1.000178 1.000178
6600 56.028020 56.028020 56.028020 1.000178 1.000178 1.000178
6610 56.028020 56.028020 56.028020 1.000178 1.000178 1.000178
6620 56.028020 56.028020 56.028020 1.000178 1.000178 1.000178
6630 56.028020 56.028020 56.028020 1.000178 1.000178 1.000178
6640 56.028020 56.028020 56.028020 1.000178 1.000178 1.000178
6650 56.028020 56.028020 56.028020 1.000178 1.000178 1.000178
6660 56.028020 56.028020 56.028020 1.000178 1.000178 1.000178
6670 56.028020 56.028020 56.028020 1.000178 1.000178 1.000178
6680 56.028020 56.028020 56.028020 1.000178 1.000178 1.000178
6690 56.028020 56.028020 56.028020 1.000178 1.000178 1.000178
6700 56.028020 56.028020 56.028020 1.000178 1.000178 1.000178
6710 56.028020 56.028020 56.028020 1.000178 1.000178 1.000178
6720 56.028020 56.028020 56.028020 1.000178 1.000178 1.000178
6730 56.028020 56.028020 56.028020 1.000178 1.000178 1.000178
6740 56.028020 56.028020 56.028020 1.000178 1.000178 1.000178
6750 56.028020 56.028020 56.028020 1.000178 1.000178 1.000178
6760 56.028020 56.028020 56.028020 1.000178 1.000178 1.000178
6770 56.028020 56.028020 56.028020 1.000178 1.000178 1.000178
6780 56.028020 56.028020 56.028020 1.000178 1.000178 1.000178
6790 56.028020 56.028020 56.028020 1.000178 1.000178 1.000178
6800 56.028020 56.028020 56.028020 1.000178 1.000178 1.000178
6810 56.028020 56.028020 56.028020 1.000178 1.000178 1.000178
6820 56.028020 56.028020 56.028020 1.000178 1.000178 1.000178
6830 56.028020 56.028020 56.028020 1.000178 1.000178 1.000178
6840 56.028020 56.028020 56.028020 1.000178 1.000178 1.000178
6850 56.028020 56.028020 56.028020 1.000178 1.000178 1.000178
6860 56.028020 56.028020 56.028020 1.000178 1.000178 1.000178
6870 56.028020 56.028020 56.028020 1.000178 1.000178 1.000178
6880 56.028020 56.028020 56.028020 1.000178 1.000178 1.000178
6890 56.028020 56.028020 56.028020 1.000178 1.000178 1.000178
6900 56.028020 56.028020 56.028020 1.000178 1.000178 1.000178
6910 56.028020 56.028020 56.028020 1.000178 1.000178 1.000178
6920 56.028020 56.028020 56.028020 1.000178 1.000178 1.000178
6930 56.028020 56.028020 56.028020 1.000178 1.000178 1.000178
6940 56.028020 56.028020 56.028020 1.000178 1.000178 1.000178
6950 56.028020 56.028020 56.028020 1.000178 1.000178 1.000178
6960 56.028020 56.028020 56.028020 1.000178 1.000178 1.000178
6970 56.028020 56.028020 56.028020 1.000178 1.000178 1.000178
6980 56.028020 56.028020 56.028020 1.000178 1.000178 1.000178
6990 56.028020 56.028020 56.028020 1.000178 1.000178 1.000178
7000 56.028020 56.028020 56.028020 1.000178 1.000178 1.000178
7010 56.028020 56.028020 56.028020 1.000178 1.000178 1.000178
7020 56.028020 56.028020 56.028020 1.000178 1.000178 1.000178
7030 56.028020 56.028020 56.028020 1.000178 1.000178 1.000178
7040 56.028020 56.028020 56.028020 1.000178 1.000178 1.000178
7050 56.028020 56.028020 56.028020 1.000178 1.000178 1.000178
7060 56.028020 56.028020 56.028020 1.000178 1.000178 1.000178
7070 56.028020 56.028020 56.028020 1.000178 1.000178 1.000178
7080 56.028020 56.028020 56.028020 1.000178 1.000178 1.000178
7090 56.028020 56.028020 56.028020 1.000178 1.000178 1.000178
7100 56.028020 56.028020 56.028020 1.000178 1.000178 1.000178
7110 56.028020 56.028020 56.028020 1.000178 1.000178 1.000178
7120 56.028020 56.028020 56.028020 1.000178 1.000178 1.000178
7130 56.028020 56.028020 56.028020 1.000178 1.000178 1.000178
7140 56.028020 56.028020 56.028020 1.000178 1.000178 1.000178
7150 56.028020 56.028020 56.028020 1.000178 1.000178 1.000178
7160 56.028020 56.028020 56.028020 1.000178 1.000178 1.000178
7170 56.028020 56.028020 56.028020 1.000178 1.000178 1.000178
7180 56.028020 56.028020 56.028020 1.000178 1.000178 1.000178
7190 56.028020 56.028020 56.028020 1.000178 1.000178 1.000178
7200 56.028020 56.028020 56.028020 1.000178 1.000178 1.000178
7210 56.028020 56.028020 56.028020 1.000178 1.000178 1.000178
7220 56.028020 56.028020 56.028020 1.000178 1.000178 1.000178
7230 56.028020 56.028020 56.028020 1.000178 1.000178 1.000178
7240 56.028020 56.028020 56.028020 1.000178 1.000178 1.000178
7250 56.028020 56.028020 56.028020 1.000178 1.000178 1.000178
7260 56.028020 56.028020 56.028020 1.000178 1.000178 1.000178
7270 56.028020 56.028020 56.028020 1.000178 1.000178 1.000178
7280 56.028020 56.028020 56.028020 1.000178 1.000178 1.000178
7290 56.028020 56.028020 56.028020 1.000178 1.000178 1.000178
7300 56.028020 56.028020 56.028020 1.000178 1.000178 1.000178
7310 56.028020 56.028020 56.028020 1.000178 1.000178 1.000178
7320 56.028020 56.028020 56.028020 1.000178 1.000178 1.000178
7330 56.028020 56.028020 56.028020 1.000178 1.000178 1.000178
7340 56.028020 56.028020 56.028020 1.000178 1.000178 1.000178
7350 56.028020 56.028020 56.028020 1.000178 1.000178 1.000178
7360 56.028020 56.028020 56.028020 1.000178 1.000178 1.000178
7370 56.028020 56.028020 56.028020 1.000178 1.000178 1.000178
7380 56.028020 56.028020 56.028020 1.000178 1.000178 1.000178
7390 56.028020 56.028020 56.028020 1.000178 1.000178 1.000178
7400 56.028020 56.028020 56.028020 1.000178 1.000178 1.000178
7410 56.028020 56.028020 56.028020 1.000178 1.000178 1.000178
7420 56.028020 56.028020 56.028020 1.000178 1.000178 1.000178
7430 56.028020 56.028020 56.028020 1.000178 1.000178 1.000178
7440 56.028020 56.028020 56.028020 1.000178 1.000178 1.000178
7450 56.028020 56.028020 56.028020 1.000178 1.000178 1.000178
7460 56.028020 56.028020 56.028020 1.000178 1.000178 1.000178
7470 56.028020 56.028020 56.028020 1.000178 1.000178 1.000178
7480 56.028020 56.028020 56.028020 1.000178 1.000178 1.000178
7490 56.028020 56.028020 56.028020 1.000178 1.000178 1.000178
7500 56.028020 56.028020 56.028020 1.000178 1.000178 1.000178
7510 56.028020 56.028020 56.028020 1.000178 1.000178 1.000178
7520 56.028020 56.028020 56.028020 1.000178 1.000178 1.000178
7530 56.028020 56.028020 56.028020 1.000178 1.000178 1.000178
7540 56.028020 56.028020 56.028020 1.000178 1.000178 1.000178
7550 56.028020 56.028020 56.028020 1.000178 1.000178 1.000178
7560 56.028020 56.028020 56.028020 1.000178 1.000178 1.000178
7570 56.028020 56.028020 56.028020 1.000178 1.000178 1.000178
7580 56.028020 56.028020 56.028020 1.000178 1.000178 1.000178
7590 56.028020 56.028020 56.028020 1.000178 1.000178 1.000178
7600 56.028020 56.028020 56.028020 1.000178 1.000178 1.000178
7610 56.028020 56.028020 56.028020 1.000178 1.000178 1.000178
7620 56.028020 56.028020 56.028020 1.000178 1.000178 1.000178
7630 56.028020 56.028020 56.028020 1.000178 1.000178 1.000178
7640 56.028020 56.028020 56.028020 1.000178 1.000178 1.000178
7650 56.028020 56.028020 56.028020 1.000178 1.000178 1.000178
7660 56.028020 56.028020 56.028020 1.000178 1.000178 1.000178
7670 56.028020 56.028020 56.028020 1.000178 1.000178 1.000178
7680 56.028020 56.028020 56.028020 1.000178 1.000178 1.000178
7690 56.028020 56.028020 56.028020 1.000178 1.000178 1.000178
7700 56.028020 56.028020 56.028020 1.000178 1.000178 1.000178
7710 56.028020 56.028020 56.028020 1.000178 1.000178 1.000178
7720 56.028020 56.028020 56.028020 1.000178 1.000178 1.000178
7730 56.028020 56.028020 56.028020 1.000178 1.000178 1.000178
7740 56.028020 56.028020 56.028020 1.000178 1.000178 1.000178
7750 56.028020 56.028020 56.028020 1.000178 1.000178 1.000178
7760 56.028020 56.028020 56.028020 1.000178 1.000178 1.000178
7770 56.028020 56.028020 56.028020 1.000178 1.000178 1.000178
7780 56.028020 56.028020 56.028020 1.000178 1.000178 1.000178
7790 56.028020 56.028020 56.028020 1.000178 1.000178 1.000178
7800 56.028020 56.028020 56.028020 1.000178 1.000178 1.000178
7810 56.028020 56.028020 56.028020 1.000178 1.000178 1.000178
7820 56.028020 56.028020 56.028020 1.000178 1.000178 1.000178
7830 56.028020 56.028020 56.028020 1.000178 1.000178 1.000178
7840 56.028020 56.028020 56.028020 1.000178 1.000178 1.000178
7850 56.028020 56.028020 56.028020 1.000178 1.000178 1.000178
7860 56.028020 56.028020 56.028020 1.000178 1.000178 1.000178
7870 56.028020 56.028020 56.028020 1.000178 1.000178 1.000178
7880 56.028020 56.028020 56.028020 1.000178 1.000178 1.000178
7890 56.028020 56.028020 56.028020 1.000178 1.000178 1.000178
7900 56.028020 56.028020 56.028020 1.000178 1.000178 1.000178
7910 56.028020 56.028020 56.028020 1.000178 1.000178 1.000178
7920 56.028020 56.028020 56.028020 1.000178 1.000178 1.000178
7930 56.028020 56.028020 56.028020 1.000178 1.000178 1.000178
7940 56.028020 56.028020 56.028020 1.000178 1.000178 1.000178
7950 56.028020 56.028020 56.028020 1.000178 1.000178 1.000178
7960 56.028020 56.028020 56.028020 1.000178 1.000178 1.000178
7970 56.028020 56.028020 56.028020 1.000178 1.000178 1.000178
7980 56.028020 56.028020 56.028020 1.000178 1.000178 1.000178
7990 56.028020 56.028020 56.028020 1.000178 1.000178 1.000178
8000 56.028020 56.028020 56.028020 1.000178 1.000178 1.000178
8010 56.028020 56.028020 56.028020 1.000178 1.000178 1.000178
8020 56.028020 56.028020 56.028020 1.000178 1.000178 1.000178
8030 56.028020 56.028020 56.028020 1.000178 1.000178 1.000178
8040 56.028020 56.028020 56.028020 1.000178 1.000178 1.000178
8050 56.028020 56.028020 56.028020 1.000178 1.000178 1.000178
8060 56.028020 56.028020 56.028020 1.000178 1.000178 1.000178
8070 56.028020 56.028020 56.028020 1.000178 1.000178 1.000178
8080 56.028020 56.028020 56.028020 1.000178 1.000178 1.000178
8090 56.028020 56.028020 56.028020 1.000178 1.000178 1.000178
8100 56.028020 56.028020 56.028020 1.000178 1.000178 1.000178
8110 56.028020 56.028020 56.028020 1.000178 1.000178 1.000178
8120 56.028020 56.028020 56.028020 1.000178 1.000178 1.000178
8130 56.028020 56.028020 56.028020 1.000178 1.000178 1.000178
8140 56.028020 56.028020 56.028020 1.000178 1.000178 1.000178
8150 56.028020 56.028020 56.028020 1.000178 1.000178 1.000178
8160 56.028020 56.028020 56.028020 1.000178 1.000178 1.000178
8170 56.028020 56.028020 56.028020 1.000178 1.000178 1.000178
8180 56.028020 56.028020 56.028020 1.000178 1.000178 1.000178
8190 56.028020 56.028020 56.028020 1.000178 1.000178 1.000178
8200 56.028020 56.028020 56.028020 1.000178 1.000178 1.000178
8210 56.028020 56.028020 56.028020 1.000178 1.000178 1.000178
8220 56.028020 56.028020 56.028020 1.000178 1.000178 1.000178
8230 56.028020 56.028020 56.028020 1.000178 1.000178 1.000178
8240 56.028020 56.028020 56.028020 1.000178 1.000178 1.000178
8250 56.028020 56.028020 56.028020 1.000178 1.000178 1.000178
8260 56.028020 56.028020 56.028020 1.000178 1.000178 1.000178
8270 56.028020 56.028020 56.028020 1.000178 1.000178 1.000178
8280 56.028020 56.028020 56.028020 1.000178 1.000178 1.000178
8290 56.028020 56.028020 56.028020 1.000178 1.000178 1.000178
8300 56.028020 56.028020 56.028020 1.000178 1.000178 1.000178
8310 56.028020 56.028020 56.028020 1.000178 1.000178 1.000178
8320 56.028020 56.028020 56.028020 1.000178 1.000178 1.000178
8330 56.028020 56.028020 56.028020 1.000178 1.000178 1.000178
8340 56.028020 56.028020 56.028020 1.000178 1.000178 1.000178
8350 56.028020 56.028020 56.028020 1.000178 1.000178 1.000178
8360 56.028020 56.028020 56.028020 1.000178 1.000178 1.000178
8370 56.028020 56.028020 56.028020 1.000178 1.000178 1.000178
8380 56.028020 56.028020 56.028020 1.000178 1.000178 1.000178
8390 56.028020 56.028020 56.028020 1.000178 1.000178 1.000178
8400 56.028020 56.028020 56.028020 1.000178 1.000178 1.000178
8410 56.028020 56.028020 56.028020 1.000178 1.000178 1.000178
8420 56.028020 56.028020 56.028020 1.000178 1.000178 1.000178
8430 56.028020 56.028020 56.028020 1.000178 1.000178 1.000178
8440 56.028020 56.028020 56.028020 1.000178 1.000178 1.000178
8450 56.028020 56.028020 56.028020 1.000178 1.000178 1.000178
8460 56.028020 56.028020 56.028020 1.000178 1.000178 1.000178
8470 56.028020 56.028020 56.028020 1.000178 1.000178 1.000178
8480 56.028020 56.028020 56.028020 1.000178 1.000178 1.000178
8490 56.028020 56.028020 56.028020 1.000178 1.000178 1.000178
8500 56.028020 56.028020 56.028020 1.000178 1.000178 1.000178
8510 56.028020 56.028020 56.028020 1.000178 1.000178 1.000178
8520 56.028020 56.028020 56.028020 1.000178 1.000178 1.000178
8530 56.028020 56.028020 56.028020 1.000178 1.000178 1.000178
8540 56.028020 56.028020 56.028020 1.000178 1.000178 1.000178
8550 56.028020 56.028020 56.028020 1.000178 1.000178 1.000178
8560 56.028020 56.028020 56.028020 1.000178 1.000178 1.000178
8570 56.028020 56.028020 56.028020 1.000178 1.000178 1.000178
8580 56.028020 56.028020 56.028020 1.000178 1.000178 1.000178
8590 56.028020 56.028020 56.028020 1.000178 1.000178 1.000178
8600 56.028020 56.028020 56.028020 1.000178 1.000178 1.000178
8610 56.028020 56.028020 56.028020 1.000178 1.000178 1.000178
8620 56.028020 56.028020 56.028020 1.000178 1.000178 1.000178
8630 56.028020 56.028020 56.028020 1.000178 1.000178 1.000178
8640 56.028020 56.028020 56.028020 1.000178 1.000178 1.000178
8650 56.028020 56.028020 56.028020 1.000178 1.000178 1.000178
8660 56.028020 56.028020 56.028020 1.000178 1.000178 1.000178
8670 56.028020 56.028020 56.028020 1.000178 1.000178 1.000178
8680 56.028020 56.028020 56.028020 1.000178 1.000178 1.000178
8690 56.028020 56.028020 56.028020 1.000178 1.000178 1.000178
8700 56.028020 56.028020 56.028020 1.000178 1.000178 1.000178
8710 56.028020 56.028020 56.028020 1.000178 1.000178 1.000178
8720 56.028020 56.028020 56.028020 1.000178 1.000178 1.000178
8730 56.028020 56.028020 56.028020 1.000178 1.000178 1.000178
8740 56.028020 56.028020 56.028020 1.000178 1.000178 1.000178
8750 56.028020 56.028020 56.028020 1.000178 1.000178 1.000178
8760 56.028020 56.028020 56.028020 1.000178 1.000178 1.000178
8770 56.028020 56.028020 56.028020 1.000178 1.000178 1.000178
8780 56.028020 56.028020 56.028020 1.000178 1.000178 1.000178
8790 56.028020 56.028020 56.028020 1.000178 1.000178 1.000178
8800 56.028020 56.028020 56.028020 1.000178 1.000178 1.000178
8810 56.028020 56.028020 56.028020 1.000178 1.000178 1.000178
8820 56.028020 56.028020 56.028020 1.000178 1.000178 1.000178
8830 56.028020 56.028020 56.028020 1.000178 1.000178 1.000178
8840 56.028020 56.028020 56.028020 1.000178 1.000178 1.000178
8850 56.028020 56.028020 56.028020 1.000178 1.000178 1.000178
8860 56.028020 56.028020 56.028020 1.000178 1.000178 1.000178
8870 56.028020 56.028020 56.028020 1.000178 1.000178 1.000178
8880 56.028020 56.028020 56.028020 1.000178 1.000178 1.000178
8890 56.028020 56.028020 56.028020 1.000178 1.000178 1.000178
8900 56.028020 56.028020 56.028020 1.000178 1.000178 1.000178
8910 56.028020 56.028020 56.028020 1.000178 1.000178 1.000178
8920 56.028020 56.028020 56.028020 1.000178 1.000178 1.000178
8930 56.028020 56.028020 56.028020 1.000178 1.000178 1.000178
8940 56.028020 56.028020 56.028020 1.000178 1.000178 1.000178
8950 56.028020 56.028020 56.028020 1.000178 1.000178 1.000178
8960 56.028020 56.028020 56.028020 1.000178 1.000178 1.000178
8970 56.028020 56.028020 56.028020 1.000178 1.000178 1.000178
8980 56.028020 56.028020 56.028020 1.000178 1.000178 1.000178
8990 56.028020 56.028020 56.028020 1.000178 1.000178 1.000178
9000 56.028020 56.028020 56.028020 1.000178 1.000178 1.000178
9010 56.028020 56.028020 56.028020 1.000178 1.000178 1.000178
9020 56.028020 56.028020 56.028020 1.000178 1.000178 1.000178
9030 56.028020 56.028020 56.028020 1.000178 1.000178 1.000178
9040 56.028020 56.028020 56.028020 1.000178 1.000178 1.000178
9050 56.028020 56.028020 56.028020 1.000178 1.000178 1.000178
9060 56.028020 56.028020 56.028020 1.000178 1.000178 1.000178
9070 56.028020 56.028020 56.028020 1.000178 1.000178 1.000178
9080 56.028020 56.028020 56.028020 1.000178 1.000178 1.000178
9090 56.028020 56.028020 56.028020 1.000178 1.000178 1.000178
9100 56.028020 56.028020 56.028020 1.000178 1.000178 1.000178
9110 56.028020 56.028020 56.028020 1.000178 1.000178 1.000178
9120 56.028020 56.028020 56.028020 1.000178 1.000178 1.000178
9130 56.028020 56.028020 56.028020 1.000178 1.000178 1.000178
9140 56.028020 56.028020 56.028020 1.000178 1.000178 1.000178
9150 56.028020 56.028020 56.028020 1.000178 1.000178 1.000178
9160 56.028020 56.028020 56.028020 1.000178 1.000178 1.000178
9170 56.028020 56.028020 56.028020 1.000178 1.000178 1.000178
9180 56.028020 56.028020 56.028020 1.000178 1.000178 1.000178
9190 56.028020 56.028020 56.028020 1.000178 1.000178 1.000178
9200 56.028020 56.028020 56.028020 1.000178 1.000178 1.000178
9210 56.028020 56.028020 56.028020 1.000178 1.000178 1.000178
9220 56.028020 56.028020 56.028020 1.000178 1.000178 1.000178
9230 56.028020 56.028020 56.028020 1.000178 1.000178 1.000178
9240 56.028020 56.028020 56.028020 1.000178 1.000178 1.000178
9250 56.028020 56.028020 56.028020 1.000178 1.000178 1.000178
9260 56.028020 56.028020 56.028020 1.000178 1.000178 1.000178
9270 56.028020 56.028020 56.028020 1.000178 1.000178 1.000178
9280 56.028020 56.028020 56.028020 1.000178 1.000178 1.000178
9290 56.028020 56.028020 56.028020 1.000178 1.000178 1.000178
9300 56.028020 56.028020 56.028020 1.000178 1.000178 1.000178
9310 56.028020 56.028020 56.028020 1.000178 1.000178 1.000178
9320 56.028020 56.028020 56.028020 1.000178 1.000178 1.000178
9330 56.028020 56.028020 56.028020 1.000178 1.000178 1.000178
9340 56.028020 56.028020 56.028020 1.000178 1.000178 1.000178
9350 56.028020 56.028020 56.028020 1.000178 1.000178 1.000178
9360 56.028020 56.028020 56.028020 1.000178 1.000178 1.000178
9370 56.028020 56.028020 56.028020 1.000178 1.000178 1.000178
9380 56.028020 56.028020 56.028020 1.000178 1.000178 1.000178
9390 56.028020 56.028020 56.028020 1.000178 1.000178 1.000178
9400 56.028020 56.028020 56.028020 1.000178 1.000178 1.000178
9410 56.028020 56.028020 56.028020 1.000178 1.000178 1.000178
9420 56.028020 56.028020 56.028020 1.000178 1.000178 1.000178
9430 56.028020 56.028020 56.028020 1.000178 1.000178 1.000178
9440 56.028020 56.028020 56.028020 1.000178 1.000178 1.000178
9450 56.028020 56.028020 56.028020 1.000178 1.000178 1.000178
9460 56.028020 56.028020 56.028020 1.000178 1.000178 1.000178
9470 56.028020 56.028020 56.028020 1.000178 1.000178 1.000178
9480 56.028020 56.028020 56.028020 1.000178 1.000178 1.000178
9490 56.028020 56.028020 56.028020 1.000178 1.000178 1.000178
9500 56.028020 56.028020 56.028020 1.000178 1.000178 1.000178
9510 56.028020 56.028020 56.028020 1.000178 1.000178 1.000178
9520 56.028020 56.028020 56.028020 1.000178 1.000178 1.000178
9530 56.028020 56.028020 56.028020 1.000178 1.000178 1.000178
9540 56.028020 56.028020 56.028020 1.000178 1.000178 1.000178
9550 56.028020 56.028020 56.028020 1.000178 1.000178 1.000178
9560 56.028020 56.028020 56.028020 1.000178 1.000178 1.000178
9570 56.028020 56.028020 56.028020 1.000178 1.000178 1.000178
9580 56.028020 56.028020 56.028020 1.000178 1.000178 1.000178
9590 56.028020 56.028020 56.028020 1.000178 1.000178 1.000178
9600 56.028020 56.028020 56.028020 1.000178 1.000178 1.000178
9610 56.028020 56.028020 56.028020 1.000178 1.000178 1.000178
9620 56.028020 56.028020 56.028020 1.000178 1.000178 1.000178
9630 56.028020 56.028020 56.028020 1.000178 1.000178 1.000178
9640 56.028020 56.028020 56.028020 1.000178 1.000178 1.000178
9650 56.028020 56.028020 56.028020 1.000178 1.000178 1.000178
9660 56.028020 56.028020 56.028020 1.000178 1.000178 1.000178
9670 56.028020 56.028020 56.028020 1.000178 1.000178 1.000178
9680 56.028020 56.028020 56.028020 1.000178 1.000178 1.000178
9690 56.028020 56.028020 56.028020 1.000178 1.000178 1.000178
9700 56.028020 56.028020 56.028020 1.000178 1.000178 1.000178
9710 56.028020 56.028020 56.028020 1.000178 1.000178 1.000178
9720 56.028020 56.028020 56.028020 1.000178 1.000178 1.000178
9730 56.028020 56.028020 56.028020 1.000178 1.000178 1.000178
9740 56.028020 56.028020 56.028020 1.000178 1.000178 1.000178
9750 56.028020 56.028020 56.028020 1.000178 1.000178 1.000178
9760 56.028020 56.028020 56.028020 1.000178 1.000178 1.000178
9770 56.028020 56.028020 56.028020 1.000178 1.000178 1.000178
9780 56.028020 56.028020 56.028020 1.000178 1.000178 1.000178
9790 56.028020 56.028020 56.028020 1.000178 1.000178 1.000178
9800 56.028020 56.028020 56.028020 1.000178 1.000178 1.000178
9810 56.028020 56.028020 56.028020 1.000178 1.000178 1.000178
9820 56.028020 56.028020 56.028020 1.000178 1.000178 1.000178
9830 56.028020 56.028020 56.028020 1.000178 1.000178 1.000178
9840 56.028020 56.028020 56.028020 1.000178 1.000178 1.000178
9850 56.028020 56.028020 56.028020 1.000178 1.000178 1.000178
9860 56.028020 56.028020 56.028020 1.000178 1.000178 1.000178
9870 56.028020 56.028020 56.028020 1.000178 1.000178 1.000178
9880 56.028020 56.028020 56.028020 1.000178 1.000178 1.000178
9890 56.028020 56.028020 56.028020 1.000178 1.000178 1.000178
9900 56.028020 56.028020 56.028020 1.000178 1.000178 1.000178
9910 56.028020 56.028020 56.028020 1.000178 1.000178 1.000178
9920 56.028020 56.028020 56.028020 1.000178 1.000178 1.000178
9930 56.028020 56.028020 56.028020 1.000178 1.000178 1.000178
9940 56.028020 56.028020 56.028020 1.000178 1.000178 1.000178
9950 56.028020 56.028020 56.028020 1.000178 1.000178 1.000178
9960 56.028020 56.028020 56.028020 1.000178 1.000178 1.000178
9970 56.028020 56.028020 56.028020 1.000178 1.000178 1.000178
9980 56.028020 56.028020 56.028020 1.000178 1.000178 1.000178
9990 56.028020 56.028020 56.028020 1.000178 1.000178 1.000178
10000 56.028020 56.028020 56.028020 1.000178 1.000178 1.000178
