# generation power_min power_avg power_max util_min util_avg util_max
1 50.557231 50.557231 50.557231 1.446704 1.489747 1.499986
10 51.598913 51.598913 51.598913 1.276371 1.478192 1.499986
20 51.838782 51.838782 51.838782 1.222115 1.464488 1.499986
30 52.329447 52.329447 52.329447 1.222115 1.454183 1.499986
40 52.329447 52.329447 52.329447 1.183370 1.441900 1.499986
50 52.845337 52.845337 52.845337 1.118963 1.423091 1.499986
60 53.161857 53.161857 53.161857 1.081535 1.398290 1.499638
70 53.161857 53.161857 53.161857 1.081535 1.374186 1.499188
80 53.274552 53.274552 53.274552 1.065918 1.349360 1.498367
90 53.287704 53.287704 53.287704 1.065918 1.319643 1.496979
100 53.287704 53.287704 53.287704 1.065918 1.289566 1.485756
110 53.448569 53.448569 53.448569 1.061594 1.257447 1.447803
120 53.448569 53.448569 53.448569 1.044603 1.226703 1.416869
130 53.768682 53.768682 53.768682 1.029283 1.199975 1.360866
140 53.841006 53.841006 53.841006 1.021813 1.174778 1.326973
150 53.931162 53.931162 53.931162 1.021813 1.151450 1.302255
160 53.988906 53.988906 53.988906 1.020858 1.129055 1.250132
170 54.100088 54.100088 54.100088 1.015543 1.111599 1.232844
180 54.100088 54.100088 54.100088 1.015543 1.095025 1.200726
190 54.100088 54.100088 54.100088 1.015543 1.080345 1.183370
200 54.100088 54.100088 54.100088 1.014056 1.067310 1.152905
210 54.100088 54.100088 54.100088 1.014056 1.056442 1.130906
220 54.160057 54.160057 54.160057 1.013678 1.046237 1.106716
230 54.160057 54.160057 54.160057 1.005883 1.038142 1.084396
240 54.390181 54.390181 54.390181 1.000589 1.031951 1.075418
250 54.390181 54.390181 54.390181 1.000358 1.026358 1.061134
260 54.390181 54.390181 54.390181 1.000358 1.022380 1.047416
270 54.398146 54.398146 54.398146 0.997492 1.019083 1.040954
280 54.398146 54.272378 54.398146 0.996639 1.016366 1.033292
290 54.398146 54.311764 54.398146 0.996639 1.013877 1.026241
300 54.398146 54.291622 54.398146 0.996639 1.011801 1.024870
310 54.398146 54.306000 54.398146 0.996639 1.009946 1.021813
320 54.398146 54.290290 54.398146 0.996639 1.007968 1.019380
330 54.398146 54.272212 54.398146 0.996247 1.006185 1.018147
340 54.398146 54.268617 54.398146 0.996247 1.004519 1.017035
350 54.398146 54.252496 54.398146 0.994876 1.002996 1.013678
360 54.398146 54.236983 54.398146 0.994876 1.001633 1.012892
370 54.398146 54.220364 54.398146 0.994876 1.000403 1.010959
380 54.398146 54.205644 54.398146 0.994876 0.999582 1.002476
390 54.394363 54.186104 54.394363 0.994876 0.999483 1.002421
400 54.348867 54.162450 54.348867 0.994876 0.999419 1.002421
410 54.304169 54.148422 54.304169 0.994876 0.999287 1.002421
420 54.304169 54.133770 54.304169 0.994876 0.999089 1.002421
430 54.267910 54.110447 54.267910 0.994876 0.998960 1.002421
440 54.201343 54.098103 54.201343 0.994876 0.998966 1.002177
450 54.179747 54.084708 54.179747 0.994876 0.999058 1.002177
460 54.167161 54.072108 54.167161 0.996557 0.999211 1.001239
470 54.129381 54.059541 54.129381 0.996557 0.999204 1.001239
480 54.113340 54.052453 54.113340 0.996557 0.999170 1.001239
490 54.099492 54.045489 54.099492 0.997107 0.999167 1.000929
500 54.077406 54.041953 54.077406 0.998166 0.999112 1.000299
510 54.049252 54.037398 54.049252 0.998166 0.999071 1.000299
520 54.049252 54.035229 54.049252 0.998166 0.998927 1.000299
530 54.034963 54.032967 54.034963 0.998166 0.998866 1.000299
540 54.034963 54.032682 54.034963 0.998166 0.999009 1.000084
550 54.034963 54.032220 54.034963 0.998166 0.999134 1.000084
560 54.034963 54.031610 54.034963 0.998166 0.999295 1.000084
570 54.034963 54.030652 54.034963 0.998166 0.999456 1.000084
580 54.034963 54.028927 54.034963 0.998166 0.999617 1.000084
590 54.027778 54.027778 54.027778 0.998166 0.999797 1.000084
600 54.027778 54.027778 54.027778 0.998166 0.999988 1.000084
610 53.963124 53.963124 53.963124 1.000084 1.000084 1.000084
620 53.963124 53.963124 53.963124 1.000084 1.000084 1.000084
630 53.963124 53.963124 53.963124 1.000084 1.000084 1.000084
640 53.963124 53.963124 53.963124 1.000084 1.000084 1.000084
650 53.963124 53.963124 53.963124 1.000084 1.000084 1.000084
660 53.963124 53.963124 53.963124 1.000084 1.000084 1.000084
670 53.963124 53.963124 53.963124 1.000084 1.000084 1.000084
680 53.963124 53.963124 53.963124 1.000084 1.000084 1.000084
690 53.963124 53.963124 53.963124 1.000084 1.000084 1.000084
700 53.963124 53.963124 53.963124 1.000084 1.000084 1.000084
710 53.963124 53.963124 53.963124 1.000084 1.000084 1.000084
720 53.963124 53.963124 53.963124 1.000084 1.000084 1.000084
730 53.963124 53.963124 53.963124 1.000084 1.000084 1.000084
740 53.963124 53.963124 53.963124 1.000084 1.000084 1.000084
750 53.963124 53.963124 53.963124 1.000084 1.000084 1.000084
760 53.963124 53.963124 53.963124 1.000084 1.000084 1.000084
770 53.963124 53.963124 53.963124 1.000084 1.000084 1.000084
780 53.963124 53.963124 53.963124 1.000084 1.000084 1.000084
790 53.963124 53.963124 53.963124 1.000084 1.000084 1.000084
800 53.963124 53.963124 53.963124 1.000084 1.000084 1.000084
810 53.963124 53.963124 53.963124 1.000084 1.000084 1.000084
820 53.963124 53.963124 53.963124 1.000084 1.000084 1.000084
830 53.963124 53.963124 53.963124 1.000084 1.000084 1.000084
840 53.963124 53.963124 53.963124 1.000084 1.000084 1.000084
850 53.963124 53.963124 53.963124 1.000084 1.000084 1.000084
860 53.963124 53.963124 53.963124 1.000084 1.000084 1.000084
870 53.963124 53.963124 53.963124 1.000084 1.000084 1.000084
880 53.963124 53.963124 53.963124 1.000084 1.000084 1.000084
890 53.963124 53.963124 53.963124 1.000084 1.000084 1.000084
900 53.963124 53.963124 53.963124 1.000084 1.000084 1.000084
910 53.963124 53.963124 53.963124 1.000084 1.000084 1.000084
920 53.963124 53.963124 53.963124 1.000084 1.000084 1.000084
930 53.963124 53.963124 53.963124 1.000084 1.000084 1.000084
940 53.963124 53.963124 53.963124 1.000084 1.000084 1.000084
950 53.963124 53.963124 53.963124 1.000084 1.000084 1.000084
960 53.963124 53.963124 53.963124 1.000084 1.000084 1.000084
970 53.963124 53.963124 53.963124 1.000084 1.000084 1.000084
980 53.963124 53.963124 53.963124 1.000084 1.000084 1.000084
990 53.963124 53.963124 53.963124 1.000084 1.000084 1.000084
1000 53.963124 53.963124 53.963124 1.000084 1.000084 1.000084
1010 53.963124 53.963124 53.963124 1.000084 1.000084 1.000084
1020 53.963124 53.963124 53.963124 1.000084 1.000084 1.000084
1030 53.963124 53.963124 53.963124 1.000084 1.000084 1.000084
1040 53.963124 53.963124 53.963124 1.000084 1.000084 1.000084
1050 53.963124 53.963124 53.963124 1.000084 1.000084 1.000084
1060 53.963124 53.963124 53.963124 1.000084 1.000084 1.000084
1070 53.963124 53.963124 53.963124 1.000084 1.000084 1.000084
1080 53.963124 53.963124 53.963124 1.000084 1.000084 1.000084
1090 53.963124 53.963124 53.963124 1.000084 1.000084 1.000084
1100 53.963124 53.963124 53.963124 1.000084 1.000084 1.000084
1110 53.963124 53.963124 53.963124 1.000084 1.000084 1.000084
1120 53.963124 53.963124 53.963124 1.000084 1.000084 1.000084
1130 53.963124 53.963124 53.963124 1.000084 1.000084 1.000084
1140 53.963124 53.963124 53.963124 1.000084 1.000084 1.000084
1150 53.963124 53.963124 53.963124 1.000084 1.000084 1.000084
1160 53.963124 53.963124 53.963124 1.000084 1.000084 1.000084
1170 53.963124 53.963124 53.963124 1.000084 1.000084 1.000084
1180 53.963124 53.963124 53.963124 1.000084 1.000084 1.000084
1190 53.963124 53.963124 53.963124 1.000084 1.000084 1.000084
1200 53.963124 53.963124 53.963124 1.000084 1.000084 1.000084
1210 53.963124 53.963124 53.963124 1.000084 1.000084 1.000084
1220 53.963124 53.963124 53.963124 1.000084 1.000084 1.000084
1230 53.963124 53.963124 53.963124 1.000084 1.000084 1.000084
1240 53.963124 53.963124 53.963124 1.000084 1.000084 1.000084
1250 53.963124 53.963124 53.963124 1.000084 1.000084 1.000084
1260 53.963124 53.963124 53.963124 1.000084 1.000084 1.000084
1270 53.963124 53.963124 53.963124 1.000084 1.000084 1.000084
1280 53.963124 53.963124 53.963124 1.000084 1.000084 1.000084
1290 53.963124 53.963124 53.963124 1.000084 1.000084 1.000084
1300 53.963124 53.963124 53.963124 1.000084 1.000084 1.000084
1310 53.963124 53.963124 53.963124 1.000084 1.000084 1.000084
1320 53.963124 53.963124 53.963124 1.000084 1.000084 1.000084
1330 53.963124 53.963124 53.963124 1.000084 1.000084 1.000084
1340 53.963124 53.963124 53.963124 1.000084 1.000084 1.000084
1350 53.963124 53.963124 53.963124 1.000084 1.000084 1.000084
1360 53.963124 53.963124 53.963124 1.000084 1.000084 1.000084
1370 53.963124 53.963124 53.963124 1.000084 1.000084 1.000084
1380 53.963124 53.963124 53.963124 1.000084 1.000084 1.000084
1390 53.963124 53.963124 53.963124 1.000084 1.000084 1.000084
1400 53.963124 53.963124 53.963124 1.000084 1.000084 1.000084
1410 53.963124 53.963124 53.963124 1.000084 1.000084 1.000084
1420 53.963124 53.963124 53.963124 1.000084 1.000084 1.000084
1430 53.963124 53.963124 53.963124 1.000084 1.000084 1.000084
1440 53.963124 53.963124 53.963124 1.000084 1.000084 1.000084
1450 53.963124 53.963124 53.963124 1.000084 1.000084 1.000084
1460 53.963124 53.963124 53.963124 1.000084 1.000084 1.000084
1470 53.963124 53.963124 53.963124 1.000084 1.000084 1.000084
1480 53.963124 53.963124 53.963124 1.000084 1.000084 1.000084
1490 53.963124 53.963124 53.963124 1.000084 1.000084 1.000084
1500 53.963124 53.963124 53.963124 1.000084 1.000084 1.000084
1510 53.963124 53.963124 53.963124 1.000084 1.000084 1.000084
1520 53.963124 53.963124 53.963124 1.000084 1.000084 1.000084
1530 53.963124 53.963124 53.963124 1.000084 1.000084 1.000084
1540 53.963124 53.963124 53.963124 1.000084 1.000084 1.000084
1550 53.963124 53.963124 53.963124 1.000084 1.000084 1.000084
1560 53.963124 53.963124 53.963124 1.000084 1.000084 1.000084
1570 53.963124 53.963124 53.963124 1.000084 1.000084 1.000084
1580 53.963124 53.963124 53.963124 1.000084 1.000084 1.000084
1590 53.963124 53.963124 53.963124 1.000084 1.000084 1.000084
1600 53.963124 53.963124 53.963124 1.000084 1.000084 1.000084
1610 53.963124 53.963124 53.963124 1.000084 1.000084 1.000084
1620 53.963124 53.963124 53.963124 1.000084 1.000084 1.000084
1630 53.963124 53.963124 53.963124 1.000084 1.000084 1.000084
1640 53.963124 53.963124 53.963124 1.000084 1.000084 1.000084
1650 53.963124 53.963124 53.963124 1.000084 1.000084 1.000084
1660 53.963124 53.963124 53.963124 1.000084 1.000084 1.000084
1670 53.963124 53.963124 53.963124 1.000084 1.000084 1.000084
1680 53.963124 53.963124 53.963124 1.000084 1.000084 1.000084
1690 53.963124 53.963124 53.963124 1.000084 1.000084 1.000084
1700 53.963124 53.963124 53.963124 1.000084 1.000084 1.000084
1710 53.963124 53.963124 53.963124 1.000084 1.000084 1.000084
1720 53.963124 53.963124 53.963124 1.000084 1.000084 1.000084
1730 53.963124 53.963124 53.963124 1.000084 1.000084 1.000084
1740 53.963124 53.963124 53.963124 1.000084 1.000084 1.000084
1750 53.963124 53.963124 53.963124 1.000084 1.000084 1.000084
1760 53.963124 53.963124 53.963124 1.000084 1.000084 1.000084
1770 53.963124 53.963124 53.963124 1.000084 1.000084 1.000084
1780 53.963124 53.963124 53.963124 1.000084 1.000084 1.000084
1790 53.963124 53.963124 53.963124 1.000084 1.000084 1.000084
1800 53.963124 53.963124 53.963124 1.000084 1.000084 1.000084
1810 53.963124 53.963124 53.963124 1.000084 1.000084 1.000084
1820 53.963124 53.963124 53.963124 1.000084 1.000084 1.000084
1830 53.963124 53.963124 53.963124 1.000084 1.000084 1.000084
1840 53.963124 53.963124 53.963124 1.000084 1.000084 1.000084
1850 53.963124 53.963124 53.963124 1.000084 1.000084 1.000084
1860 53.963124 53.963124 53.963124 1.000084 1.000084 1.000084
1870 53.963124 53.963124 53.963124 1.000084 1.000084 1.000084
1880 53.963124 53.963124 53.963124 1.000084 1.000084 1.000084
1890 53.963124 53.963124 53.963124 1.000084 1.000084 1.000084
1900 53.963124 53.963124 53.963124 1.000084 1.000084 1.000084
1910 53.963124 53.963124 53.963124 1.000084 1.000084 1.000084
1920 53.963124 53.963124 53.963124 1.000084 1.000084 1.000084
1930 53.963124 53.963124 53.963124 1.000084 1.000084 1.000084
1940 53.963124 53.963124 53.963124 1.000084 1.000084 1.000084
1950 53.963124 53.963124 53.963124 1.000084 1.000084 1.000084
1960 53.963124 53.963124 53.963124 1.000084 1.000084 1.000084
1970 53.963124 53.963124 53.963124 1.000084 1.000084 1.000084
1980 53.963124 53.963124 53.963124 1.000084 1.000084 1.000084
1990 53.963124 53.963124 53.963124 1.000084 1.000084 1.000084
2000 53.963124 53.963124 53.963124 1.000084 1.000084 1.000084
2010 53.963124 53.963124 53.963124 1.000084 1.000084 1.000084
2020 53.963124 53.963124 53.963124 1.000084 1.000084 1.000084
2030 53.963124 53.963124 53.963124 1.000084 1.000084 1.000084
2040 53.963124 53.963124 53.963124 1.000084 1.000084 1.000084
2050 53.963124 53.963124 53.963124 1.000084 1.000084 1.000084
2060 53.963124 53.963124 53.963124 1.000084 1.000084 1.000084
2070 53.963124 53.963124 53.963124 1.000084 1.000084 1.000084
2080 53.963124 53.963124 53.963124 1.000084 1.000084 1.000084
2090 53.963124 53.963124 53.963124 1.000084 1.000084 1.000084
2100 53.963124 53.963124 53.963124 1.000084 1.000084 1.000084
2110 53.963124 53.963124 53.963124 1.000084 1.000084 1.000084
2120 53.963124 53.963124 53.963124 1.000084 1.000084 1.000084
2130 53.963124 53.963124 53.963124 1.000084 1.000084 1.000084
2140 53.963124 53.963124 53.963124 1.000084 1.000084 1.000084
2150 53.963124 53.963124 53.963124 1.000084 1.000084 1.000084
2160 53.963124 53.963124 53.963124 1.000084 1.000084 1.000084
2170 53.963124 53.963124 53.963124 1.000084 1.000084 1.000084
2180 53.963124 53.963124 53.963124 1.000084 1.000084 1.000084
2190 53.963124 53.963124 53.963124 1.000084 1.000084 1.000084
2200 53.963124 53.963124 53.963124 1.000084 1.000084 1.000084
2210 53.963124 53.963124 53.963124 1.000084 1.000084 1.000084
2220 53.963124 53.963124 53.963124 1.000084 1.000084 1.000084
2230 53.963124 53.963124 53.963124 1.000084 1.000084 1.000084
2240 53.963124 53.963124 53.963124 1.000084 1.000084 1.000084
2250 53.963124 53.963124 53.963124 1.000084 1.000084 1.000084
2260 53.963124 53.963124 53.963124 1.000084 1.000084 1.000084
2270 53.963124 53.963124 53.963124 1.000084 1.000084 1.000084
2280 53.963124 53.963124 53.963124 1.000084 1.000084 1.000084
2290 53.963124 53.963124 53.963124 1.000084 1.000084 1.000084
2300 53.963124 53.963124 53.963124 1.000084 1.000084 1.000084
2310 53.963124 53.963124 53.963124 1.000084 1.000084 1.000084
2320 53.963124 53.963124 53.963124 1.000084 1.000084 1.000084
2330 53.963124 53.963124 53.963124 1.000084 1.000084 1.000084
2340 53.963124 53.963124 53.963124 1.000084 1.000084 1.000084
2350 53.963124 53.963124 53.963124 1.000084 1.000084 1.000084
2360 53.963124 53.963124 53.963124 1.000084 1.000084 1.000084
2370 53.963124 53.963124 53.963124 1.000084 1.000084 1.000084
2380 53.963124 53.963124 53.963124 1.000084 1.000084 1.000084
2390 53.963124 53.963124 53.963124 1.000084 1.000084 1.000084
2400 53.963124 53.963124 53.963124 1.000084 1.000084 1.000084
2410 53.963124 53.963124 53.963124 1.000084 1.000084 1.000084
2420 53.963124 53.963124 53.963124 1.000084 1.000084 1.000084
2430 53.963124 53.963124 53.963124 1.000084 1.000084 1.000084
2440 53.963124 53.963124 53.963124 1.000084 1.000084 1.000084
2450 53.963124 53.963124 53.963124 1.000084 1.000084 1.000084
2460 53.963124 53.963124 53.963124 1.000084 1.000084 1.000084
2470 53.963124 53.963124 53.963124 1.000084 1.000084 1.000084
2480 53.963124 53.963124 53.963124 1.000084 1.000084 1.000084
2490 53.963124 53.963124 53.963124 1.000084 1.000084 1.000084
2500 53.963124 53.963124 53.963124 1.000084 1.000084 1.000084
2510 53.963124 53.963124 53.963124 1.000084 1.000084 1.000084
2520 53.963124 53.963124 53.963124 1.000084 1.000084 1.000084
2530 53.963124 53.963124 53.963124 1.000084 1.000084 1.000084
2540 53.963124 53.963124 53.963124 1.000084 1.000084 1.000084
2550 53.963124 53.963124 53.963124 1.000084 1.000084 1.000084
2560 53.963124 53.963124 53.963124 1.000084 1.000084 1.000084
2570 53.963124 53.963124 53.963124 1.000084 1.000084 1.000084
2580 53.963124 53.963124 53.963124 1.000084 1.000084 1.000084
2590 53.963124 53.963124 53.963124 1.000084 1.000084 1.000084
2600 53.963124 53.963124 53.963124 1.000084 1.000084 1.000084
2610 53.963124 53.963124 53.963124 1.000084 1.000084 1.000084
2620 53.963124 53.963124 53.963124 1.000084 1.000084 1.000084
2630 53.963124 53.963124 53.963124 1.000084 1.000084 1.000084
2640 53.963124 53.963124 53.963124 1.000084 1.000084 1.000084
2650 53.963124 53.963124 53.963124 1.000084 1.000084 1.000084
2660 53.963124 53.963124 53.963124 1.000084 1.000084 1.000084
2670 53.963124 53.963124 53.963124 1.000084 1.000084 1.000084
2680 53.963124 53.963124 53.963124 1.000084 1.000084 1.000084
2690 53.963124 53.963124 53.963124 1.000084 1.000084 1.000084
2700 53.963124 53.963124 53.963124 1.000084 1.000084 1.000084
2710 53.963124 53.963124 53.963124 1.000084 1.000084 1.000084
2720 53.963124 53.963124 53.963124 1.000084 1.000084 1.000084
2730 53.963124 53.963124 53.963124 1.000084 1.000084 1.000084
2740 53.963124 53.963124 53.963124 1.000084 1.000084 1.000084
2750 53.963124 53.963124 53.963124 1.000084 1.000084 1.000084
2760 53.963124 53.963124 53.963124 1.000084 1.000084 1.000084
2770 53.963124 53.963124 53.963124 1.000084 1.000084 1.000084
2780 53.963124 53.963124 53.963124 1.000084 1.000084 1.000084
2790 53.963124 53.963124 53.963124 1.000084 1.000084 1.000084
2800 53.963124 53.963124 53.963124 1.000084 1.000084 1.000084
2810 53.963124 53.963124 53.963124 1.000084 1.000084 1.000084
2820 53.963124 53.963124 53.963124 1.000084 1.000084 1.000084
2830 53.963124 53.963124 53.963124 1.000084 1.000084 1.000084
2840 53.963124 53.963124 53.963124 1.000084 1.000084 1.000084
2850 53.963124 53.963124 53.963124 1.000084 1.000084 1.000084
2860 53.963124 53.963124 53.963124 1.000084 1.000084 1.000084
2870 53.963124 53.963124 53.963124 1.000084 1.000084 1.000084
2880 53.963124 53.963124 53.963124 1.000084 1.000084 1.000084
2890 53.963124 53.963124 53.963124 1.000084 1.000084 1.000084
2900 53.963124 53.963124 53.963124 1.000084 1.000084 1.000084
2910 53.963124 53.963124 53.963124 1.000084 1.000084 1.000084
2920 53.963124 53.963124 53.963124 1.000084 1.000084 1.000084
2930 53.963124 53.963124 53.963124 1.000084 1.000084 1.000084
2940 53.963124 53.963124 53.963124 1.000084 1.000084 1.000084
2950 53.963124 53.963124 53.963124 1.000084 1.000084 1.000084
2960 53.963124 53.963124 53.963124 1.000084 1.000084 1.000084
2970 53.963124 53.963124 53.963124 1.000084 1.000084 1.000084
2980 53.963124 53.963124 53.963124 1.000084 1.000084 1.000084
2990 53.963124 53.963124 53.963124 1.000084 1.000084 1.000084
3000 53.963124 53.963124 53.963124 1.000084 1.000084 1.000084
3010 53.963124 53.963124 53.963124 1.000084 1.000084 1.000084
3020 53.963124 53.963124 53.963124 1.000084 1.000084 1.000084
3030 53.963124 53.963124 53.963124 1.000084 1.000084 1.000084
3040 53.963124 53.963124 53.963124 1.000084 1.000084 1.000084
3050 53.963124 53.963124 53.963124 1.000084 1.000084 1.000084
3060 53.963124 53.963124 53.963124 1.000084 1.000084 1.000084
3070 53.963124 53.963124 53.963124 1.000084 1.000084 1.000084
3080 53.963124 53.963124 53.963124 1.000084 1.000084 1.000084
3090 53.963124 53.963124 53.963124 1.000084 1.000084 1.000084
3100 53.963124 53.963124 53.963124 1.000084 1.000084 1.000084
3110 53.963124 53.963124 53.963124 1.000084 1.000084 1.000084
3120 53.963124 53.963124 53.963124 1.000084 1.000084 1.000084
3130 53.963124 53.963124 53.963124 1.000084 1.000084 1.000084
3140 53.963124 53.963124 53.963124 1.000084 1.000084 1.000084
3150 53.963124 53.963124 53.963124 1.000084 1.000084 1.000084
3160 53.963124 53.963124 53.963124 1.000084 1.000084 1.000084
3170 53.963124 53.963124 53.963124 1.000084 1.000084 1.000084
3180 53.963124 53.963124 53.963124 1.000084 1.000084 1.000084
3190 53.963124 53.963124 53.963124 1.000084 1.000084 1.000084
3200 53.963124 53.963124 53.963124 1.000084 1.000084 1.000084
3210 53.963124 53.963124 53.963124 1.000084 1.000084 1.000084
3220 53.963124 53.963124 53.963124 1.000084 1.000084 1.000084
3230 53.963124 53.963124 53.963124 1.000084 1.000084 1.000084
3240 53.963124 53.963124 53.963124 1.000084 1.000084 1.000084
3250 53.963124 53.963124 53.963124 1.000084 1.000084 1.000084
3260 53.963124 53.963124 53.963124 1.000084 1.000084 1.000084
3270 53.963124 53.963124 53.963124 1.000084 1.000084 1.000084
3280 53.963124 53.963124 53.963124 1.000084 1.000084 1.000084
3290 53.963124 53.963124 53.963124 1.000084 1.000084 1.000084
3300 53.963124 53.963124 53.963124 1.000084 1.000084 1.000084
3310 53.963124 53.963124 53.963124 1.000084 1.000084 1.000084
3320 53.963124 53.963124 53.963124 1.000084 1.000084 1.000084
3330 53.963124 53.963124 53.963124 1.000084 1.000084 1.000084
3340 53.963124 53.963124 53.963124 1.000084 1.000084 1.000084
3350 53.963124 53.963124 53.963124 1.000084 1.000084 1.000084
3360 53.963124 53.963124 53.963124 1.000084 1.000084 1.000084
3370 53.963124 53.963124 53.963124 1.000084 1.000084 1.000084
3380 53.963124 53.963124 53.963124 1.000084 1.000084 1.000084
3390 53.963124 53.963124 53.963124 1.000084 1.000084 1.000084
3400 53.963124 53.963124 53.963124 1.000084 1.000084 1.000084
3410 53.963124 53.963124 53.963124 1.000084 1.000084 1.000084
3420 53.963124 53.963124 53.963124 1.000084 1.000084 1.000084
3430 53.963124 53.963124 53.963124 1.000084 1.000084 1.000084
3440 53.963124 53.963124 53.963124 1.000084 1.000084 1.000084
3450 53.963124 53.963124 53.963124 1.000084 1.000084 1.000084
3460 53.963124 53.963124 53.963124 1.000084 1.000084 1.000084
3470 53.963124 53.963124 53.963124 1.000084 1.000084 1.000084
3480 53.963124 53.963124 53.963124 1.000084 1.000084 1.000084
3490 53.963124 53.963124 53.963124 1.000084 1.000084 1.000084
3500 53.963124 53.963124 53.963124 1.000084 1.000084 1.000084
3510 53.963124 53.963124 53.963124 1.000084 1.000084 1.000084
3520 53.963124 53.963124 53.963124 1.000084 1.000084 1.000084
3530 53.963124 53.963124 53.963124 1.000084 1.000084 1.000084
3540 53.963124 53.963124 53.963124 1.000084 1.000084 1.000084
3550 53.963124 53.963124 53.963124 1.000084 1.000084 1.000084
3560 53.963124 53.963124 53.963124 1.000084 1.000084 1.000084
3570 53.963124 53.963124 53.963124 1.000084 1.000084 1.000084
3580 53.963124 53.963124 53.963124 1.000084 1.000084 1.000084
3590 53.963124 53.963124 53.963124 1.000084 1.000084 1.000084
3600 53.963124 53.963124 53.963124 1.000084 1.000084 1.000084
3610 53.963124 53.963124 53.963124 1.000084 1.000084 1.000084
3620 53.963124 53.963124 53.963124 1.000084 1.000084 1.000084
3630 53.963124 53.963124 53.963124 1.000084 1.000084 1.000084
3640 53.963124 53.963124 53.963124 1.000084 1.000084 1.000084
3650 53.963124 53.963124 53.963124 1.000084 1.000084 1.000084
3660 53.963124 53.963124 53.963124 1.000084 1.000084 1.000084
3670 53.963124 53.963124 53.963124 1.000084 1.000084 1.000084
3680 53.963124 53.963124 53.963124 1.000084 1.000084 1.000084
3690 53.963124 53.963124 53.963124 1.000084 1.000084 1.000084
3700 53.963124 53.963124 53.963124 1.000084 1.000084 1.000084
3710 53.963124 53.963124 53.963124 1.000084 1.000084 1.000084
3720 53.963124 53.963124 53.963124 1.000084 1.000084 1.000084
3730 53.963124 53.963124 53.963124 1.000084 1.000084 1.000084
3740 53.963124 53.963124 53.963124 1.000084 1.000084 1.000084
3750 53.963124 53.963124 53.963124 1.000084 1.000084 1.000084
3760 53.963124 53.963124 53.963124 1.000084 1.000084 1.000084
3770 53.963124 53.963124 53.963124 1.000084 1.000084 1.000084
3780 53.963124 53.963124 53.963124 1.000084 1.000084 1.000084
3790 53.963124 53.963124 53.963124 1.000084 1.000084 1.000084
3800 53.963124 53.963124 53.963124 1.000084 1.000084 1.000084
3810 53.963124 53.963124 53.963124 1.000084 1.000084 1.000084
3820 53.963124 53.963124 53.963124 1.000084 1.000084 1.000084
3830 53.963124 53.963124 53.963124 1.000084 1.000084 1.000084
3840 53.963124 53.963124 53.963124 1.000084 1.000084 1.000084
3850 53.963124 53.963124 53.963124 1.000084 1.000084 1.000084
3860 53.963124 53.963124 53.963124 1.000084 1.000084 1.000084
3870 53.963124 53.963124 53.963124 1.000084 1.000084 1.000084
3880 53.963124 53.963124 53.963124 1.000084 1.000084 1.000084
3890 53.963124 53.963124 53.963124 1.000084 1.000084 1.000084
3900 53.963124 53.963124 53.963124 1.000084 1.000084 1.000084
3910 53.963124 53.963124 53.963124 1.000084 1.000084 1.000084
3920 53.963124 53.963124 53.963124 1.000084 1.000084 1.000084
3930 53.963124 53.963124 53.963124 1.000084 1.000084 1.000084
3940 53.963124 53.963124 53.963124 1.000084 1.000084 1.000084
3950 53.963124 53.963124 53.963124 1.000084 1.000084 1.000084
3960 53.963124 53.963124 53.963124 1.000084 1.000084 1.000084
3970 53.963124 53.963124 53.963124 1.000084 1.000084 1.000084
3980 53.963124 53.963124 53.963124 1.000084 1.000084 1.000084
3990 53.963124 53.963124 53.963124 1.000084 1.000084 1.000084
4000 53.963124 53.963124 53.963124 1.000084 1.000084 1.000084
4010 53.963124 53.963124 53.963124 1.000084 1.000084 1.000084
4020 53.963124 53.963124 53.963124 1.000084 1.000084 1.000084
4030 53.963124 53.963124 53.963124 1.000084 1.000084 1.000084
4040 53.963124 53.963124 53.963124 1.000084 1.000084 1.000084
4050 53.963124 53.963124 53.963124 1.000084 1.000084 1.000084
4060 53.963124 53.963124 53.963124 1.000084 1.000084 1.000084
4070 53.963124 53.963124 53.963124 1.000084 1.000084 1.000084
4080 53.963124 53.963124 53.963124 1.000084 1.000084 1.000084
4090 53.963124 53.963124 53.963124 1.000084 1.000084 1.000084
4100 53.963124 53.963124 53.963124 1.000084 1.000084 1.000084
4110 53.963124 53.963124 53.963124 1.000084 1.000084 1.000084
4120 53.963124 53.963124 53.963124 1.000084 1.000084 1.000084
4130 53.963124 53.963124 53.963124 1.000084 1.000084 1.000084
4140 53.963124 53.963124 53.963124 1.000084 1.000084 1.000084
4150 53.963124 53.963124 53.963124 1.000084 1.000084 1.000084
4160 53.963124 53.963124 53.963124 1.000084 1.000084 1.000084
4170 53.963124 53.963124 53.963124 1.000084 1.000084 1.000084
4180 53.963124 53.963124 53.963124 1.000084 1.000084 1.000084
4190 53.963124 53.963124 53.963124 1.000084 1.000084 1.000084
4200 53.963124 53.963124 53.963124 1.000084 1.000084 1.000084
4210 53.963124 53.963124 53.963124 1.000084 1.000084 1.000084
4220 53.963124 53.963124 53.963124 1.000084 1.000084 1.000084
4230 53.963124 53.963124 53.963124 1.000084 1.000084 1.000084
4240 53.963124 53.963124 53.963124 1.000084 1.000084 1.000084
4250 53.963124 53.963124 53.963124 1.000084 1.000084 1.000084
4260 53.963124 53.963124 53.963124 1.000084 1.000084 1.000084
4270 53.963124 53.963124 53.963124 1.000084 1.000084 1.000084
4280 53.963124 53.963124 53.963124 1.000084 1.000084 1.000084
4290 53.963124 53.963124 53.963124 1.000084 1.000084 1.000084
4300 53.963124 53.963124 53.963124 1.000084 1.000084 1.000084
4310 53.963124 53.963124 53.963124 1.000084 1.000084 1.000084
4320 53.963124 53.963124 53.963124 1.000084 1.000084 1.000084
4330 53.963124 53.963124 53.963124 1.000084 1.000084 1.000084
4340 53.963124 53.963124 53.963124 1.000084 1.000084 1.000084
4350 53.963124 53.963124 53.963124 1.000084 1.000084 1.000084
4360 53.963124 53.963124 53.963124 1.000084 1.000084 1.000084
4370 53.963124 53.963124 53.963124 1.000084 1.000084 1.000084
4380 53.963124 53.963124 53.963124 1.000084 1.000084 1.000084
4390 53.963124 53.963124 53.963124 1.000084 1.000084 1.000084
4400 53.963124 53.963124 53.963124 1.000084 1.000084 1.000084
4410 53.963124 53.963124 53.963124 1.000084 1.000084 1.000084
4420 53.963124 53.963124 53.963124 1.000084 1.000084 1.000084
4430 53.963124 53.963124 53.963124 1.000084 1.000084 1.000084
4440 53.963124 53.963124 53.963124 1.000084 1.000084 1.000084
4450 53.963124 53.963124 53.963124 1.000084 1.000084 1.000084
4460 53.963124 53.963124 53.963124 1.000084 1.000084 1.000084
4470 53.963124 53.963124 53.963124 1.000084 1.000084 1.000084
4480 53.963124 53.963124 53.963124 1.000084 1.000084 1.000084
4490 53.963124 53.963124 53.963124 1.000084 1.000084 1.000084
4500 53.963124 53.963124 53.963124 1.000084 1.000084 1.000084
4510 53.963124 53.963124 53.963124 1.000084 1.000084 1.000084
4520 53.963124 53.963124 53.963124 1.000084 1.000084 1.000084
4530 53.963124 53.963124 53.963124 1.000084 1.000084 1.000084
4540 53.963124 53.963124 53.963124 1.000084 1.000084 1.000084
4550 53.963124 53.963124 53.963124 1.000084 1.000084 1.000084
4560 53.963124 53.963124 53.963124 1.000084 1.000084 1.000084
4570 53.963124 53.963124 53.963124 1.000084 1.000084 1.000084
4580 53.963124 53.963124 53.963124 1.000084 1.000084 1.000084
4590 53.963124 53.963124 53.963124 1.000084 1.000084 1.000084
4600 53.963124 53.963124 53.963124 1.000084 1.000084 1.000084
4610 53.963124 53.963124 53.963124 1.000084 1.000084 1.000084
4620 53.963124 53.963124 53.963124 1.000084 1.000084 1.000084
4630 53.963124 53.963124 53.963124 1.000084 1.000084 1.000084
4640 53.963124 53.963124 53.963124 1.000084 1.000084 1.000084
4650 53.963124 53.963124 53.963124 1.000084 1.000084 1.000084
4660 53.963124 53.963124 53.963124 1.000084 1.000084 1.000084
4670 53.963124 53.963124 53.963124 1.000084 1.000084 1.000084
4680 53.963124 53.963124 53.963124 1.000084 1.000084 1.000084
4690 53.963124 53.963124 53.963124 1.000084 1.000084 1.000084
4700 53.963124 53.963124 53.963124 1.000084 1.000084 1.000084
4710 53.963124 53.963124 53.963124 1.000084 1.000084 1.000084
4720 53.963124 53.963124 53.963124 1.000084 1.000084 1.000084
4730 53.963124 53.963124 53.963124 1.000084 1.000084 1.000084
4740 53.963124 53.963124 53.963124 1.000084 1.000084 1.000084
4750 53.963124 53.963124 53.963124 1.000084 1.000084 1.000084
4760 53.963124 53.963124 53.963124 1.000084 1.000084 1.000084
4770 53.963124 53.963124 53.963124 1.000084 1.000084 1.000084
4780 53.963124 53.963124 53.963124 1.000084 1.000084 1.000084
4790 53.963124 53.963124 53.963124 1.000084 1.000084 1.000084
4800 53.963124 53.963124 53.963124 1.000084 1.000084 1.000084
4810 53.963124 53.963124 53.963124 1.000084 1.000084 1.000084
4820 53.963124 53.963124 53.963124 1.000084 1.000084 1.000084
4830 53.963124 53.963124 53.963124 1.000084 1.000084 1.000084
4840 53.963124 53.963124 53.963124 1.000084 1.000084 1.000084
4850 53.963124 53.963124 53.963124 1.000084 1.000084 1.000084
4860 53.963124 53.963124 53.963124 1.000084 1.000084 1.000084
4870 53.963124 53.963124 53.963124 1.000084 1.000084 1.000084
4880 53.963124 53.963124 53.963124 1.000084 1.000084 1.000084
4890 53.963124 53.963124 53.963124 1.000084 1.000084 1.000084
4900 53.963124 53.963124 53.963124 1.000084 1.000084 1.000084
4910 53.963124 53.963124 53.963124 1.000084 1.000084 1.000084
4920 53.963124 53.963124 53.963124 1.000084 1.000084 1.000084
4930 53.963124 53.963124 53.963124 1.000084 1.000084 1.000084
4940 53.963124 53.963124 53.963124 1.000084 1.000084 1.000084
4950 53.963124 53.963124 53.963124 1.000084 1.000084 1.000084
4960 53.963124 53.963124 53.963124 1.000084 1.000084 1.000084
4970 53.963124 53.963124 53.963124 1.000084 1.000084 1.000084
4980 53.963124 53.963124 53.963124 1.000084 1.000084 1.000084
4990 53.963124 53.963124 53.963124 1.000084 1.000084 1.000084
5000 53.963124 53.963124 53.963124 1.000084 1.000084 1.000084
5010 53.963124 53.963124 53.963124 1.000084 1.000084 1.000084
5020 53.963124 53.963124 53.963124 1.000084 1.000084 1.000084
5030 53.963124 53.963124 53.963124 1.000084 1.000084 1.000084
5040 53.963124 53.963124 53.963124 1.000084 1.000084 1.000084
5050 53.963124 53.963124 53.963124 1.000084 1.000084 1.000084
5060 53.963124 53.963124 53.963124 1.000084 1.000084 1.000084
5070 53.963124 53.963124 53.963124 1.000084 1.000084 1.000084
5080 53.963124 53.963124 53.963124 1.000084 1.000084 1.000084
5090 53.963124 53.963124 53.963124 1.000084 1.000084 1.000084
5100 53.963124 53.963124 53.963124 1.000084 1.000084 1.000084
5110 53.963124 53.963124 53.963124 1.000084 1.000084 1.000084
5120 53.963124 53.963124 53.963124 1.000084 1.000084 1.000084
5130 53.963124 53.963124 53.963124 1.000084 1.000084 1.000084
5140 53.963124 53.963124 53.963124 1.000084 1.000084 1.000084
5150 53.963124 53.963124 53.963124 1.000084 1.000084 1.000084
5160 53.963124 53.963124 53.963124 1.000084 1.000084 1.000084
5170 53.963124 53.963124 53.963124 1.000084 1.000084 1.000084
5180 53.963124 53.963124 53.963124 1.000084 1.000084 1.000084
5190 53.963124 53.963124 53.963124 1.000084 1.000084 1.000084
5200 53.963124 53.963124 53.963124 1.000084 1.000084 1.000084
5210 53.963124 53.963124 53.963124 1.000084 1.000084 1.000084
5220 53.963124 53.963124 53.963124 1.000084 1.000084 1.000084
5230 53.963124 53.963124 53.963124 1.000084 1.000084 1.000084
5240 53.963124 53.963124 53.963124 1.000084 1.000084 1.000084
5250 53.963124 53.963124 53.963124 1.000084 1.000084 1.000084
5260 53.963124 53.963124 53.963124 1.000084 1.000084 1.000084
5270 53.963124 53.963124 53.963124 1.000084 1.000084 1.000084
5280 53.963124 53.963124 53.963124 1.000084 1.000084 1.000084
5290 53.963124 53.963124 53.963124 1.000084 1.000084 1.000084
5300 53.963124 53.963124 53.963124 1.000084 1.000084 1.000084
5310 53.963124 53.963124 53.963124 1.000084 1.000084 1.000084
5320 53.963124 53.963124 53.963124 1.000084 1.000084 1.000084
5330 53.963124 53.963124 53.963124 1.000084 1.000084 1.000084
5340 53.963124 53.963124 53.963124 1.000084 1.000084 1.000084
5350 53.963124 53.963124 53.963124 1.000084 1.000084 1.000084
5360 53.963124 53.963124 53.963124 1.000084 1.000084 1.000084
5370 53.963124 53.963124 53.963124 1.000084 1.000084 1.000084
5380 53.963124 53.963124 53.963124 1.000084 1.000084 1.000084
5390 53.963124 53.963124 53.963124 1.000084 1.000084 1.000084
5400 53.963124 53.963124 53.963124 1.000084 1.000084 1.000084
5410 53.963124 53.963124 53.963124 1.000084 1.000084 1.000084
5420 53.963124 53.963124 53.963124 1.000084 1.000084 1.000084
5430 53.963124 53.963124 53.963124 1.000084 1.000084 1.000084
5440 53.963124 53.963124 53.963124 1.000084 1.000084 1.000084
5450 53.963124 53.963124 53.963124 1.000084 1.000084 1.000084
5460 53.963124 53.963124 53.963124 1.000084 1.000084 1.000084
5470 53.963124 53.963124 53.963124 1.000084 1.000084 1.000084
5480 53.963124 53.963124 53.963124 1.000084 1.000084 1.000084
5490 53.963124 53.963124 53.963124 1.000084 1.000084 1.000084
5500 53.963124 53.963124 53.963124 1.000084 1.000084 1.000084
5510 53.963124 53.963124 53.963124 1.000084 1.000084 1.000084
5520 53.963124 53.963124 53.963124 1.000084 1.000084 1.000084
5530 53.963124 53.963124 53.963124 1.000084 1.000084 1.000084
5540 53.963124 53.963124 53.963124 1.000084 1.000084 1.000084
5550 53.963124 53.963124 53.963124 1.000084 1.000084 1.000084
5560 53.963124 53.963124 53.963124 1.000084 1.000084 1.000084
5570 53.963124 53.963124 53.963124 1.000084 1.000084 1.000084
5580 53.963124 53.963124 53.963124 1.000084 1.000084 1.000084
5590 53.963124 53.963124 53.963124 1.000084 1.000084 1.000084
5600 53.963124 53.963124 53.963124 1.000084 1.000084 1.000084
5610 53.963124 53.963124 53.963124 1.000084 1.000084 1.000084
5620 53.963124 53.963124 53.963124 1.000084 1.000084 1.000084
5630 53.963124 53.963124 53.963124 1.000084 1.000084 1.000084
5640 53.963124 53.963124 53.963124 1.000084 1.000084 1.000084
5650 53.963124 53.963124 53.963124 1.000084 1.000084 1.000084
5660 53.963124 53.963124 53.963124 1.000084 1.000084 1.000084
5670 53.963124 53.963124 53.963124 1.000084 1.000084 1.000084
5680 53.963124 53.963124 53.963124 1.000084 1.000084 1.000084
5690 53.963124 53.963124 53.963124 1.000084 1.000084 1.000084
5700 53.963124 53.963124 53.963124 1.000084 1.000084 1.000084
5710 53.963124 53.963124 53.963124 1.000084 1.000084 1.000084
5720 53.963124 53.963124 53.963124 1.000084 1.000084 1.000084
5730 53.963124 53.963124 53.963124 1.000084 1.000084 1.000084
5740 53.963124 53.963124 53.963124 1.000084 1.000084 1.000084
5750 53.963124 53.963124 53.963124 1.000084 1.000084 1.000084
5760 53.963124 53.963124 53.963124 1.000084 1.000084 1.000084
5770 53.963124 53.963124 53.963124 1.000084 1.000084 1.000084
5780 53.963124 53.963124 53.963124 1.000084 1.000084 1.000084
5790 53.963124 53.963124 53.963124 1.000084 1.000084 1.000084
5800 53.963124 53.963124 53.963124 1.000084 1.000084 1.000084
5810 53.963124 53.963124 53.963124 1.000084 1.000084 1.000084
5820 53.963124 53.963124 53.963124 1.000084 1.000084 1.000084
5830 53.963124 53.963124 53.963124 1.000084 1.000084 1.000084
5840 53.963124 53.963124 53.963124 1.000084 1.000084 1.000084
5850 53.963124 53.963124 53.963124 1.000084 1.000084 1.000084
5860 53.963124 53.963124 53.963124 1.000084 1.000084 1.000084
5870 53.963124 53.963124 53.963124 1.000084 1.000084 1.000084
5880 53.963124 53.963124 53.963124 1.000084 1.000084 1.000084
5890 53.963124 53.963124 53.963124 1.000084 1.000084 1.000084
5900 53.963124 53.963124 53.963124 1.000084 1.000084 1.000084
5910 53.963124 53.963124 53.963124 1.000084 1.000084 1.000084
5920 53.963124 53.963124 53.963124 1.000084 1.000084 1.000084
5930 53.963124 53.963124 53.963124 1.000084 1.000084 1.000084
5940 53.963124 53.963124 53.963124 1.000084 1.000084 1.000084
5950 53.963124 53.963124 53.963124 1.000084 1.000084 1.000084
5960 53.963124 53.963124 53.963124 1.000084 1.000084 1.000084
5970 53.963124 53.963124 53.963124 1.000084 1.000084 1.000084
5980 53.963124 53.963124 53.963124 1.000084 1.000084 1.000084
5990 53.963124 53.963124 53.963124 1.000084 1.000084 1.000084
6000 53.963124 53.963124 53.963124 1.000084 1.000084 1.000084
6010 53.963124 53.963124 53.963124 1.000084 1.000084 1.000084
6020 53.963124 53.963124 53.963124 1.000084 1.000084 1.000084
6030 53.963124 53.963124 53.963124 1.000084 1.000084 1.000084
6040 53.963124 53.963124 53.963124 1.000084 1.000084 1.000084
6050 53.963124 53.963124 53.963124 1.000084 1.000084 1.000084
6060 53.963124 53.963124 53.963124 1.000084 1.000084 1.000084
6070 53.963124 53.963124 53.963124 1.000084 1.000084 1.000084
6080 53.963124 53.963124 53.963124 1.000084 1.000084 1.000084
6090 53.963124 53.963124 53.963124 1.000084 1.000084 1.000084
6100 53.963124 53.963124 53.963124 1.000084 1.000084 1.000084
6110 53.963124 53.963124 53.963124 1.000084 1.000084 1.000084
6120 53.963124 53.963124 53.963124 1.000084 1.000084 1.000084
6130 53.963124 53.963124 53.963124 1.000084 1.000084 1.000084
6140 53.963124 53.963124 53.963124 1.000084 1.000084 1.000084
6150 53.963124 53.963124 53.963124 1.000084 1.000084 1.000084
6160 53.963124 53.963124 53.963124 1.000084 1.000084 1.000084
6170 53.963124 53.963124 53.963124 1.000084 1.000084 1.000084
6180 53.963124 53.963124 53.963124 1.000084 1.000084 1.000084
6190 53.963124 53.963124 53.963124 1.000084 1.000084 1.000084
6200 53.963124 53.963124 53.963124 1.000084 1.000084 1.000084
6210 53.963124 53.963124 53.963124 1.000084 1.000084 1.000084
6220 53.963124 53.963124 53.963124 1.000084 1.000084 1.000084
6230 53.963124 53.963124 53.963124 1.000084 1.000084 1.000084
6240 53.963124 53.963124 53.963124 1.000084 1.000084 1.000084
6250 53.963124 53.963124 53.963124 1.000084 1.000084 1.000084
6260 53.963124 53.963124 53.963124 1.000084 1.000084 1.000084
6270 53.963124 53.963124 53.963124 1.000084 1.000084 1.000084
6280 53.963124 53.963124 53.963124 1.000084 1.000084 1.000084
6290 53.963124 53.963124 53.963124 1.000084 1.000084 1.000084
6300 53.963124 53.963124 53.963124 1.000084 1.000084 1.000084
6310 53.963124 53.963124 53.963124 1.000084 1.000084 1.000084
6320 53.963124 53.963124 53.963124 1.000084 1.000084 1.000084
6330 53.963124 53.963124 53.963124 1.000084 1.000084 1.000084
6340 53.963124 53.963124 53.963124 1.000084 1.000084 1.000084
6350 53.963124 53.963124 53.963124 1.000084 1.000084 1.000084
6360 53.963124 53.963124 53.963124 1.000084 1.000084 1.000084
6370 53.963124 53.963124 53.963124 1.000084 1.000084 1.000084
6380 53.963124 53.963124 53.963124 1.000084 1.000084 1.000084
6390 53.963124 53.963124 53.963124 1.000084 1.000084 1.000084
6400 53.963124 53.963124 53.963124 1.000084 1.000084 1.000084
6410 53.963124 53.963124 53.963124 1.000084 1.000084 1.000084
6420 53.963124 53.963124 53.963124 1.000084 1.000084 1.000084
6430 53.963124 53.963124 53.963124 1.000084 1.000084 1.000084
6440 53.963124 53.963124 53.963124 1.000084 1.000084 1.000084
6450 53.963124 53.963124 53.963124 1.000084 1.000084 1.000084
6460 53.963124 53.963124 53.963124 1.000084 1.000084 1.000084
6470 53.963124 53.963124 53.963124 1.000084 1.000084 1.000084
6480 53.963124 53.963124 53.963124 1.000084 1.000084 1.000084
6490 53.963124 53.963124 53.963124 1.000084 1.000084 1.000084
6500 53.963124 53.963124 53.963124 1.000084 1.000084 1.000084
6510 53.963124 53.963124 53.963124 1.000084 1.000084 1.000084
6520 53.963124 53.963124 53.963124 1.000084 1.000084 1.000084
6530 53.963124 53.963124 53.963124 1.000084 1.000084 1.000084
6540 53.963124 53.963124 53.963124 1.000084 1.000084 1.000084
6550 53.963124 53.963124 53.963124 1.000084 1.000084 1.000084
6560 53.963124 53.963124 53.963124 1.000084 1.000084 1.000084
6570 53.963124 53.963124 53.963124 1.000084 1.000084 1.000084
6580 53.963124 53.963124 53.963124 1.000084 1.000084 1.000084
6590 53.963124 53.963124 53.963124 1.000084 1.000084 1.000084
6600 53.963124 53.963124 53.963124 1.000084 1.000084 1.000084
6610 53.963124 53.963124 53.963124 1.000084 1.000084 1.000084
6620 53.963124 53.963124 53.963124 1.000084 1.000084 1.000084
6630 53.963124 53.963124 53.963124 1.000084 1.000084 1.000084
6640 53.963124 53.963124 53.963124 1.000084 1.000084 1.000084
6650 53.963124 53.963124 53.963124 1.000084 1.000084 1.000084
6660 53.963124 53.963124 53.963124 1.000084 1.000084 1.000084
6670 53.963124 53.963124 53.963124 1.000084 1.000084 1.000084
6680 53.963124 53.963124 53.963124 1.000084 1.000084 1.000084
6690 53.963124 53.963124 53.963124 1.000084 1.000084 1.000084
6700 53.963124 53.963124 53.963124 1.000084 1.000084 1.000084
6710 53.963124 53.963124 53.963124 1.000084 1.000084 1.000084
6720 53.963124 53.963124 53.963124 1.000084 1.000084 1.000084
6730 53.963124 53.963124 53.963124 1.000084 1.000084 1.000084
6740 53.963124 53.963124 53.963124 1.000084 1.000084 1.000084
6750 53.963124 53.963124 53.963124 1.000084 1.000084 1.000084
6760 53.963124 53.963124 53.963124 1.000084 1.000084 1.000084
6770 53.963124 53.963124 53.963124 1.000084 1.000084 1.000084
6780 53.963124 53.963124 53.963124 1.000084 1.000084 1.000084
6790 53.963124 53.963124 53.963124 1.000084 1.000084 1.000084
6800 53.963124 53.963124 53.963124 1.000084 1.000084 1.000084
6810 53.963124 53.963124 53.963124 1.000084 1.000084 1.000084
6820 53.963124 53.963124 53.963124 1.000084 1.000084 1.000084
6830 53.963124 53.963124 53.963124 1.000084 1.000084 1.000084
6840 53.963124 53.963124 53.963124 1.000084 1.000084 1.000084
6850 53.963124 53.963124 53.963124 1.000084 1.000084 1.000084
6860 53.963124 53.963124 53.963124 1.000084 1.000084 1.000084
6870 53.963124 53.963124 53.963124 1.000084 1.000084 1.000084
6880 53.963124 53.963124 53.963124 1.000084 1.000084 1.000084
6890 53.963124 53.963124 53.963124 1.000084 1.000084 1.000084
6900 53.963124 53.963124 53.963124 1.000084 1.000084 1.000084
6910 53.963124 53.963124 53.963124 1.000084 1.000084 1.000084
6920 53.963124 53.963124 53.963124 1.000084 1.000084 1.000084
6930 53.963124 53.963124 53.963124 1.000084 1.000084 1.000084
6940 53.963124 53.963124 53.963124 1.000084 1.000084 1.000084
6950 53.963124 53.963124 53.963124 1.000084 1.000084 1.000084
6960 53.963124 53.963124 53.963124 1.000084 1.000084 1.000084
6970 53.963124 53.963124 53.963124 1.000084 1.000084 1.000084
6980 53.963124 53.963124 53.963124 1.000084 1.000084 1.000084
6990 53.963124 53.963124 53.963124 1.000084 1.000084 1.000084
7000 53.963124 53.963124 53.963124 1.000084 1.000084 1.000084
7010 53.963124 53.963124 53.963124 1.000084 1.000084 1.000084
7020 53.963124 53.963124 53.963124 1.000084 1.000084 1.000084
7030 53.963124 53.963124 53.963124 1.000084 1.000084 1.000084
7040 53.963124 53.963124 53.963124 1.000084 1.000084 1.000084
7050 53.963124 53.963124 53.963124 1.000084 1.000084 1.000084
7060 53.963124 53.963124 53.963124 1.000084 1.000084 1.000084
7070 53.963124 53.963124 53.963124 1.000084 1.000084 1.000084
7080 53.963124 53.963124 53.963124 1.000084 1.000084 1.000084
7090 53.963124 53.963124 53.963124 1.000084 1.000084 1.000084
7100 53.963124 53.963124 53.963124 1.000084 1.000084 1.000084
7110 53.963124 53.963124 53.963124 1.000084 1.000084 1.000084
7120 53.963124 53.963124 53.963124 1.000084 1.000084 1.000084
7130 53.963124 53.963124 53.963124 1.000084 1.000084 1.000084
7140 53.963124 53.963124 53.963124 1.000084 1.000084 1.000084
7150 53.963124 53.963124 53.963124 1.000084 1.000084 1.000084
7160 53.963124 53.963124 53.963124 1.000084 1.000084 1.000084
7170 53.963124 53.963124 53.963124 1.000084 1.000084 1.000084
7180 53.963124 53.963124 53.963124 1.000084 1.000084 1.000084
7190 53.963124 53.963124 53.963124 1.000084 1.000084 1.000084
7200 53.963124 53.963124 53.963124 1.000084 1.000084 1.000084
7210 53.963124 53.963124 53.963124 1.000084 1.000084 1.000084
7220 53.963124 53.963124 53.963124 1.000084 1.000084 1.000084
7230 53.963124 53.963124 53.963124 1.000084 1.000084 1.000084
7240 53.963124 53.963124 53.963124 1.000084 1.000084 1.000084
7250 53.963124 53.963124 53.963124 1.000084 1.000084 1.000084
7260 53.963124 53.963124 53.963124 1.000084 1.000084 1.000084
7270 53.963124 53.963124 53.963124 1.000084 1.000084 1.000084
7280 53.963124 53.963124 53.963124 1.000084 1.000084 1.000084
7290 53.963124 53.963124 53.963124 1.000084 1.000084 1.000084
7300 53.963124 53.963124 53.963124 1.000084 1.000084 1.000084
7310 53.963124 53.963124 53.963124 1.000084 1.000084 1.000084
7320 53.963124 53.963124 53.963124 1.000084 1.000084 1.000084
7330 53.963124 53.963124 53.963124 1.000084 1.000084 1.000084
7340 53.963124 53.963124 53.963124 1.000084 1.000084 1.000084
7350 53.963124 53.963124 53.963124 1.000084 1.000084 1.000084
7360 53.963124 53.963124 53.963124 1.000084 1.000084 1.000084
7370 53.963124 53.963124 53.963124 1.000084 1.000084 1.000084
7380 53.963124 53.963124 53.963124 1.000084 1.000084 1.000084
7390 53.963124 53.963124 53.963124 1.000084 1.000084 1.000084
7400 53.963124 53.963124 53.963124 1.000084 1.000084 1.000084
7410 53.963124 53.963124 53.963124 1.000084 1.000084 1.000084
7420 53.963124 53.963124 53.963124 1.000084 1.000084 1.000084
7430 53.963124 53.963124 53.963124 1.000084 1.000084 1.000084
7440 53.963124 53.963124 53.963124 1.000084 1.000084 1.000084
7450 53.963124 53.963124 53.963124 1.000084 1.000084 1.000084
7460 53.963124 53.963124 53.963124 1.000084 1.000084 1.000084
7470 53.963124 53.963124 53.963124 1.000084 1.000084 1.000084
7480 53.963124 53.963124 53.963124 1.000084 1.000084 1.000084
7490 53.963124 53.963124 53.963124 1.000084 1.000084 1.000084
7500 53.963124 53.963124 53.963124 1.000084 1.000084 1.000084
7510 53.963124 53.963124 53.963124 1.000084 1.000084 1.000084
7520 53.963124 53.963124 53.963124 1.000084 1.000084 1.000084
7530 53.963124 53.963124 53.963124 1.000084 1.000084 1.000084
7540 53.963124 53.963124 53.963124 1.000084 1.000084 1.000084
7550 53.963124 53.963124 53.963124 1.000084 1.000084 1.000084
7560 53.963124 53.963124 53.963124 1.000084 1.000084 1.000084
7570 53.963124 53.963124 53.963124 1.000084 1.000084 1.000084
7580 53.963124 53.963124 53.963124 1.000084 1.000084 1.000084
7590 53.963124 53.963124 53.963124 1.000084 1.000084 1.000084
7600 53.963124 53.963124 53.963124 1.000084 1.000084 1.000084
7610 53.963124 53.963124 53.963124 1.000084 1.000084 1.000084
7620 53.963124 53.963124 53.963124 1.000084 1.000084 1.000084
7630 53.963124 53.963124 53.963124 1.000084 1.000084 1.000084
7640 53.963124 53.963124 53.963124 1.000084 1.000084 1.000084
7650 53.963124 53.963124 53.963124 1.000084 1.000084 1.000084
7660 53.963124 53.963124 53.963124 1.000084 1.000084 1.000084
7670 53.963124 53.963124 53.963124 1.000084 1.000084 1.000084
7680 53.963124 53.963124 53.963124 1.000084 1.000084 1.000084
7690 53.963124 53.963124 53.963124 1.000084 1.000084 1.000084
7700 53.963124 53.963124 53.963124 1.000084 1.000084 1.000084
7710 53.963124 53.963124 53.963124 1.000084 1.000084 1.000084
7720 53.963124 53.963124 53.963124 1.000084 1.000084 1.000084
7730 53.963124 53.963124 53.963124 1.000084 1.000084 1.000084
7740 53.963124 53.963124 53.963124 1.000084 1.000084 1.000084
7750 53.963124 53.963124 53.963124 1.000084 1.000084 1.000084
7760 53.963124 53.963124 53.963124 1.000084 1.000084 1.000084
7770 53.963124 53.963124 53.963124 1.000084 1.000084 1.000084
7780 53.963124 53.963124 53.963124 1.000084 1.000084 1.000084
7790 53.963124 53.963124 53.963124 1.000084 1.000084 1.000084
7800 53.963124 53.963124 53.963124 1.000084 1.000084 1.000084
7810 53.963124 53.963124 53.963124 1.000084 1.000084 1.000084
7820 53.963124 53.963124 53.963124 1.000084 1.000084 1.000084
7830 53.963124 53.963124 53.963124 1.000084 1.000084 1.000084
7840 53.963124 53.963124 53.963124 1.000084 1.000084 1.000084
7850 53.963124 53.963124 53.963124 1.000084 1.000084 1.000084
7860 53.963124 53.963124 53.963124 1.000084 1.000084 1.000084
7870 53.963124 53.963124 53.963124 1.000084 1.000084 1.000084
7880 53.963124 53.963124 53.963124 1.000084 1.000084 1.000084
7890 53.963124 53.963124 53.963124 1.000084 1.000084 1.000084
7900 53.963124 53.963124 53.963124 1.000084 1.000084 1.000084
7910 53.963124 53.963124 53.963124 1.000084 1.000084 1.000084
7920 53.963124 53.963124 53.963124 1.000084 1.000084 1.000084
7930 53.963124 53.963124 53.963124 1.000084 1.000084 1.000084
7940 53.963124 53.963124 53.963124 1.000084 1.000084 1.000084
7950 53.963124 53.963124 53.963124 1.000084 1.000084 1.000084
7960 53.963124 53.963124 53.963124 1.000084 1.000084 1.000084
7970 53.963124 53.963124 53.963124 1.000084 1.000084 1.000084
7980 53.963124 53.963124 53.963124 1.000084 1.000084 1.000084
7990 53.963124 53.963124 53.963124 1.000084 1.000084 1.000084
8000 53.963124 53.963124 53.963124 1.000084 1.000084 1.000084
8010 53.963124 53.963124 53.963124 1.000084 1.000084 1.000084
8020 53.963124 53.963124 53.963124 1.000084 1.000084 1.000084
8030 53.963124 53.963124 53.963124 1.000084 1.000084 1.000084
8040 53.963124 53.963124 53.963124 1.000084 1.000084 1.000084
8050 53.963124 53.963124 53.963124 1.000084 1.000084 1.000084
8060 53.963124 53.963124 53.963124 1.000084 1.000084 1.000084
8070 53.963124 53.963124 53.963124 1.000084 1.000084 1.000084
8080 53.963124 53.963124 53.963124 1.000084 1.000084 1.000084
8090 53.963124 53.963124 53.963124 1.000084 1.000084 1.000084
8100 53.963124 53.963124 53.963124 1.000084 1.000084 1.000084
8110 53.963124 53.963124 53.963124 1.000084 1.000084 1.000084
8120 53.963124 53.963124 53.963124 1.000084 1.000084 1.000084
8130 53.963124 53.963124 53.963124 1.000084 1.000084 1.000084
8140 53.963124 53.963124 53.963124 1.000084 1.000084 1.000084
8150 53.963124 53.963124 53.963124 1.000084 1.000084 1.000084
8160 53.963124 53.963124 53.963124 1.000084 1.000084 1.000084
8170 53.963124 53.963124 53.963124 1.000084 1.000084 1.000084
8180 53.963124 53.963124 53.963124 1.000084 1.000084 1.000084
8190 53.963124 53.963124 53.963124 1.000084 1.000084 1.000084
8200 53.963124 53.963124 53.963124 1.000084 1.000084 1.000084
8210 53.963124 53.963124 53.963124 1.000084 1.000084 1.000084
8220 53.963124 53.963124 53.963124 1.000084 1.000084 1.000084
8230 53.963124 53.963124 53.963124 1.000084 1.000084 1.000084
8240 53.963124 53.963124 53.963124 1.000084 1.000084 1.000084
8250 53.963124 53.963124 53.963124 1.000084 1.000084 1.000084
8260 53.963124 53.963124 53.963124 1.000084 1.000084 1.000084
8270 53.963124 53.963124 53.963124 1.000084 1.000084 1.000084
8280 53.963124 53.963124 53.963124 1.000084 1.000084 1.000084
8290 53.963124 53.963124 53.963124 1.000084 1.000084 1.000084
8300 53.963124 53.963124 53.963124 1.000084 1.000084 1.000084
8310 53.963124 53.963124 53.963124 1.000084 1.000084 1.000084
8320 53.963124 53.963124 53.963124 1.000084 1.000084 1.000084
8330 53.963124 53.963124 53.963124 1.000084 1.000084 1.000084
8340 53.963124 53.963124 53.963124 1.000084 1.000084 1.000084
8350 53.963124 53.963124 53.963124 1.000084 1.000084 1.000084
8360 53.963124 53.963124 53.963124 1.000084 1.000084 1.000084
8370 53.963124 53.963124 53.963124 1.000084 1.000084 1.000084
8380 53.963124 53.963124 53.963124 1.000084 1.000084 1.000084
8390 53.963124 53.963124 53.963124 1.000084 1.000084 1.000084
8400 53.963124 53.963124 53.963124 1.000084 1.000084 1.000084
8410 53.963124 53.963124 53.963124 1.000084 1.000084 1.000084
8420 53.963124 53.963124 53.963124 1.000084 1.000084 1.000084
8430 53.963124 53.963124 53.963124 1.000084 1.000084 1.000084
8440 53.963124 53.963124 53.963124 1.000084 1.000084 1.000084
8450 53.963124 53.963124 53.963124 1.000084 1.000084 1.000084
8460 53.963124 53.963124 53.963124 1.000084 1.000084 1.000084
8470 53.963124 53.963124 53.963124 1.000084 1.000084 1.000084
8480 53.963124 53.963124 53.963124 1.000084 1.000084 1.000084
8490 53.963124 53.963124 53.963124 1.000084 1.000084 1.000084
8500 53.963124 53.963124 53.963124 1.000084 1.000084 1.000084
8510 53.963124 53.963124 53.963124 1.000084 1.000084 1.000084
8520 53.963124 53.963124 53.963124 1.000084 1.000084 1.000084
8530 53.963124 53.963124 53.963124 1.000084 1.000084 1.000084
8540 53.963124 53.963124 53.963124 1.000084 1.000084 1.000084
8550 53.963124 53.963124 53.963124 1.000084 1.000084 1.000084
8560 53.963124 53.963124 53.963124 1.000084 1.000084 1.000084
8570 53.963124 53.963124 53.963124 1.000084 1.000084 1.000084
8580 53.963124 53.963124 53.963124 1.000084 1.000084 1.000084
8590 53.963124 53.963124 53.963124 1.000084 1.000084 1.000084
8600 53.963124 53.963124 53.963124 1.000084 1.000084 1.000084
8610 53.963124 53.963124 53.963124 1.000084 1.000084 1.000084
8620 53.963124 53.963124 53.963124 1.000084 1.000084 1.000084
8630 53.963124 53.963124 53.963124 1.000084 1.000084 1.000084
8640 53.963124 53.963124 53.963124 1.000084 1.000084 1.000084
8650 53.963124 53.963124 53.963124 1.000084 1.000084 1.000084
8660 53.963124 53.963124 53.963124 1.000084 1.000084 1.000084
8670 53.963124 53.963124 53.963124 1.000084 1.000084 1.000084
8680 53.963124 53.963124 53.963124 1.000084 1.000084 1.000084
8690 53.963124 53.963124 53.963124 1.000084 1.000084 1.000084
8700 53.963124 53.963124 53.963124 1.000084 1.000084 1.000084
8710 53.963124 53.963124 53.963124 1.000084 1.000084 1.000084
8720 53.963124 53.963124 53.963124 1.000084 1.000084 1.000084
8730 53.963124 53.963124 53.963124 1.000084 1.000084 1.000084
8740 53.963124 53.963124 53.963124 1.000084 1.000084 1.000084
8750 53.963124 53.963124 53.963124 1.000084 1.000084 1.000084
8760 53.963124 53.963124 53.963124 1.000084 1.000084 1.000084
8770 53.963124 53.963124 53.963124 1.000084 1.000084 1.000084
8780 53.963124 53.963124 53.963124 1.000084 1.000084 1.000084
8790 53.963124 53.963124 53.963124 1.000084 1.000084 1.000084
8800 53.963124 53.963124 53.963124 1.000084 1.000084 1.000084
8810 53.963124 53.963124 53.963124 1.000084 1.000084 1.000084
8820 53.963124 53.963124 53.963124 1.000084 1.000084 1.000084
8830 53.963124 53.963124 53.963124 1.000084 1.000084 1.000084
8840 53.963124 53.963124 53.963124 1.000084 1.000084 1.000084
8850 53.963124 53.963124 53.963124 1.000084 1.000084 1.000084
8860 53.963124 53.963124 53.963124 1.000084 1.000084 1.000084
8870 53.963124 53.963124 53.963124 1.000084 1.000084 1.000084
8880 53.963124 53.963124 53.963124 1.000084 1.000084 1.000084
8890 53.963124 53.963124 53.963124 1.000084 1.000084 1.000084
8900 53.963124 53.963124 53.963124 1.000084 1.000084 1.000084
8910 53.963124 53.963124 53.963124 1.000084 1.000084 1.000084
8920 53.963124 53.963124 53.963124 1.000084 1.000084 1.000084
8930 53.963124 53.963124 53.963124 1.000084 1.000084 1.000084
8940 53.963124 53.963124 53.963124 1.000084 1.000084 1.000084
8950 53.963124 53.963124 53.963124 1.000084 1.000084 1.000084
8960 53.963124 53.963124 53.963124 1.000084 1.000084 1.000084
8970 53.963124 53.963124 53.963124 1.000084 1.000084 1.000084
8980 53.963124 53.963124 53.963124 1.000084 1.000084 1.000084
8990 53.963124 53.963124 53.963124 1.000084 1.000084 1.000084
9000 53.963124 53.963124 53.963124 1.000084 1.000084 1.000084
9010 53.963124 53.963124 53.963124 1.000084 1.000084 1.000084
9020 53.963124 53.963124 53.963124 1.000084 1.000084 1.000084
9030 53.963124 53.963124 53.963124 1.000084 1.000084 1.000084
9040 53.963124 53.963124 53.963124 1.000084 1.000084 1.000084
9050 53.963124 53.963124 53.963124 1.000084 1.000084 1.000084
9060 53.963124 53.963124 53.963124 1.000084 1.000084 1.000084
9070 53.963124 53.963124 53.963124 1.000084 1.000084 1.000084
9080 53.963124 53.963124 53.963124 1.000084 1.000084 1.000084
9090 53.963124 53.963124 53.963124 1.000084 1.000084 1.000084
9100 53.963124 53.963124 53.963124 1.000084 1.000084 1.000084
9110 53.963124 53.963124 53.963124 1.000084 1.000084 1.000084
9120 53.963124 53.963124 53.963124 1.000084 1.000084 1.000084
9130 53.963124 53.963124 53.963124 1.000084 1.000084 1.000084
9140 53.963124 53.963124 53.963124 1.000084 1.000084 1.000084
9150 53.963124 53.963124 53.963124 1.000084 1.000084 1.000084
9160 53.963124 53.963124 53.963124 1.000084 1.000084 1.000084
9170 53.963124 53.963124 53.963124 1.000084 1.000084 1.000084
9180 53.963124 53.963124 53.963124 1.000084 1.000084 1.000084
9190 53.963124 53.963124 53.963124 1.000084 1.000084 1.000084
9200 53.963124 53.963124 53.963124 1.000084 1.000084 1.000084
9210 53.963124 53.963124 53.963124 1.000084 1.000084 1.000084
9220 53.963124 53.963124 53.963124 1.000084 1.000084 1.000084
9230 53.963124 53.963124 53.963124 1.000084 1.000084 1.000084
9240 53.963124 53.963124 53.963124 1.000084 1.000084 1.000084
9250 53.963124 53.963124 53.963124 1.000084 1.000084 1.000084
9260 53.963124 53.963124 53.963124 1.000084 1.000084 1.000084
9270 53.963124 53.963124 53.963124 1.000084 1.000084 1.000084
9280 53.963124 53.963124 53.963124 1.000084 1.000084 1.000084
9290 53.963124 53.963124 53.963124 1.000084 1.000084 1.000084
9300 53.963124 53.963124 53.963124 1.000084 1.000084 1.000084
9310 53.963124 53.963124 53.963124 1.000084 1.000084 1.000084
9320 53.963124 53.963124 53.963124 1.000084 1.000084 1.000084
9330 53.963124 53.963124 53.963124 1.000084 1.000084 1.000084
9340 53.963124 53.963124 53.963124 1.000084 1.000084 1.000084
9350 53.963124 53.963124 53.963124 1.000084 1.000084 1.000084
9360 53.963124 53.963124 53.963124 1.000084 1.000084 1.000084
9370 53.963124 53.963124 53.963124 1.000084 1.000084 1.000084
9380 53.963124 53.963124 53.963124 1.000084 1.000084 1.000084
9390 53.963124 53.963124 53.963124 1.000084 1.000084 1.000084
9400 53.963124 53.963124 53.963124 1.000084 1.000084 1.000084
9410 53.963124 53.963124 53.963124 1.000084 1.000084 1.000084
9420 53.963124 53.963124 53.963124 1.000084 1.000084 1.000084
9430 53.963124 53.963124 53.963124 1.000084 1.000084 1.000084
9440 53.963124 53.963124 53.963124 1.000084 1.000084 1.000084
9450 53.963124 53.963124 53.963124 1.000084 1.000084 1.000084
9460 53.963124 53.963124 53.963124 1.000084 1.000084 1.000084
9470 53.963124 53.963124 53.963124 1.000084 1.000084 1.000084
9480 53.963124 53.963124 53.963124 1.000084 1.000084 1.000084
9490 53.963124 53.963124 53.963124 1.000084 1.000084 1.000084
9500 53.963124 53.963124 53.963124 1.000084 1.000084 1.000084
9510 53.963124 53.963124 53.963124 1.000084 1.000084 1.000084
9520 53.963124 53.963124 53.963124 1.000084 1.000084 1.000084
9530 53.963124 53.963124 53.963124 1.000084 1.000084 1.000084
9540 53.963124 53.963124 53.963124 1.000084 1.000084 1.000084
9550 53.963124 53.963124 53.963124 1.000084 1.000084 1.000084
9560 53.963124 53.963124 53.963124 1.000084 1.000084 1.000084
9570 53.963124 53.963124 53.963124 1.000084 1.000084 1.000084
9580 53.963124 53.963124 53.963124 1.000084 1.000084 1.000084
9590 53.963124 53.963124 53.963124 1.000084 1.000084 1.000084
9600 53.963124 53.963124 53.963124 1.000084 1.000084 1.000084
9610 53.963124 53.963124 53.963124 1.000084 1.000084 1.000084
9620 53.963124 53.963124 53.963124 1.000084 1.000084 1.000084
9630 53.963124 53.963124 53.963124 1.000084 1.000084 1.000084
9640 53.963124 53.963124 53.963124 1.000084 1.000084 1.000084
9650 53.963124 53.963124 53.963124 1.000084 1.000084 1.000084
9660 53.963124 53.963124 53.963124 1.000084 1.000084 1.000084
9670 53.963124 53.963124 53.963124 1.000084 1.000084 1.000084
9680 53.963124 53.963124 53.963124 1.000084 1.000084 1.000084
9690 53.963124 53.963124 53.963124 1.000084 1.000084 1.000084
9700 53.963124 53.963124 53.963124 1.000084 1.000084 1.000084
9710 53.963124 53.963124 53.963124 1.000084 1.000084 1.000084
9720 53.963124 53.963124 53.963124 1.000084 1.000084 1.000084
9730 53.963124 53.963124 53.963124 1.000084 1.000084 1.000084
9740 53.963124 53.963124 53.963124 1.000084 1.000084 1.000084
9750 53.963124 53.963124 53.963124 1.000084 1.000084 1.000084
9760 53.963124 53.963124 53.963124 1.000084 1.000084 1.000084
9770 53.963124 53.963124 53.963124 1.000084 1.000084 1.000084
9780 53.963124 53.963124 53.963124 1.000084 1.000084 1.000084
9790 53.963124 53.963124 53.963124 1.000084 1.000084 1.000084
9800 53.963124 53.963124 53.963124 1.000084 1.000084 1.000084
9810 53.963124 53.963124 53.963124 1.000084 1.000084 1.000084
9820 53.963124 53.963124 53.963124 1.000084 1.000084 1.000084
9830 53.963124 53.963124 53.963124 1.000084 1.000084 1.000084
9840 53.963124 53.963124 53.963124 1.000084 1.000084 1.000084
9850 53.963124 53.963124 53.963124 1.000084 1.000084 1.000084
9860 53.963124 53.963124 53.963124 1.000084 1.000084 1.000084
9870 53.963124 53.963124 53.963124 1.000084 1.000084 1.000084
9880 53.963124 53.963124 53.963124 1.000084 1.000084 1.000084
9890 53.963124 53.963124 53.963124 1.000084 1.000084 1.000084
9900 53.963124 53.963124 53.963124 1.000084 1.000084 1.000084
9910 53.963124 53.963124 53.963124 1.000084 1.000084 1.000084
9920 53.963124 53.963124 53.963124 1.000084 1.000084 1.000084
9930 53.963124 53.963124 53.963124 1.000084 1.000084 1.000084
9940 53.963124 53.963124 53.963124 1.000084 1.000084 1.000084
9950 53.963124 53.963124 53.963124 1.000084 1.000084 1.000084
9960 53.963124 53.963124 53.963124 1.000084 1.000084 1.000084
9970 53.963124 53.963124 53.963124 1.000084 1.000084 1.000084
9980 53.963124 53.963124 53.963124 1.000084 1.000084 1.000084
9990 53.963124 53.963124 53.963124 1.000084 1.000084 1.000084
10000 53.963124 53.963124 53.963124 1.000084 1.000084 1.000084
