# generation power_min power_avg power_max util_min util_avg util_max
1 29.070964 33.920898 40.510169 0.441163 0.574718 0.727499
10 28.129994 33.222341 37.322576 0.432115 0.559617 0.655707
20 28.129994 32.684916 35.620793 0.432115 0.549250 0.633411
30 28.129994 32.234336 34.960998 0.432089 0.539385 0.607364
40 27.789710 31.802244 34.337038 0.432089 0.530837 0.602935
50 27.093663 31.287328 33.810682 0.423723 0.520447 0.592580
60 26.740406 30.782475 33.561649 0.415371 0.510144 0.592580
70 25.442551 30.270645 33.089720 0.399780 0.500427 0.568083
80 25.284602 29.713263 32.472374 0.390019 0.489481 0.568083
90 23.195931 29.096848 32.114235 0.361883 0.476185 0.558762
100 23.195931 28.652759 31.834956 0.361883 0.465810 0.545297
110 23.195931 28.148174 31.038695 0.361883 0.455191 0.527115
120 23.195931 27.652998 30.508752 0.361883 0.444503 0.512212
130 23.054106 27.126245 29.888007 0.354321 0.433500 0.512212
140 23.054106 26.602910 29.378235 0.343812 0.421963 0.500117
150 21.858703 26.120905 28.968787 0.323722 0.411756 0.486769
160 21.858703 25.673120 28.197247 0.323722 0.401359 0.464140
170 21.858703 25.204401 27.996346 0.312742 0.392022 0.461288
180 21.376692 24.714321 27.093663 0.312742 0.381699 0.448844
190 20.822495 24.275452 26.433722 0.309538 0.372140 0.433770
200 20.599698 23.855904 26.070526 0.263545 0.363868 0.419773
210 20.290128 23.447495 25.680064 0.263545 0.355545 0.419773
220 20.290128 23.115115 25.284602 0.263545 0.348519 0.404644
230 19.324783 22.794836 24.694746 0.263545 0.342051 0.395805
240 19.024862 22.438717 24.162318 0.263545 0.335572 0.375440
250 18.899439 22.100438 23.841107 0.251079 0.328480 0.375440
260 18.899439 21.747200 23.723268 0.251079 0.320929 0.372018
270 18.431647 21.352056 23.325791 0.251079 0.312852 0.364579
280 18.284772 21.060465 23.032522 0.251079 0.306653 0.351530
290 18.284772 20.760437 22.732432 0.248150 0.300689 0.343628
300 18.284772 20.436684 22.214953 0.248150 0.295055 0.342278
310 18.208804 20.091496 21.804939 0.237773 0.287928 0.330031
320 18.170155 19.814816 21.541549 0.237773 0.281679 0.328620
330 17.991380 19.496909 21.263957 0.237773 0.275204 0.316677
340 17.724683 19.233719 20.610951 0.237773 0.270386 0.307102
350 17.549085 18.990115 20.492890 0.237773 0.266341 0.307102
360 17.506757 18.744813 20.181442 0.236814 0.262146 0.295096
370 17.202018 18.523844 19.891237 0.233197 0.258812 0.281569
380 16.819960 18.351251 19.393167 0.225706 0.256687 0.280828
390 16.555065 18.190257 19.104288 0.225706 0.254247 0.280828
400 16.555065 18.033367 18.895434 0.225706 0.252101 0.280828
410 16.555065 17.882881 18.626625 0.225706 0.249123 0.268756
420 16.537930 17.733917 18.545288 0.225706 0.246815 0.268681
430 16.179805 17.603338 18.362484 0.213267 0.244501 0.264154
440 16.179805 17.452608 18.259960 0.213267 0.242331 0.264041
450 16.132261 17.302872 18.069375 0.213267 0.239855 0.264041
460 15.784370 17.159685 17.881267 0.213267 0.237568 0.257044
470 15.784370 17.023102 17.777509 0.212206 0.234829 0.254092
480 15.784370 16.877889 17.625182 0.205185 0.232175 0.254092
490 15.670336 16.726471 17.506757 0.205185 0.228981 0.252657
500 15.447287 16.588397 17.400725 0.203716 0.226340 0.247740
510 15.447287 16.470227 17.202018 0.200050 0.224239 0.245738
520 15.447287 16.339365 17.125410 0.200050 0.221921 0.245738
530 15.114760 16.177138 16.847716 0.196991 0.218787 0.236765
540 15.114760 16.083044 16.555065 0.196235 0.216953 0.227501
550 15.114760 15.990709 16.537930 0.196235 0.215067 0.227501
560 15.114760 15.886650 16.473709 0.194750 0.213090 0.227487
570 15.004450 15.782532 16.436691 0.194750 0.211079 0.227487
580 15.004450 15.665454 16.325541 0.194750 0.208982 0.226162
590 15.004450 15.570731 16.132261 0.194750 0.207460 0.221156
600 14.851224 15.476810 16.115126 0.194750 0.205755 0.219581
610 14.851224 15.379378 15.881749 0.193192 0.204332 0.218242
620 14.849046 15.301651 15.703303 0.193192 0.203037 0.209235
630 14.731920 15.236444 15.588938 0.193192 0.202364 0.209235
640 14.731920 15.185702 15.508481 0.193192 0.201804 0.209235
650 14.731920 15.132494 15.447287 0.193192 0.201177 0.209235
660 14.731920 15.086416 15.423004 0.193192 0.200222 0.209235
670 14.731920 15.041318 15.391351 0.193192 0.199486 0.209235
680 14.731920 15.005161 15.203129 0.193192 0.199005 0.201609
690 14.731920 14.977155 15.114760 0.193192 0.199121 0.201609
700 14.731438 14.954858 15.103867 0.193192 0.199146 0.200269
710 14.731438 14.935085 15.022469 0.196470 0.199288 0.200269
720 14.693558 14.914492 15.004450 0.196470 0.199263 0.200269
730 14.612886 14.893142 15.004450 0.196470 0.199349 0.200269
740 14.603079 14.865302 15.004450 0.196470 0.199465 0.200269
750 14.603079 14.842080 14.992977 0.196470 0.199403 0.200269
760 14.603079 14.815307 14.990799 0.194766 0.199263 0.200269
770 14.596294 14.789907 14.923207 0.194766 0.199356 0.202462
780 14.596294 14.769521 14.923052 0.194766 0.199390 0.202462
790 14.596294 14.749812 14.851224 0.194766 0.199376 0.202462
800 14.413801 14.728545 14.841416 0.194766 0.199444 0.202462
810 14.413801 14.711496 14.824212 0.194766 0.199229 0.202462
820 14.413801 14.695677 14.824212 0.194766 0.199323 0.202462
830 14.413801 14.679426 14.731920 0.194896 0.199435 0.202462
840 14.413801 14.664215 14.731920 0.194896 0.199409 0.202462
850 14.413801 14.649062 14.731920 0.194896 0.199399 0.202462
860 14.413801 14.634379 14.729742 0.194896 0.199418 0.202462
870 14.413801 14.618563 14.693558 0.194896 0.199588 0.202462
880 14.413801 14.605579 14.693558 0.194896 0.199751 0.202462
890 14.413801 14.589765 14.693558 0.194896 0.199949 0.202462
900 14.350729 14.571578 14.640913 0.196470 0.200271 0.202462
910 14.350729 14.556239 14.612886 0.196470 0.200336 0.202462
920 14.263877 14.542456 14.612886 0.196470 0.200342 0.202462
930 14.225515 14.529152 14.612886 0.196470 0.200316 0.202462
940 14.225515 14.516368 14.612886 0.196470 0.200301 0.202462
950 14.225515 14.499840 14.603079 0.196470 0.200617 0.202462
960 14.225515 14.482844 14.596294 0.198565 0.200630 0.202462
970 14.225515 14.468651 14.526733 0.198695 0.200594 0.202462
980 14.225515 14.458332 14.515623 0.198695 0.200409 0.202462
990 14.215707 14.445462 14.503458 0.198695 0.200284 0.202462
1000 14.215707 14.431226 14.503458 0.198695 0.200284 0.202462
1010 14.190997 14.417558 14.503458 0.198695 0.200290 0.202462
1020 14.135676 14.394376 14.493650 0.198695 0.200384 0.202462
1030 14.135676 14.377249 14.465095 0.198695 0.200466 0.202462
1040 14.135676 14.361692 14.452550 0.198695 0.200635 0.202462
1050 14.135676 14.346799 14.440386 0.198695 0.200657 0.202462
1060 14.135676 14.323326 14.440386 0.198695 0.200861 0.202462
1070 14.135676 14.302724 14.440386 0.198695 0.200999 0.202462
1080 14.135676 14.281006 14.403993 0.198695 0.201196 0.202462
1090 14.135676 14.262584 14.350729 0.200269 0.201431 0.202462
1100 14.135676 14.245504 14.350729 0.200269 0.201619 0.202462
1110 14.135676 14.228166 14.350729 0.200269 0.201791 0.202462
1120 14.135676 14.211773 14.340921 0.200269 0.201979 0.202462
1130 14.135676 14.196227 14.340921 0.200269 0.202182 0.202462
1140 14.135676 14.187014 14.225515 0.200888 0.202210 0.202462
1150 14.110967 14.183088 14.200805 0.200888 0.202258 0.202462
1160 14.110967 14.179745 14.190997 0.200888 0.202210 0.202462
1170 14.110967 14.177038 14.190997 0.200888 0.202179 0.202462
1180 14.110967 14.172671 14.190997 0.200888 0.202100 0.202462
1190 14.110967 14.167751 14.190997 0.200888 0.202006 0.202462
1200 14.110967 14.162278 14.190997 0.200888 0.201896 0.202462
1210 14.110967 14.157111 14.190997 0.200888 0.201817 0.202462
1220 14.110967 14.150838 14.190997 0.200888 0.201707 0.202462
1230 14.110967 14.144564 14.190997 0.200888 0.201596 0.202462
1240 14.110967 14.137550 14.190997 0.200888 0.201533 0.202462
1250 14.110967 14.130535 14.190997 0.200888 0.201470 0.202462
1260 14.110967 14.125545 14.135676 0.200888 0.201533 0.202462
1270 14.110967 14.123321 14.135676 0.200888 0.201675 0.202462
1280 14.110967 14.121097 14.135676 0.200888 0.201817 0.202462
1290 14.110967 14.118627 14.135676 0.200888 0.201974 0.202462
1300 14.110967 14.116156 14.135676 0.200888 0.202132 0.202462
1310 14.110967 14.113685 14.135676 0.200888 0.202289 0.202462
1320 14.110967 14.111214 14.135676 0.200888 0.202447 0.202462
1330 14.110967 14.110967 14.110967 0.202462 0.202462 0.202462
1340 14.110967 14.110967 14.110967 0.202462 0.202462 0.202462
1350 14.110967 14.110967 14.110967 0.202462 0.202462 0.202462
1360 14.110967 14.110967 14.110967 0.202462 0.202462 0.202462
1370 14.110967 14.110967 14.110967 0.202462 0.202462 0.202462
1380 14.110967 14.110967 14.110967 0.202462 0.202462 0.202462
1390 14.110967 14.110967 14.110967 0.202462 0.202462 0.202462
1400 14.110967 14.110967 14.110967 0.202462 0.202462 0.202462
1410 14.110967 14.110967 14.110967 0.202462 0.202462 0.202462
1420 14.110967 14.110967 14.110967 0.202462 0.202462 0.202462
1430 14.110967 14.110967 14.110967 0.202462 0.202462 0.202462
1440 14.110967 14.110967 14.110967 0.202462 0.202462 0.202462
1450 14.110967 14.110967 14.110967 0.202462 0.202462 0.202462
1460 14.110967 14.110967 14.110967 0.202462 0.202462 0.202462
1470 14.110967 14.110967 14.110967 0.202462 0.202462 0.202462
1480 14.110967 14.110967 14.110967 0.202462 0.202462 0.202462
1490 14.110967 14.110967 14.110967 0.202462 0.202462 0.202462
1500 14.110967 14.110967 14.110967 0.202462 0.202462 0.202462
1510 14.110967 14.110967 14.110967 0.202462 0.202462 0.202462
1520 14.110967 14.110967 14.110967 0.202462 0.202462 0.202462
1530 14.110967 14.110967 14.110967 0.202462 0.202462 0.202462
1540 14.110967 14.110967 14.110967 0.202462 0.202462 0.202462
1550 14.110967 14.110967 14.110967 0.202462 0.202462 0.202462
1560 14.110967 14.110967 14.110967 0.202462 0.202462 0.202462
1570 14.110967 14.110967 14.110967 0.202462 0.202462 0.202462
1580 14.110967 14.110967 14.110967 0.202462 0.202462 0.202462
1590 14.110967 14.110967 14.110967 0.202462 0.202462 0.202462
1600 14.110967 14.110967 14.110967 0.202462 0.202462 0.202462
1610 14.110967 14.110967 14.110967 0.202462 0.202462 0.202462
1620 14.110967 14.110967 14.110967 0.202462 0.202462 0.202462
1630 14.110967 14.110967 14.110967 0.202462 0.202462 0.202462
1640 14.110967 14.110967 14.110967 0.202462 0.202462 0.202462
1650 14.110967 14.110967 14.110967 0.202462 0.202462 0.202462
1660 14.110967 14.110967 14.110967 0.202462 0.202462 0.202462
1670 14.110967 14.110967 14.110967 0.202462 0.202462 0.202462
1680 14.110967 14.110967 14.110967 0.202462 0.202462 0.202462
1690 14.110967 14.110967 14.110967 0.202462 0.202462 0.202462
1700 14.110967 14.110967 14.110967 0.202462 0.202462 0.202462
1710 14.110967 14.110967 14.110967 0.202462 0.202462 0.202462
1720 14.110967 14.110967 14.110967 0.202462 0.202462 0.202462
1730 14.110967 14.110967 14.110967 0.202462 0.202462 0.202462
1740 14.110967 14.110967 14.110967 0.202462 0.202462 0.202462
1750 14.110967 14.110967 14.110967 0.202462 0.202462 0.202462
1760 14.110967 14.110967 14.110967 0.202462 0.202462 0.202462
1770 14.110967 14.110967 14.110967 0.202462 0.202462 0.202462
1780 14.110967 14.110967 14.110967 0.202462 0.202462 0.202462
1790 14.110967 14.110967 14.110967 0.202462 0.202462 0.202462
1800 14.110967 14.110967 14.110967 0.202462 0.202462 0.202462
1810 14.110967 14.110967 14.110967 0.202462 0.202462 0.202462
1820 14.110967 14.110967 14.110967 0.202462 0.202462 0.202462
1830 14.110967 14.110967 14.110967 0.202462 0.202462 0.202462
1840 14.110967 14.110967 14.110967 0.202462 0.202462 0.202462
1850 14.110967 14.110967 14.110967 0.202462 0.202462 0.202462
1860 14.110967 14.110967 14.110967 0.202462 0.202462 0.202462
1870 14.110967 14.110967 14.110967 0.202462 0.202462 0.202462
1880 14.110967 14.110967 14.110967 0.202462 0.202462 0.202462
1890 14.110967 14.110967 14.110967 0.202462 0.202462 0.202462
1900 14.110967 14.110967 14.110967 0.202462 0.202462 0.202462
1910 14.110967 14.110967 14.110967 0.202462 0.202462 0.202462
1920 14.110967 14.110967 14.110967 0.202462 0.202462 0.202462
1930 14.110967 14.110967 14.110967 0.202462 0.202462 0.202462
1940 14.110967 14.110967 14.110967 0.202462 0.202462 0.202462
1950 14.110967 14.110967 14.110967 0.202462 0.202462 0.202462
1960 14.110967 14.110967 14.110967 0.202462 0.202462 0.202462
1970 14.110967 14.110967 14.110967 0.202462 0.202462 0.202462
1980 14.110967 14.110967 14.110967 0.202462 0.202462 0.202462
1990 14.110967 14.110967 14.110967 0.202462 0.202462 0.202462
2000 14.110967 14.110967 14.110967 0.202462 0.202462 0.202462
2010 14.110967 14.110967 14.110967 0.202462 0.202462 0.202462
2020 14.110967 14.110967 14.110967 0.202462 0.202462 0.202462
2030 14.110967 14.110967 14.110967 0.202462 0.202462 0.202462
2040 14.110967 14.110967 14.110967 0.202462 0.202462 0.202462
2050 14.110967 14.110967 14.110967 0.202462 0.202462 0.202462
2060 14.110967 14.110967 14.110967 0.202462 0.202462 0.202462
2070 14.110967 14.110967 14.110967 0.202462 0.202462 0.202462
2080 14.110967 14.110967 14.110967 0.202462 0.202462 0.202462
2090 14.110967 14.110967 14.110967 0.202462 0.202462 0.202462
2100 14.110967 14.110967 14.110967 0.202462 0.202462 0.202462
2110 14.110967 14.110967 14.110967 0.202462 0.202462 0.202462
2120 14.110967 14.110967 14.110967 0.202462 0.202462 0.202462
2130 14.110967 14.110967 14.110967 0.202462 0.202462 0.202462
2140 14.110967 14.110967 14.110967 0.202462 0.202462 0.202462
2150 14.110967 14.110967 14.110967 0.202462 0.202462 0.202462
2160 14.110967 14.110967 14.110967 0.202462 0.202462 0.202462
2170 14.110967 14.110967 14.110967 0.202462 0.202462 0.202462
2180 14.110967 14.110967 14.110967 0.202462 0.202462 0.202462
2190 14.110967 14.110967 14.110967 0.202462 0.202462 0.202462
2200 14.110967 14.110967 14.110967 0.202462 0.202462 0.202462
2210 14.110967 14.110967 14.110967 0.202462 0.202462 0.202462
2220 14.110967 14.110967 14.110967 0.202462 0.202462 0.202462
2230 14.110967 14.110967 14.110967 0.202462 0.202462 0.202462
2240 14.110967 14.110967 14.110967 0.202462 0.202462 0.202462
2250 14.110967 14.110967 14.110967 0.202462 0.202462 0.202462
2260 14.110967 14.110967 14.110967 0.202462 0.202462 0.202462
2270 14.110967 14.110967 14.110967 0.202462 0.202462 0.202462
2280 14.110967 14.110967 14.110967 0.202462 0.202462 0.202462
2290 14.110967 14.110967 14.110967 0.202462 0.202462 0.202462
2300 14.110967 14.110967 14.110967 0.202462 0.202462 0.202462
2310 14.110967 14.110967 14.110967 0.202462 0.202462 0.202462
2320 14.110967 14.110967 14.110967 0.202462 0.202462 0.202462
2330 14.110967 14.110967 14.110967 0.202462 0.202462 0.202462
2340 14.110967 14.110967 14.110967 0.202462 0.202462 0.202462
2350 14.110967 14.110967 14.110967 0.202462 0.202462 0.202462
2360 14.110967 14.110967 14.110967 0.202462 0.202462 0.202462
2370 14.110967 14.110967 14.110967 0.202462 0.202462 0.202462
2380 14.110967 14.110967 14.110967 0.202462 0.202462 0.202462
2390 14.110967 14.110967 14.110967 0.202462 0.202462 0.202462
2400 14.110967 14.110967 14.110967 0.202462 0.202462 0.202462
2410 14.110967 14.110967 14.110967 0.202462 0.202462 0.202462
2420 14.110967 14.110967 14.110967 0.202462 0.202462 0.202462
2430 14.110967 14.110967 14.110967 0.202462 0.202462 0.202462
2440 14.110967 14.110967 14.110967 0.202462 0.202462 0.202462
2450 14.110967 14.110967 14.110967 0.202462 0.202462 0.202462
2460 14.110967 14.110967 14.110967 0.202462 0.202462 0.202462
2470 14.110967 14.110967 14.110967 0.202462 0.202462 0.202462
2480 14.110967 14.110967 14.110967 0.202462 0.202462 0.202462
2490 14.110967 14.110967 14.110967 0.202462 0.202462 0.202462
2500 14.110967 14.110967 14.110967 0.202462 0.202462 0.202462
2510 14.110967 14.110967 14.110967 0.202462 0.202462 0.202462
2520 14.110967 14.110967 14.110967 0.202462 0.202462 0.202462
2530 14.110967 14.110967 14.110967 0.202462 0.202462 0.202462
2540 14.110967 14.110967 14.110967 0.202462 0.202462 0.202462
2550 14.110967 14.110967 14.110967 0.202462 0.202462 0.202462
2560 14.110967 14.110967 14.110967 0.202462 0.202462 0.202462
2570 14.110967 14.110967 14.110967 0.202462 0.202462 0.202462
2580 14.110967 14.110967 14.110967 0.202462 0.202462 0.202462
2590 14.110967 14.110967 14.110967 0.202462 0.202462 0.202462
2600 14.110967 14.110967 14.110967 0.202462 0.202462 0.202462
2610 14.110967 14.110967 14.110967 0.202462 0.202462 0.202462
2620 14.110967 14.110967 14.110967 0.202462 0.202462 0.202462
2630 14.110967 14.110967 14.110967 0.202462 0.202462 0.202462
2640 14.110967 14.110967 14.110967 0.202462 0.202462 0.202462
2650 14.110967 14.110967 14.110967 0.202462 0.202462 0.202462
2660 14.110967 14.110967 14.110967 0.202462 0.202462 0.202462
2670 14.110967 14.110967 14.110967 0.202462 0.202462 0.202462
2680 14.110967 14.110967 14.110967 0.202462 0.202462 0.202462
2690 14.110967 14.110967 14.110967 0.202462 0.202462 0.202462
2700 14.110967 14.110967 14.110967 0.202462 0.202462 0.202462
2710 14.110967 14.110967 14.110967 0.202462 0.202462 0.202462
2720 14.110967 14.110967 14.110967 0.202462 0.202462 0.202462
2730 14.110967 14.110967 14.110967 0.202462 0.202462 0.202462
2740 14.110967 14.110967 14.110967 0.202462 0.202462 0.202462
2750 14.110967 14.110967 14.110967 0.202462 0.202462 0.202462
2760 14.110967 14.110967 14.110967 0.202462 0.202462 0.202462
2770 14.110967 14.110967 14.110967 0.202462 0.202462 0.202462
2780 14.110967 14.110967 14.110967 0.202462 0.202462 0.202462
2790 14.110967 14.110967 14.110967 0.202462 0.202462 0.202462
2800 14.110967 14.110967 14.110967 0.202462 0.202462 0.202462
2810 14.110967 14.110967 14.110967 0.202462 0.202462 0.202462
2820 14.110967 14.110967 14.110967 0.202462 0.202462 0.202462
2830 14.110967 14.110967 14.110967 0.202462 0.202462 0.202462
2840 14.110967 14.110967 14.110967 0.202462 0.202462 0.202462
2850 14.110967 14.110967 14.110967 0.202462 0.202462 0.202462
2860 14.110967 14.110967 14.110967 0.202462 0.202462 0.202462
2870 14.110967 14.110967 14.110967 0.202462 0.202462 0.202462
2880 14.110967 14.110967 14.110967 0.202462 0.202462 0.202462
2890 14.110967 14.110967 14.110967 0.202462 0.202462 0.202462
2900 14.110967 14.110967 14.110967 0.202462 0.202462 0.202462
2910 14.110967 14.110967 14.110967 0.202462 0.202462 0.202462
2920 14.110967 14.110967 14.110967 0.202462 0.202462 0.202462
2930 14.110967 14.110967 14.110967 0.202462 0.202462 0.202462
2940 14.110967 14.110967 14.110967 0.202462 0.202462 0.202462
2950 14.110967 14.110967 14.110967 0.202462 0.202462 0.202462
2960 14.110967 14.110967 14.110967 0.202462 0.202462 0.202462
2970 14.110967 14.110967 14.110967 0.202462 0.202462 0.202462
2980 14.110967 14.110967 14.110967 0.202462 0.202462 0.202462
2990 14.110967 14.110967 14.110967 0.202462 0.202462 0.202462
3000 14.110967 14.110967 14.110967 0.202462 0.202462 0.202462
3010 14.110967 14.110967 14.110967 0.202462 0.202462 0.202462
3020 14.110967 14.110967 14.110967 0.202462 0.202462 0.202462
3030 14.110967 14.110967 14.110967 0.202462 0.202462 0.202462
3040 14.110967 14.110967 14.110967 0.202462 0.202462 0.202462
3050 14.110967 14.110967 14.110967 0.202462 0.202462 0.202462
3060 14.110967 14.110967 14.110967 0.202462 0.202462 0.202462
3070 14.110967 14.110967 14.110967 0.202462 0.202462 0.202462
3080 14.110967 14.110967 14.110967 0.202462 0.202462 0.202462
3090 14.110967 14.110967 14.110967 0.202462 0.202462 0.202462
3100 14.110967 14.110967 14.110967 0.202462 0.202462 0.202462
3110 14.110967 14.110967 14.110967 0.202462 0.202462 0.202462
3120 14.110967 14.110967 14.110967 0.202462 0.202462 0.202462
3130 14.110967 14.110967 14.110967 0.202462 0.202462 0.202462
3140 14.110967 14.110967 14.110967 0.202462 0.202462 0.202462
3150 14.110967 14.110967 14.110967 0.202462 0.202462 0.202462
3160 14.110967 14.110967 14.110967 0.202462 0.202462 0.202462
3170 14.110967 14.110967 14.110967 0.202462 0.202462 0.202462
3180 14.110967 14.110967 14.110967 0.202462 0.202462 0.202462
3190 14.110967 14.110967 14.110967 0.202462 0.202462 0.202462
3200 14.110967 14.110967 14.110967 0.202462 0.202462 0.202462
3210 14.110967 14.110967 14.110967 0.202462 0.202462 0.202462
3220 14.110967 14.110967 14.110967 0.202462 0.202462 0.202462
3230 14.110967 14.110967 14.110967 0.202462 0.202462 0.202462
3240 14.110967 14.110967 14.110967 0.202462 0.202462 0.202462
3250 14.110967 14.110967 14.110967 0.202462 0.202462 0.202462
3260 14.110967 14.110967 14.110967 0.202462 0.202462 0.202462
3270 14.110967 14.110967 14.110967 0.202462 0.202462 0.202462
3280 14.110967 14.110967 14.110967 0.202462 0.202462 0.202462
3290 14.110967 14.110967 14.110967 0.202462 0.202462 0.202462
3300 14.110967 14.110967 14.110967 0.202462 0.202462 0.202462
3310 14.110967 14.110967 14.110967 0.202462 0.202462 0.202462
3320 14.110967 14.110967 14.110967 0.202462 0.202462 0.202462
3330 14.110967 14.110967 14.110967 0.202462 0.202462 0.202462
3340 14.110967 14.110967 14.110967 0.202462 0.202462 0.202462
3350 14.110967 14.110967 14.110967 0.202462 0.202462 0.202462
3360 14.110967 14.110967 14.110967 0.202462 0.202462 0.202462
3370 14.110967 14.110967 14.110967 0.202462 0.202462 0.202462
3380 14.110967 14.110967 14.110967 0.202462 0.202462 0.202462
3390 14.110967 14.110967 14.110967 0.202462 0.202462 0.202462
3400 14.110967 14.110967 14.110967 0.202462 0.202462 0.202462
3410 14.110967 14.110967 14.110967 0.202462 0.202462 0.202462
3420 14.110967 14.110967 14.110967 0.202462 0.202462 0.202462
3430 14.110967 14.110967 14.110967 0.202462 0.202462 0.202462
3440 14.110967 14.110967 14.110967 0.202462 0.202462 0.202462
3450 14.110967 14.110967 14.110967 0.202462 0.202462 0.202462
3460 14.110967 14.110967 14.110967 0.202462 0.202462 0.202462
3470 14.110967 14.110967 14.110967 0.202462 0.202462 0.202462
3480 14.110967 14.110967 14.110967 0.202462 0.202462 0.202462
3490 14.110967 14.110967 14.110967 0.202462 0.202462 0.202462
3500 14.110967 14.110967 14.110967 0.202462 0.202462 0.202462
3510 14.110967 14.110967 14.110967 0.202462 0.202462 0.202462
3520 14.110967 14.110967 14.110967 0.202462 0.202462 0.202462
3530 14.110967 14.110967 14.110967 0.202462 0.202462 0.202462
3540 14.110967 14.110967 14.110967 0.202462 0.202462 0.202462
3550 14.110967 14.110967 14.110967 0.202462 0.202462 0.202462
3560 14.110967 14.110967 14.110967 0.202462 0.202462 0.202462
3570 14.110967 14.110967 14.110967 0.202462 0.202462 0.202462
3580 14.110967 14.110967 14.110967 0.202462 0.202462 0.202462
3590 14.110967 14.110967 14.110967 0.202462 0.202462 0.202462
3600 14.110967 14.110967 14.110967 0.202462 0.202462 0.202462
3610 14.110967 14.110967 14.110967 0.202462 0.202462 0.202462
3620 14.110967 14.110967 14.110967 0.202462 0.202462 0.202462
3630 14.110967 14.110967 14.110967 0.202462 0.202462 0.202462
3640 14.110967 14.110967 14.110967 0.202462 0.202462 0.202462
3650 14.110967 14.110967 14.110967 0.202462 0.202462 0.202462
3660 14.110967 14.110967 14.110967 0.202462 0.202462 0.202462
3670 14.110967 14.110967 14.110967 0.202462 0.202462 0.202462
3680 14.110967 14.110967 14.110967 0.202462 0.202462 0.202462
3690 14.110967 14.110967 14.110967 0.202462 0.202462 0.202462
3700 14.110967 14.110967 14.110967 0.202462 0.202462 0.202462
3710 14.110967 14.110967 14.110967 0.202462 0.202462 0.202462
3720 14.110967 14.110967 14.110967 0.202462 0.202462 0.202462
3730 14.110967 14.110967 14.110967 0.202462 0.202462 0.202462
3740 14.110967 14.110967 14.110967 0.202462 0.202462 0.202462
3750 14.110967 14.110967 14.110967 0.202462 0.202462 0.202462
3760 14.110967 14.110967 14.110967 0.202462 0.202462 0.202462
3770 14.110967 14.110967 14.110967 0.202462 0.202462 0.202462
3780 14.110967 14.110967 14.110967 0.202462 0.202462 0.202462
3790 14.110967 14.110967 14.110967 0.202462 0.202462 0.202462
3800 14.110967 14.110967 14.110967 0.202462 0.202462 0.202462
3810 14.110967 14.110967 14.110967 0.202462 0.202462 0.202462
3820 14.110967 14.110967 14.110967 0.202462 0.202462 0.202462
3830 14.110967 14.110967 14.110967 0.202462 0.202462 0.202462
3840 14.110967 14.110967 14.110967 0.202462 0.202462 0.202462
3850 14.110967 14.110967 14.110967 0.202462 0.202462 0.202462
3860 14.110967 14.110967 14.110967 0.202462 0.202462 0.202462
3870 14.110967 14.110967 14.110967 0.202462 0.202462 0.202462
3880 14.110967 14.110967 14.110967 0.202462 0.202462 0.202462
3890 14.110967 14.110967 14.110967 0.202462 0.202462 0.202462
3900 14.110967 14.110967 14.110967 0.202462 0.202462 0.202462
3910 14.110967 14.110967 14.110967 0.202462 0.202462 0.202462
3920 14.110967 14.110967 14.110967 0.202462 0.202462 0.202462
3930 14.110967 14.110967 14.110967 0.202462 0.202462 0.202462
3940 14.110967 14.110967 14.110967 0.202462 0.202462 0.202462
3950 14.110967 14.110967 14.110967 0.202462 0.202462 0.202462
3960 14.110967 14.110967 14.110967 0.202462 0.202462 0.202462
3970 14.110967 14.110967 14.110967 0.202462 0.202462 0.202462
3980 14.110967 14.110967 14.110967 0.202462 0.202462 0.202462
3990 14.110967 14.110967 14.110967 0.202462 0.202462 0.202462
4000 14.110967 14.110967 14.110967 0.202462 0.202462 0.202462
4010 14.110967 14.110967 14.110967 0.202462 0.202462 0.202462
4020 14.110967 14.110967 14.110967 0.202462 0.202462 0.202462
4030 14.110967 14.110967 14.110967 0.202462 0.202462 0.202462
4040 14.110967 14.110967 14.110967 0.202462 0.202462 0.202462
4050 14.110967 14.110967 14.110967 0.202462 0.202462 0.202462
4060 14.110967 14.110967 14.110967 0.202462 0.202462 0.202462
4070 14.110967 14.110967 14.110967 0.202462 0.202462 0.202462
4080 14.110967 14.110967 14.110967 0.202462 0.202462 0.202462
4090 14.110967 14.110967 14.110967 0.202462 0.202462 0.202462
4100 14.110967 14.110967 14.110967 0.202462 0.202462 0.202462
4110 14.110967 14.110967 14.110967 0.202462 0.202462 0.202462
4120 14.110967 14.110967 14.110967 0.202462 0.202462 0.202462
4130 14.110967 14.110967 14.110967 0.202462 0.202462 0.202462
4140 14.110967 14.110967 14.110967 0.202462 0.202462 0.202462
4150 14.110967 14.110967 14.110967 0.202462 0.202462 0.202462
4160 14.110967 14.110967 14.110967 0.202462 0.202462 0.202462
4170 14.110967 14.110967 14.110967 0.202462 0.202462 0.202462
4180 14.110967 14.110967 14.110967 0.202462 0.202462 0.202462
4190 14.110967 14.110967 14.110967 0.202462 0.202462 0.202462
4200 14.110967 14.110967 14.110967 0.202462 0.202462 0.202462
4210 14.110967 14.110967 14.110967 0.202462 0.202462 0.202462
4220 14.110967 14.110967 14.110967 0.202462 0.202462 0.202462
4230 14.110967 14.110967 14.110967 0.202462 0.202462 0.202462
4240 14.110967 14.110967 14.110967 0.202462 0.202462 0.202462
4250 14.110967 14.110967 14.110967 0.202462 0.202462 0.202462
4260 14.110967 14.110967 14.110967 0.202462 0.202462 0.202462
4270 14.110967 14.110967 14.110967 0.202462 0.202462 0.202462
4280 14.110967 14.110967 14.110967 0.202462 0.202462 0.202462
4290 14.110967 14.110967 14.110967 0.202462 0.202462 0.202462
4300 14.110967 14.110967 14.110967 0.202462 0.202462 0.202462
4310 14.110967 14.110967 14.110967 0.202462 0.202462 0.202462
4320 14.110967 14.110967 14.110967 0.202462 0.202462 0.202462
4330 14.110967 14.110967 14.110967 0.202462 0.202462 0.202462
4340 14.110967 14.110967 14.110967 0.202462 0.202462 0.202462
4350 14.110967 14.110967 14.110967 0.202462 0.202462 0.202462
4360 14.110967 14.110967 14.110967 0.202462 0.202462 0.202462
4370 14.110967 14.110967 14.110967 0.202462 0.202462 0.202462
4380 14.110967 14.110967 14.110967 0.202462 0.202462 0.202462
4390 14.110967 14.110967 14.110967 0.202462 0.202462 0.202462
4400 14.110967 14.110967 14.110967 0.202462 0.202462 0.202462
4410 14.110967 14.110967 14.110967 0.202462 0.202462 0.202462
4420 14.110967 14.110967 14.110967 0.202462 0.202462 0.202462
4430 14.110967 14.110967 14.110967 0.202462 0.202462 0.202462
4440 14.110967 14.110967 14.110967 0.202462 0.202462 0.202462
4450 14.110967 14.110967 14.110967 0.202462 0.202462 0.202462
4460 14.110967 14.110967 14.110967 0.202462 0.202462 0.202462
4470 14.110967 14.110967 14.110967 0.202462 0.202462 0.202462
4480 14.110967 14.110967 14.110967 0.202462 0.202462 0.202462
4490 14.110967 14.110967 14.110967 0.202462 0.202462 0.202462
4500 14.110967 14.110967 14.110967 0.202462 0.202462 0.202462
4510 14.110967 14.110967 14.110967 0.202462 0.202462 0.202462
4520 14.110967 14.110967 14.110967 0.202462 0.202462 0.202462
4530 14.110967 14.110967 14.110967 0.202462 0.202462 0.202462
4540 14.110967 14.110967 14.110967 0.202462 0.202462 0.202462
4550 14.110967 14.110967 14.110967 0.202462 0.202462 0.202462
4560 14.110967 14.110967 14.110967 0.202462 0.202462 0.202462
4570 14.110967 14.110967 14.110967 0.202462 0.202462 0.202462
4580 14.110967 14.110967 14.110967 0.202462 0.202462 0.202462
4590 14.110967 14.110967 14.110967 0.202462 0.202462 0.202462
4600 14.110967 14.110967 14.110967 0.202462 0.202462 0.202462
4610 14.110967 14.110967 14.110967 0.202462 0.202462 0.202462
4620 14.110967 14.110967 14.110967 0.202462 0.202462 0.202462
4630 14.110967 14.110967 14.110967 0.202462 0.202462 0.202462
4640 14.110967 14.110967 14.110967 0.202462 0.202462 0.202462
4650 14.110967 14.110967 14.110967 0.202462 0.202462 0.202462
4660 14.110967 14.110967 14.110967 0.202462 0.202462 0.202462
4670 14.110967 14.110967 14.110967 0.202462 0.202462 0.202462
4680 14.110967 14.110967 14.110967 0.202462 0.202462 0.202462
4690 14.110967 14.110967 14.110967 0.202462 0.202462 0.202462
4700 14.110967 14.110967 14.110967 0.202462 0.202462 0.202462
4710 14.110967 14.110967 14.110967 0.202462 0.202462 0.202462
4720 14.110967 14.110967 14.110967 0.202462 0.202462 0.202462
4730 14.110967 14.110967 14.110967 0.202462 0.202462 0.202462
4740 14.110967 14.110967 14.110967 0.202462 0.202462 0.202462
4750 14.110967 14.110967 14.110967 0.202462 0.202462 0.202462
4760 14.110967 14.110967 14.110967 0.202462 0.202462 0.202462
4770 14.110967 14.110967 14.110967 0.202462 0.202462 0.202462
4780 14.110967 14.110967 14.110967 0.202462 0.202462 0.202462
4790 14.110967 14.110967 14.110967 0.202462 0.202462 0.202462
4800 14.110967 14.110967 14.110967 0.202462 0.202462 0.202462
4810 14.110967 14.110967 14.110967 0.202462 0.202462 0.202462
4820 14.110967 14.110967 14.110967 0.202462 0.202462 0.202462
4830 14.110967 14.110967 14.110967 0.202462 0.202462 0.202462
4840 14.110967 14.110967 14.110967 0.202462 0.202462 0.202462
4850 14.110967 14.110967 14.110967 0.202462 0.202462 0.202462
4860 14.110967 14.110967 14.110967 0.202462 0.202462 0.202462
4870 14.110967 14.110967 14.110967 0.202462 0.202462 0.202462
4880 14.110967 14.110967 14.110967 0.202462 0.202462 0.202462
4890 14.110967 14.110967 14.110967 0.202462 0.202462 0.202462
4900 14.110967 14.110967 14.110967 0.202462 0.202462 0.202462
4910 14.110967 14.110967 14.110967 0.202462 0.202462 0.202462
4920 14.110967 14.110967 14.110967 0.202462 0.202462 0.202462
4930 14.110967 14.110967 14.110967 0.202462 0.202462 0.202462
4940 14.110967 14.110967 14.110967 0.202462 0.202462 0.202462
4950 14.110967 14.110967 14.110967 0.202462 0.202462 0.202462
4960 14.110967 14.110967 14.110967 0.202462 0.202462 0.202462
4970 14.110967 14.110967 14.110967 0.202462 0.202462 0.202462
4980 14.110967 14.110967 14.110967 0.202462 0.202462 0.202462
4990 14.110967 14.110967 14.110967 0.202462 0.202462 0.202462
5000 14.110967 14.110967 14.110967 0.202462 0.202462 0.202462
5010 14.110967 14.110967 14.110967 0.202462 0.202462 0.202462
5020 14.110967 14.110967 14.110967 0.202462 0.202462 0.202462
5030 14.110967 14.110967 14.110967 0.202462 0.202462 0.202462
5040 14.110967 14.110967 14.110967 0.202462 0.202462 0.202462
5050 14.110967 14.110967 14.110967 0.202462 0.202462 0.202462
5060 14.110967 14.110967 14.110967 0.202462 0.202462 0.202462
5070 14.110967 14.110967 14.110967 0.202462 0.202462 0.202462
5080 14.110967 14.110967 14.110967 0.202462 0.202462 0.202462
5090 14.110967 14.110967 14.110967 0.202462 0.202462 0.202462
5100 14.110967 14.110967 14.110967 0.202462 0.202462 0.202462
5110 14.110967 14.110967 14.110967 0.202462 0.202462 0.202462
5120 14.110967 14.110967 14.110967 0.202462 0.202462 0.202462
5130 14.110967 14.110967 14.110967 0.202462 0.202462 0.202462
5140 14.110967 14.110967 14.110967 0.202462 0.202462 0.202462
5150 14.110967 14.110967 14.110967 0.202462 0.202462 0.202462
5160 14.110967 14.110967 14.110967 0.202462 0.202462 0.202462
5170 14.110967 14.110967 14.110967 0.202462 0.202462 0.202462
5180 14.110967 14.110967 14.110967 0.202462 0.202462 0.202462
5190 14.110967 14.110967 14.110967 0.202462 0.202462 0.202462
5200 14.110967 14.110967 14.110967 0.202462 0.202462 0.202462
5210 14.110967 14.110967 14.110967 0.202462 0.202462 0.202462
5220 14.110967 14.110967 14.110967 0.202462 0.202462 0.202462
5230 14.110967 14.110967 14.110967 0.202462 0.202462 0.202462
5240 14.110967 14.110967 14.110967 0.202462 0.202462 0.202462
5250 14.110967 14.110967 14.110967 0.202462 0.202462 0.202462
5260 14.110967 14.110967 14.110967 0.202462 0.202462 0.202462
5270 14.110967 14.110967 14.110967 0.202462 0.202462 0.202462
5280 14.110967 14.110967 14.110967 0.202462 0.202462 0.202462
5290 14.110967 14.110967 14.110967 0.202462 0.202462 0.202462
5300 14.110967 14.110967 14.110967 0.202462 0.202462 0.202462
5310 14.110967 14.110967 14.110967 0.202462 0.202462 0.202462
5320 14.110967 14.110967 14.110967 0.202462 0.202462 0.202462
5330 14.110967 14.110967 14.110967 0.202462 0.202462 0.202462
5340 14.110967 14.110967 14.110967 0.202462 0.202462 0.202462
5350 14.110967 14.110967 14.110967 0.202462 0.202462 0.202462
5360 14.110967 14.110967 14.110967 0.202462 0.202462 0.202462
5370 14.110967 14.110967 14.110967 0.202462 0.202462 0.202462
5380 14.110967 14.110967 14.110967 0.202462 0.202462 0.202462
5390 14.110967 14.110967 14.110967 0.202462 0.202462 0.202462
5400 14.110967 14.110967 14.110967 0.202462 0.202462 0.202462
5410 14.110967 14.110967 14.110967 0.202462 0.202462 0.202462
5420 14.110967 14.110967 14.110967 0.202462 0.202462 0.202462
5430 14.110967 14.110967 14.110967 0.202462 0.202462 0.202462
5440 14.110967 14.110967 14.110967 0.202462 0.202462 0.202462
5450 14.110967 14.110967 14.110967 0.202462 0.202462 0.202462
5460 14.110967 14.110967 14.110967 0.202462 0.202462 0.202462
5470 14.110967 14.110967 14.110967 0.202462 0.202462 0.202462
5480 14.110967 14.110967 14.110967 0.202462 0.202462 0.202462
5490 14.110967 14.110967 14.110967 0.202462 0.202462 0.202462
5500 14.110967 14.110967 14.110967 0.202462 0.202462 0.202462
5510 14.110967 14.110967 14.110967 0.202462 0.202462 0.202462
5520 14.110967 14.110967 14.110967 0.202462 0.202462 0.202462
5530 14.110967 14.110967 14.110967 0.202462 0.202462 0.202462
5540 14.110967 14.110967 14.110967 0.202462 0.202462 0.202462
5550 14.110967 14.110967 14.110967 0.202462 0.202462 0.202462
5560 14.110967 14.110967 14.110967 0.202462 0.202462 0.202462
5570 14.110967 14.110967 14.110967 0.202462 0.202462 0.202462
5580 14.110967 14.110967 14.110967 0.202462 0.202462 0.202462
5590 14.110967 14.110967 14.110967 0.202462 0.202462 0.202462
5600 14.110967 14.110967 14.110967 0.202462 0.202462 0.202462
5610 14.110967 14.110967 14.110967 0.202462 0.202462 0.202462
5620 14.110967 14.110967 14.110967 0.202462 0.202462 0.202462
5630 14.110967 14.110967 14.110967 0.202462 0.202462 0.202462
5640 14.110967 14.110967 14.110967 0.202462 0.202462 0.202462
5650 14.110967 14.110967 14.110967 0.202462 0.202462 0.202462
5660 14.110967 14.110967 14.110967 0.202462 0.202462 0.202462
5670 14.110967 14.110967 14.110967 0.202462 0.202462 0.202462
5680 14.110967 14.110967 14.110967 0.202462 0.202462 0.202462
5690 14.110967 14.110967 14.110967 0.202462 0.202462 0.202462
5700 14.110967 14.110967 14.110967 0.202462 0.202462 0.202462
5710 14.110967 14.110967 14.110967 0.202462 0.202462 0.202462
5720 14.110967 14.110967 14.110967 0.202462 0.202462 0.202462
5730 14.110967 14.110967 14.110967 0.202462 0.202462 0.202462
5740 14.110967 14.110967 14.110967 0.202462 0.202462 0.202462
5750 14.110967 14.110967 14.110967 0.202462 0.202462 0.202462
5760 14.110967 14.110967 14.110967 0.202462 0.202462 0.202462
5770 14.110967 14.110967 14.110967 0.202462 0.202462 0.202462
5780 14.110967 14.110967 14.110967 0.202462 0.202462 0.202462
5790 14.110967 14.110967 14.110967 0.202462 0.202462 0.202462
5800 14.110967 14.110967 14.110967 0.202462 0.202462 0.202462
5810 14.110967 14.110967 14.110967 0.202462 0.202462 0.202462
5820 14.110967 14.110967 14.110967 0.202462 0.202462 0.202462
5830 14.110967 14.110967 14.110967 0.202462 0.202462 0.202462
5840 14.110967 14.110967 14.110967 0.202462 0.202462 0.202462
5850 14.110967 14.110967 14.110967 0.202462 0.202462 0.202462
5860 14.110967 14.110967 14.110967 0.202462 0.202462 0.202462
5870 14.110967 14.110967 14.110967 0.202462 0.202462 0.202462
5880 14.110967 14.110967 14.110967 0.202462 0.202462 0.202462
5890 14.110967 14.110967 14.110967 0.202462 0.202462 0.202462
5900 14.110967 14.110967 14.110967 0.202462 0.202462 0.202462
5910 14.110967 14.110967 14.110967 0.202462 0.202462 0.202462
5920 14.110967 14.110967 14.110967 0.202462 0.202462 0.202462
5930 14.110967 14.110967 14.110967 0.202462 0.202462 0.202462
5940 14.110967 14.110967 14.110967 0.202462 0.202462 0.202462
5950 14.110967 14.110967 14.110967 0.202462 0.202462 0.202462
5960 14.110967 14.110967 14.110967 0.202462 0.202462 0.202462
5970 14.110967 14.110967 14.110967 0.202462 0.202462 0.202462
5980 14.110967 14.110967 14.110967 0.202462 0.202462 0.202462
5990 14.110967 14.110967 14.110967 0.202462 0.202462 0.202462
6000 14.110967 14.110967 14.110967 0.202462 0.202462 0.202462
6010 14.110967 14.110967 14.110967 0.202462 0.202462 0.202462
6020 14.110967 14.110967 14.110967 0.202462 0.202462 0.202462
6030 14.110967 14.110967 14.110967 0.202462 0.202462 0.202462
6040 14.110967 14.110967 14.110967 0.202462 0.202462 0.202462
6050 14.110967 14.110967 14.110967 0.202462 0.202462 0.202462
6060 14.110967 14.110967 14.110967 0.202462 0.202462 0.202462
6070 14.110967 14.110967 14.110967 0.202462 0.202462 0.202462
6080 14.110967 14.110967 14.110967 0.202462 0.202462 0.202462
6090 14.110967 14.110967 14.110967 0.202462 0.202462 0.202462
6100 14.110967 14.110967 14.110967 0.202462 0.202462 0.202462
6110 14.110967 14.110967 14.110967 0.202462 0.202462 0.202462
6120 14.110967 14.110967 14.110967 0.202462 0.202462 0.202462
6130 14.110967 14.110967 14.110967 0.202462 0.202462 0.202462
6140 14.110967 14.110967 14.110967 0.202462 0.202462 0.202462
6150 14.110967 14.110967 14.110967 0.202462 0.202462 0.202462
6160 14.110967 14.110967 14.110967 0.202462 0.202462 0.202462
6170 14.110967 14.110967 14.110967 0.202462 0.202462 0.202462
6180 14.110967 14.110967 14.110967 0.202462 0.202462 0.202462
6190 14.110967 14.110967 14.110967 0.202462 0.202462 0.202462
6200 14.110967 14.110967 14.110967 0.202462 0.202462 0.202462
6210 14.110967 14.110967 14.110967 0.202462 0.202462 0.202462
6220 14.110967 14.110967 14.110967 0.202462 0.202462 0.202462
6230 14.110967 14.110967 14.110967 0.202462 0.202462 0.202462
6240 14.110967 14.110967 14.110967 0.202462 0.202462 0.202462
6250 14.110967 14.110967 14.110967 0.202462 0.202462 0.202462
6260 14.110967 14.110967 14.110967 0.202462 0.202462 0.202462
6270 14.110967 14.110967 14.110967 0.202462 0.202462 0.202462
6280 14.110967 14.110967 14.110967 0.202462 0.202462 0.202462
6290 14.110967 14.110967 14.110967 0.202462 0.202462 0.202462
6300 14.110967 14.110967 14.110967 0.202462 0.202462 0.202462
6310 14.110967 14.110967 14.110967 0.202462 0.202462 0.202462
6320 14.110967 14.110967 14.110967 0.202462 0.202462 0.202462
6330 14.110967 14.110967 14.110967 0.202462 0.202462 0.202462
6340 14.110967 14.110967 14.110967 0.202462 0.202462 0.202462
6350 14.110967 14.110967 14.110967 0.202462 0.202462 0.202462
6360 14.110967 14.110967 14.110967 0.202462 0.202462 0.202462
6370 14.110967 14.110967 14.110967 0.202462 0.202462 0.202462
6380 14.110967 14.110967 14.110967 0.202462 0.202462 0.202462
6390 14.110967 14.110967 14.110967 0.202462 0.202462 0.202462
6400 14.110967 14.110967 14.110967 0.202462 0.202462 0.202462
6410 14.110967 14.110967 14.110967 0.202462 0.202462 0.202462
6420 14.110967 14.110967 14.110967 0.202462 0.202462 0.202462
6430 14.110967 14.110967 14.110967 0.202462 0.202462 0.202462
6440 14.110967 14.110967 14.110967 0.202462 0.202462 0.202462
6450 14.110967 14.110967 14.110967 0.202462 0.202462 0.202462
6460 14.110967 14.110967 14.110967 0.202462 0.202462 0.202462
6470 14.110967 14.110967 14.110967 0.202462 0.202462 0.202462
6480 14.110967 14.110967 14.110967 0.202462 0.202462 0.202462
6490 14.110967 14.110967 14.110967 0.202462 0.202462 0.202462
6500 14.110967 14.110967 14.110967 0.202462 0.202462 0.202462
6510 14.110967 14.110967 14.110967 0.202462 0.202462 0.202462
6520 14.110967 14.110967 14.110967 0.202462 0.202462 0.202462
6530 14.110967 14.110967 14.110967 0.202462 0.202462 0.202462
6540 14.110967 14.110967 14.110967 0.202462 0.202462 0.202462
6550 14.110967 14.110967 14.110967 0.202462 0.202462 0.202462
6560 14.110967 14.110967 14.110967 0.202462 0.202462 0.202462
6570 14.110967 14.110967 14.110967 0.202462 0.202462 0.202462
6580 14.110967 14.110967 14.110967 0.202462 0.202462 0.202462
6590 14.110967 14.110967 14.110967 0.202462 0.202462 0.202462
6600 14.110967 14.110967 14.110967 0.202462 0.202462 0.202462
6610 14.110967 14.110967 14.110967 0.202462 0.202462 0.202462
6620 14.110967 14.110967 14.110967 0.202462 0.202462 0.202462
6630 14.110967 14.110967 14.110967 0.202462 0.202462 0.202462
6640 14.110967 14.110967 14.110967 0.202462 0.202462 0.202462
6650 14.110967 14.110967 14.110967 0.202462 0.202462 0.202462
6660 14.110967 14.110967 14.110967 0.202462 0.202462 0.202462
6670 14.110967 14.110967 14.110967 0.202462 0.202462 0.202462
6680 14.110967 14.110967 14.110967 0.202462 0.202462 0.202462
6690 14.110967 14.110967 14.110967 0.202462 0.202462 0.202462
6700 14.110967 14.110967 14.110967 0.202462 0.202462 0.202462
6710 14.110967 14.110967 14.110967 0.202462 0.202462 0.202462
6720 14.110967 14.110967 14.110967 0.202462 0.202462 0.202462
6730 14.110967 14.110967 14.110967 0.202462 0.202462 0.202462
6740 14.110967 14.110967 14.110967 0.202462 0.202462 0.202462
6750 14.110967 14.110967 14.110967 0.202462 0.202462 0.202462
6760 14.110967 14.110967 14.110967 0.202462 0.202462 0.202462
6770 14.110967 14.110967 14.110967 0.202462 0.202462 0.202462
6780 14.110967 14.110967 14.110967 0.202462 0.202462 0.202462
6790 14.110967 14.110967 14.110967 0.202462 0.202462 0.202462
6800 14.110967 14.110967 14.110967 0.202462 0.202462 0.202462
6810 14.110967 14.110967 14.110967 0.202462 0.202462 0.202462
6820 14.110967 14.110967 14.110967 0.202462 0.202462 0.202462
6830 14.110967 14.110967 14.110967 0.202462 0.202462 0.202462
6840 14.110967 14.110967 14.110967 0.202462 0.202462 0.202462
6850 14.110967 14.110967 14.110967 0.202462 0.202462 0.202462
6860 14.110967 14.110967 14.110967 0.202462 0.202462 0.202462
6870 14.110967 14.110967 14.110967 0.202462 0.202462 0.202462
6880 14.110967 14.110967 14.110967 0.202462 0.202462 0.202462
6890 14.110967 14.110967 14.110967 0.202462 0.202462 0.202462
6900 14.110967 14.110967 14.110967 0.202462 0.202462 0.202462
6910 14.110967 14.110967 14.110967 0.202462 0.202462 0.202462
6920 14.110967 14.110967 14.110967 0.202462 0.202462 0.202462
6930 14.110967 14.110967 14.110967 0.202462 0.202462 0.202462
6940 14.110967 14.110967 14.110967 0.202462 0.202462 0.202462
6950 14.110967 14.110967 14.110967 0.202462 0.202462 0.202462
6960 14.110967 14.110967 14.110967 0.202462 0.202462 0.202462
6970 14.110967 14.110967 14.110967 0.202462 0.202462 0.202462
6980 14.110967 14.110967 14.110967 0.202462 0.202462 0.202462
6990 14.110967 14.110967 14.110967 0.202462 0.202462 0.202462
7000 14.110967 14.110967 14.110967 0.202462 0.202462 0.202462
7010 14.110967 14.110967 14.110967 0.202462 0.202462 0.202462
7020 14.110967 14.110967 14.110967 0.202462 0.202462 0.202462
7030 14.110967 14.110967 14.110967 0.202462 0.202462 0.202462
7040 14.110967 14.110967 14.110967 0.202462 0.202462 0.202462
7050 14.110967 14.110967 14.110967 0.202462 0.202462 0.202462
7060 14.110967 14.110967 14.110967 0.202462 0.202462 0.202462
7070 14.110967 14.110967 14.110967 0.202462 0.202462 0.202462
7080 14.110967 14.110967 14.110967 0.202462 0.202462 0.202462
7090 14.110967 14.110967 14.110967 0.202462 0.202462 0.202462
7100 14.110967 14.110967 14.110967 0.202462 0.202462 0.202462
7110 14.110967 14.110967 14.110967 0.202462 0.202462 0.202462
7120 14.110967 14.110967 14.110967 0.202462 0.202462 0.202462
7130 14.110967 14.110967 14.110967 0.202462 0.202462 0.202462
7140 14.110967 14.110967 14.110967 0.202462 0.202462 0.202462
7150 14.110967 14.110967 14.110967 0.202462 0.202462 0.202462
7160 14.110967 14.110967 14.110967 0.202462 0.202462 0.202462
7170 14.110967 14.110967 14.110967 0.202462 0.202462 0.202462
7180 14.110967 14.110967 14.110967 0.202462 0.202462 0.202462
7190 14.110967 14.110967 14.110967 0.202462 0.202462 0.202462
7200 14.110967 14.110967 14.110967 0.202462 0.202462 0.202462
7210 14.110967 14.110967 14.110967 0.202462 0.202462 0.202462
7220 14.110967 14.110967 14.110967 0.202462 0.202462 0.202462
7230 14.110967 14.110967 14.110967 0.202462 0.202462 0.202462
7240 14.110967 14.110967 14.110967 0.202462 0.202462 0.202462
7250 14.110967 14.110967 14.110967 0.202462 0.202462 0.202462
7260 14.110967 14.110967 14.110967 0.202462 0.202462 0.202462
7270 14.110967 14.110967 14.110967 0.202462 0.202462 0.202462
7280 14.110967 14.110967 14.110967 0.202462 0.202462 0.202462
7290 14.110967 14.110967 14.110967 0.202462 0.202462 0.202462
7300 14.110967 14.110967 14.110967 0.202462 0.202462 0.202462
7310 14.110967 14.110967 14.110967 0.202462 0.202462 0.202462
7320 14.110967 14.110967 14.110967 0.202462 0.202462 0.202462
7330 14.110967 14.110967 14.110967 0.202462 0.202462 0.202462
7340 14.110967 14.110967 14.110967 0.202462 0.202462 0.202462
7350 14.110967 14.110967 14.110967 0.202462 0.202462 0.202462
7360 14.110967 14.110967 14.110967 0.202462 0.202462 0.202462
7370 14.110967 14.110967 14.110967 0.202462 0.202462 0.202462
7380 14.110967 14.110967 14.110967 0.202462 0.202462 0.202462
7390 14.110967 14.110967 14.110967 0.202462 0.202462 0.202462
7400 14.110967 14.110967 14.110967 0.202462 0.202462 0.202462
7410 14.110967 14.110967 14.110967 0.202462 0.202462 0.202462
7420 14.110967 14.110967 14.110967 0.202462 0.202462 0.202462
7430 14.110967 14.110967 14.110967 0.202462 0.202462 0.202462
7440 14.110967 14.110967 14.110967 0.202462 0.202462 0.202462
7450 14.110967 14.110967 14.110967 0.202462 0.202462 0.202462
7460 14.110967 14.110967 14.110967 0.202462 0.202462 0.202462
7470 14.110967 14.110967 14.110967 0.202462 0.202462 0.202462
7480 14.110967 14.110967 14.110967 0.202462 0.202462 0.202462
7490 14.110967 14.110967 14.110967 0.202462 0.202462 0.202462
7500 14.110967 14.110967 14.110967 0.202462 0.202462 0.202462
7510 14.110967 14.110967 14.110967 0.202462 0.202462 0.202462
7520 14.110967 14.110967 14.110967 0.202462 0.202462 0.202462
7530 14.110967 14.110967 14.110967 0.202462 0.202462 0.202462
7540 14.110967 14.110967 14.110967 0.202462 0.202462 0.202462
7550 14.110967 14.110967 14.110967 0.202462 0.202462 0.202462
7560 14.110967 14.110967 14.110967 0.202462 0.202462 0.202462
7570 14.110967 14.110967 14.110967 0.202462 0.202462 0.202462
7580 14.110967 14.110967 14.110967 0.202462 0.202462 0.202462
7590 14.110967 14.110967 14.110967 0.202462 0.202462 0.202462
7600 14.110967 14.110967 14.110967 0.202462 0.202462 0.202462
7610 14.110967 14.110967 14.110967 0.202462 0.202462 0.202462
7620 14.110967 14.110967 14.110967 0.202462 0.202462 0.202462
7630 14.110967 14.110967 14.110967 0.202462 0.202462 0.202462
7640 14.110967 14.110967 14.110967 0.202462 0.202462 0.202462
7650 14.110967 14.110967 14.110967 0.202462 0.202462 0.202462
7660 14.110967 14.110967 14.110967 0.202462 0.202462 0.202462
7670 14.110967 14.110967 14.110967 0.202462 0.202462 0.202462
7680 14.110967 14.110967 14.110967 0.202462 0.202462 0.202462
7690 14.110967 14.110967 14.110967 0.202462 0.202462 0.202462
7700 14.110967 14.110967 14.110967 0.202462 0.202462 0.202462
7710 14.110967 14.110967 14.110967 0.202462 0.202462 0.202462
7720 14.110967 14.110967 14.110967 0.202462 0.202462 0.202462
7730 14.110967 14.110967 14.110967 0.202462 0.202462 0.202462
7740 14.110967 14.110967 14.110967 0.202462 0.202462 0.202462
7750 14.110967 14.110967 14.110967 0.202462 0.202462 0.202462
7760 14.110967 14.110967 14.110967 0.202462 0.202462 0.202462
7770 14.110967 14.110967 14.110967 0.202462 0.202462 0.202462
7780 14.110967 14.110967 14.110967 0.202462 0.202462 0.202462
7790 14.110967 14.110967 14.110967 0.202462 0.202462 0.202462
7800 14.110967 14.110967 14.110967 0.202462 0.202462 0.202462
7810 14.110967 14.110967 14.110967 0.202462 0.202462 0.202462
7820 14.110967 14.110967 14.110967 0.202462 0.202462 0.202462
7830 14.110967 14.110967 14.110967 0.202462 0.202462 0.202462
7840 14.110967 14.110967 14.110967 0.202462 0.202462 0.202462
7850 14.110967 14.110967 14.110967 0.202462 0.202462 0.202462
7860 14.110967 14.110967 14.110967 0.202462 0.202462 0.202462
7870 14.110967 14.110967 14.110967 0.202462 0.202462 0.202462
7880 14.110967 14.110967 14.110967 0.202462 0.202462 0.202462
7890 14.110967 14.110967 14.110967 0.202462 0.202462 0.202462
7900 14.110967 14.110967 14.110967 0.202462 0.202462 0.202462
7910 14.110967 14.110967 14.110967 0.202462 0.202462 0.202462
7920 14.110967 14.110967 14.110967 0.202462 0.202462 0.202462
7930 14.110967 14.110967 14.110967 0.202462 0.202462 0.202462
7940 14.110967 14.110967 14.110967 0.202462 0.202462 0.202462
7950 14.110967 14.110967 14.110967 0.202462 0.202462 0.202462
7960 14.110967 14.110967 14.110967 0.202462 0.202462 0.202462
7970 14.110967 14.110967 14.110967 0.202462 0.202462 0.202462
7980 14.110967 14.110967 14.110967 0.202462 0.202462 0.202462
7990 14.110967 14.110967 14.110967 0.202462 0.202462 0.202462
8000 14.110967 14.110967 14.110967 0.202462 0.202462 0.202462
8010 14.110967 14.110967 14.110967 0.202462 0.202462 0.202462
8020 14.110967 14.110967 14.110967 0.202462 0.202462 0.202462
8030 14.110967 14.110967 14.110967 0.202462 0.202462 0.202462
8040 14.110967 14.110967 14.110967 0.202462 0.202462 0.202462
8050 14.110967 14.110967 14.110967 0.202462 0.202462 0.202462
8060 14.110967 14.110967 14.110967 0.202462 0.202462 0.202462
8070 14.110967 14.110967 14.110967 0.202462 0.202462 0.202462
8080 14.110967 14.110967 14.110967 0.202462 0.202462 0.202462
8090 14.110967 14.110967 14.110967 0.202462 0.202462 0.202462
8100 14.110967 14.110967 14.110967 0.202462 0.202462 0.202462
8110 14.110967 14.110967 14.110967 0.202462 0.202462 0.202462
8120 14.110967 14.110967 14.110967 0.202462 0.202462 0.202462
8130 14.110967 14.110967 14.110967 0.202462 0.202462 0.202462
8140 14.110967 14.110967 14.110967 0.202462 0.202462 0.202462
8150 14.110967 14.110967 14.110967 0.202462 0.202462 0.202462
8160 14.110967 14.110967 14.110967 0.202462 0.202462 0.202462
8170 14.110967 14.110967 14.110967 0.202462 0.202462 0.202462
8180 14.110967 14.110967 14.110967 0.202462 0.202462 0.202462
8190 14.110967 14.110967 14.110967 0.202462 0.202462 0.202462
8200 14.110967 14.110967 14.110967 0.202462 0.202462 0.202462
8210 14.110967 14.110967 14.110967 0.202462 0.202462 0.202462
8220 14.110967 14.110967 14.110967 0.202462 0.202462 0.202462
8230 14.110967 14.110967 14.110967 0.202462 0.202462 0.202462
8240 14.110967 14.110967 14.110967 0.202462 0.202462 0.202462
8250 14.110967 14.110967 14.110967 0.202462 0.202462 0.202462
8260 14.110967 14.110967 14.110967 0.202462 0.202462 0.202462
8270 14.110967 14.110967 14.110967 0.202462 0.202462 0.202462
8280 14.110967 14.110967 14.110967 0.202462 0.202462 0.202462
8290 14.110967 14.110967 14.110967 0.202462 0.202462 0.202462
8300 14.110967 14.110967 14.110967 0.202462 0.202462 0.202462
8310 14.110967 14.110967 14.110967 0.202462 0.202462 0.202462
8320 14.110967 14.110967 14.110967 0.202462 0.202462 0.202462
8330 14.110967 14.110967 14.110967 0.202462 0.202462 0.202462
8340 14.110967 14.110967 14.110967 0.202462 0.202462 0.202462
8350 14.110967 14.110967 14.110967 0.202462 0.202462 0.202462
8360 14.110967 14.110967 14.110967 0.202462 0.202462 0.202462
8370 14.110967 14.110967 14.110967 0.202462 0.202462 0.202462
8380 14.110967 14.110967 14.110967 0.202462 0.202462 0.202462
8390 14.110967 14.110967 14.110967 0.202462 0.202462 0.202462
8400 14.110967 14.110967 14.110967 0.202462 0.202462 0.202462
8410 14.110967 14.110967 14.110967 0.202462 0.202462 0.202462
8420 14.110967 14.110967 14.110967 0.202462 0.202462 0.202462
8430 14.110967 14.110967 14.110967 0.202462 0.202462 0.202462
8440 14.110967 14.110967 14.110967 0.202462 0.202462 0.202462
8450 14.110967 14.110967 14.110967 0.202462 0.202462 0.202462
8460 14.110967 14.110967 14.110967 0.202462 0.202462 0.202462
8470 14.110967 14.110967 14.110967 0.202462 0.202462 0.202462
8480 14.110967 14.110967 14.110967 0.202462 0.202462 0.202462
8490 14.110967 14.110967 14.110967 0.202462 0.202462 0.202462
8500 14.110967 14.110967 14.110967 0.202462 0.202462 0.202462
8510 14.110967 14.110967 14.110967 0.202462 0.202462 0.202462
8520 14.110967 14.110967 14.110967 0.202462 0.202462 0.202462
8530 14.110967 14.110967 14.110967 0.202462 0.202462 0.202462
8540 14.110967 14.110967 14.110967 0.202462 0.202462 0.202462
8550 14.110967 14.110967 14.110967 0.202462 0.202462 0.202462
8560 14.110967 14.110967 14.110967 0.202462 0.202462 0.202462
8570 14.110967 14.110967 14.110967 0.202462 0.202462 0.202462
8580 14.110967 14.110967 14.110967 0.202462 0.202462 0.202462
8590 14.110967 14.110967 14.110967 0.202462 0.202462 0.202462
8600 14.110967 14.110967 14.110967 0.202462 0.202462 0.202462
8610 14.110967 14.110967 14.110967 0.202462 0.202462 0.202462
8620 14.110967 14.110967 14.110967 0.202462 0.202462 0.202462
8630 14.110967 14.110967 14.110967 0.202462 0.202462 0.202462
8640 14.110967 14.110967 14.110967 0.202462 0.202462 0.202462
8650 14.110967 14.110967 14.110967 0.202462 0.202462 0.202462
8660 14.110967 14.110967 14.110967 0.202462 0.202462 0.202462
8670 14.110967 14.110967 14.110967 0.202462 0.202462 0.202462
8680 14.110967 14.110967 14.110967 0.202462 0.202462 0.202462
8690 14.110967 14.110967 14.110967 0.202462 0.202462 0.202462
8700 14.110967 14.110967 14.110967 0.202462 0.202462 0.202462
8710 14.110967 14.110967 14.110967 0.202462 0.202462 0.202462
8720 14.110967 14.110967 14.110967 0.202462 0.202462 0.202462
8730 14.110967 14.110967 14.110967 0.202462 0.202462 0.202462
8740 14.110967 14.110967 14.110967 0.202462 0.202462 0.202462
8750 14.110967 14.110967 14.110967 0.202462 0.202462 0.202462
8760 14.110967 14.110967 14.110967 0.202462 0.202462 0.202462
8770 14.110967 14.110967 14.110967 0.202462 0.202462 0.202462
8780 14.110967 14.110967 14.110967 0.202462 0.202462 0.202462
8790 14.110967 14.110967 14.110967 0.202462 0.202462 0.202462
8800 14.110967 14.110967 14.110967 0.202462 0.202462 0.202462
8810 14.110967 14.110967 14.110967 0.202462 0.202462 0.202462
8820 14.110967 14.110967 14.110967 0.202462 0.202462 0.202462
8830 14.110967 14.110967 14.110967 0.202462 0.202462 0.202462
8840 14.110967 14.110967 14.110967 0.202462 0.202462 0.202462
8850 14.110967 14.110967 14.110967 0.202462 0.202462 0.202462
8860 14.110967 14.110967 14.110967 0.202462 0.202462 0.202462
8870 14.110967 14.110967 14.110967 0.202462 0.202462 0.202462
8880 14.110967 14.110967 14.110967 0.202462 0.202462 0.202462
8890 14.110967 14.110967 14.110967 0.202462 0.202462 0.202462
8900 14.110967 14.110967 14.110967 0.202462 0.202462 0.202462
8910 14.110967 14.110967 14.110967 0.202462 0.202462 0.202462
8920 14.110967 14.110967 14.110967 0.202462 0.202462 0.202462
8930 14.110967 14.110967 14.110967 0.202462 0.202462 0.202462
8940 14.110967 14.110967 14.110967 0.202462 0.202462 0.202462
8950 14.110967 14.110967 14.110967 0.202462 0.202462 0.202462
8960 14.110967 14.110967 14.110967 0.202462 0.202462 0.202462
8970 14.110967 14.110967 14.110967 0.202462 0.202462 0.202462
8980 14.110967 14.110967 14.110967 0.202462 0.202462 0.202462
8990 14.110967 14.110967 14.110967 0.202462 0.202462 0.202462
9000 14.110967 14.110967 14.110967 0.202462 0.202462 0.202462
9010 14.110967 14.110967 14.110967 0.202462 0.202462 0.202462
9020 14.110967 14.110967 14.110967 0.202462 0.202462 0.202462
9030 14.110967 14.110967 14.110967 0.202462 0.202462 0.202462
9040 14.110967 14.110967 14.110967 0.202462 0.202462 0.202462
9050 14.110967 14.110967 14.110967 0.202462 0.202462 0.202462
9060 14.110967 14.110967 14.110967 0.202462 0.202462 0.202462
9070 14.110967 14.110967 14.110967 0.202462 0.202462 0.202462
9080 14.110967 14.110967 14.110967 0.202462 0.202462 0.202462
9090 14.110967 14.110967 14.110967 0.202462 0.202462 0.202462
9100 14.110967 14.110967 14.110967 0.202462 0.202462 0.202462
9110 14.110967 14.110967 14.110967 0.202462 0.202462 0.202462
9120 14.110967 14.110967 14.110967 0.202462 0.202462 0.202462
9130 14.110967 14.110967 14.110967 0.202462 0.202462 0.202462
9140 14.110967 14.110967 14.110967 0.202462 0.202462 0.202462
9150 14.110967 14.110967 14.110967 0.202462 0.202462 0.202462
9160 14.110967 14.110967 14.110967 0.202462 0.202462 0.202462
9170 14.110967 14.110967 14.110967 0.202462 0.202462 0.202462
9180 14.110967 14.110967 14.110967 0.202462 0.202462 0.202462
9190 14.110967 14.110967 14.110967 0.202462 0.202462 0.202462
9200 14.110967 14.110967 14.110967 0.202462 0.202462 0.202462
9210 14.110967 14.110967 14.110967 0.202462 0.202462 0.202462
9220 14.110967 14.110967 14.110967 0.202462 0.202462 0.202462
9230 14.110967 14.110967 14.110967 0.202462 0.202462 0.202462
9240 14.110967 14.110967 14.110967 0.202462 0.202462 0.202462
9250 14.110967 14.110967 14.110967 0.202462 0.202462 0.202462
9260 14.110967 14.110967 14.110967 0.202462 0.202462 0.202462
9270 14.110967 14.110967 14.110967 0.202462 0.202462 0.202462
9280 14.110967 14.110967 14.110967 0.202462 0.202462 0.202462
9290 14.110967 14.110967 14.110967 0.202462 0.202462 0.202462
9300 14.110967 14.110967 14.110967 0.202462 0.202462 0.202462
9310 14.110967 14.110967 14.110967 0.202462 0.202462 0.202462
9320 14.110967 14.110967 14.110967 0.202462 0.202462 0.202462
9330 14.110967 14.110967 14.110967 0.202462 0.202462 0.202462
9340 14.110967 14.110967 14.110967 0.202462 0.202462 0.202462
9350 14.110967 14.110967 14.110967 0.202462 0.202462 0.202462
9360 14.110967 14.110967 14.110967 0.202462 0.202462 0.202462
9370 14.110967 14.110967 14.110967 0.202462 0.202462 0.202462
9380 14.110967 14.110967 14.110967 0.202462 0.202462 0.202462
9390 14.110967 14.110967 14.110967 0.202462 0.202462 0.202462
9400 14.110967 14.110967 14.110967 0.202462 0.202462 0.202462
9410 14.110967 14.110967 14.110967 0.202462 0.202462 0.202462
9420 14.110967 14.110967 14.110967 0.202462 0.202462 0.202462
9430 14.110967 14.110967 14.110967 0.202462 0.202462 0.202462
9440 14.110967 14.110967 14.110967 0.202462 0.202462 0.202462
9450 14.110967 14.110967 14.110967 0.202462 0.202462 0.202462
9460 14.110967 14.110967 14.110967 0.202462 0.202462 0.202462
9470 14.110967 14.110967 14.110967 0.202462 0.202462 0.202462
9480 14.110967 14.110967 14.110967 0.202462 0.202462 0.202462
9490 14.110967 14.110967 14.110967 0.202462 0.202462 0.202462
9500 14.110967 14.110967 14.110967 0.202462 0.202462 0.202462
9510 14.110967 14.110967 14.110967 0.202462 0.202462 0.202462
9520 14.110967 14.110967 14.110967 0.202462 0.202462 0.202462
9530 14.110967 14.110967 14.110967 0.202462 0.202462 0.202462
9540 14.110967 14.110967 14.110967 0.202462 0.202462 0.202462
9550 14.110967 14.110967 14.110967 0.202462 0.202462 0.202462
9560 14.110967 14.110967 14.110967 0.202462 0.202462 0.202462
9570 14.110967 14.110967 14.110967 0.202462 0.202462 0.202462
9580 14.110967 14.110967 14.110967 0.202462 0.202462 0.202462
9590 14.110967 14.110967 14.110967 0.202462 0.202462 0.202462
9600 14.110967 14.110967 14.110967 0.202462 0.202462 0.202462
9610 14.110967 14.110967 14.110967 0.202462 0.202462 0.202462
9620 14.110967 14.110967 14.110967 0.202462 0.202462 0.202462
9630 14.110967 14.110967 14.110967 0.202462 0.202462 0.202462
9640 14.110967 14.110967 14.110967 0.202462 0.202462 0.202462
9650 14.110967 14.110967 14.110967 0.202462 0.202462 0.202462
9660 14.110967 14.110967 14.110967 0.202462 0.202462 0.202462
9670 14.110967 14.110967 14.110967 0.202462 0.202462 0.202462
9680 14.110967 14.110967 14.110967 0.202462 0.202462 0.202462
9690 14.110967 14.110967 14.110967 0.202462 0.202462 0.202462
9700 14.110967 14.110967 14.110967 0.202462 0.202462 0.202462
9710 14.110967 14.110967 14.110967 0.202462 0.202462 0.202462
9720 14.110967 14.110967 14.110967 0.202462 0.202462 0.202462
9730 14.110967 14.110967 14.110967 0.202462 0.202462 0.202462
9740 14.110967 14.110967 14.110967 0.202462 0.202462 0.202462
9750 14.110967 14.110967 14.110967 0.202462 0.202462 0.202462
9760 14.110967 14.110967 14.110967 0.202462 0.202462 0.202462
9770 14.110967 14.110967 14.110967 0.202462 0.202462 0.202462
9780 14.110967 14.110967 14.110967 0.202462 0.202462 0.202462
9790 14.110967 14.110967 14.110967 0.202462 0.202462 0.202462
9800 14.110967 14.110967 14.110967 0.202462 0.202462 0.202462
9810 14.110967 14.110967 14.110967 0.202462 0.202462 0.202462
9820 14.110967 14.110967 14.110967 0.202462 0.202462 0.202462
9830 14.110967 14.110967 14.110967 0.202462 0.202462 0.202462
9840 14.110967 14.110967 14.110967 0.202462 0.202462 0.202462
9850 14.110967 14.110967 14.110967 0.202462 0.202462 0.202462
9860 14.110967 14.110967 14.110967 0.202462 0.202462 0.202462
9870 14.110967 14.110967 14.110967 0.202462 0.202462 0.202462
9880 14.110967 14.110967 14.110967 0.202462 0.202462 0.202462
9890 14.110967 14.110967 14.110967 0.202462 0.202462 0.202462
9900 14.110967 14.110967 14.110967 0.202462 0.202462 0.202462
9910 14.110967 14.110967 14.110967 0.202462 0.202462 0.202462
9920 14.110967 14.110967 14.110967 0.202462 0.202462 0.202462
9930 14.110967 14.110967 14.110967 0.202462 0.202462 0.202462
9940 14.110967 14.110967 14.110967 0.202462 0.202462 0.202462
9950 14.110967 14.110967 14.110967 0.202462 0.202462 0.202462
9960 14.110967 14.110967 14.110967 0.202462 0.202462 0.202462
9970 14.110967 14.110967 14.110967 0.202462 0.202462 0.202462
9980 14.110967 14.110967 14.110967 0.202462 0.202462 0.202462
9990 14.110967 14.110967 14.110967 0.202462 0.202462 0.202462
10000 14.390088 14.390088 14.390088 0.208622 0.208622 0.208622
