155 28642 8 0.163400 4136 3860 3350 1
654 67204 10 0.090000 4585 2498 3601 1
342 41839 11 0.132600 4778 3383 3959 1
117 11595 11 0.156100 4688 2986 2618 1
990 107630 12 0.161700 5618 2454 3945 1
521 80340 11 0.166100 5095 3262 3969 1
103 16865 7 0.065600 5613 3267 3212 1
385 46533 8 0.111800 4865 3728 3744 1
904 81735 6 0.109400 4696 2895 3786 1
590 105954 7 0.095500 5107 2531 3664 1
433 40866 11 0.086900 5701 3924 3328 1
931 132851 8 0.195500 5296 3753 2920 1
149 16638 12 0.107600 4190 3526 2596 1
587 76276 11 0.192000 4493 3026 2032 1
716 80508 12 0.150700 4278 3948 3575 1
228 27663 6 0.142500 4239 2645 2682 1
532 50776 7 0.036300 4772 2583 2774 1
155 28212 10 0.173700 4107 2445 3727 1
655 82361 11 0.062000 5093 2284 3886 1
971 101935 10 0.148000 4403 2934 2760 1
776 124496 11 0.120400 5759 2227 3705 1
123 17342 10 0.033200 4607 3492 3683 1
352 54009 8 0.063400 5530 2974 2200 1
210 25535 9 0.069300 4500 2791 2915 1
950 131397 10 0.061100 5027 3912 2114 1
706 119463 7 0.172100 4334 3377 2841 1
187 22808 9 0.040300 5593 2961 2525 1
596 70247 6 0.111000 4454 3685 2333 1
954 127267 7 0.131200 6000 2810 3402 1
483 64506 9 0.137900 4894 2678 2367 1
778 115294 11 0.085300 4281 2489 3675 1
563 41572 14 0.152600 4144 2871 2865 1
863 114225 8 0.147400 4734 2049 3048 1
124 15658 12 0.033900 5020 3046 2715 1
247 39237 8 0.123900 5295 2707 2733 1
675 79036 6 0.096300 5463 3620 3802 1
819 93069 6 0.079500 4250 2875 2783 1
874 151063 11 0.187900 5978 3205 2234 0
657 57957 12 0.010300 4385 3714 2331 1
615 52579 8 0.128100 4935 2440 2414 1
816 104181 13 0.153800 4340 2748 3947 1
740 79972 11 0.089600 5996 3443 3698 1
336 40134 12 0.133500 5737 3612 3567 0
858 67940 13 0.162300 4461 3911 2767 1
293 36001 8 0.090300 5316 2619 2446 1
406 65743 12 0.064300 5680 3123 2336 1
261 26680 9 0.077000 5656 2959 2368 1
539 67472 12 0.147400 5875 2614 3006 1
903 143832 6 0.121500 4843 3742 2018 1
335 38413 9 0.056800 5447 2585 2973 1
358 36290 12 0.085200 4714 3755 3695 1
556 52176 11 0.052100 4923 3840 2145 1
399 62168 10 0.101200 4546 3125 2419 1
901 91327 8 0.056300 5359 2696 2164 1
122 17110 13 0.075800 4719 3861 2768 1
707 79544 12 0.058800 5541 3979 3472 1
662 81197 8 0.130700 5994 3606 2736 1
189 22235 13 0.073300 5520 3300 3196 1
398 28291 12 0.180700 5622 2359 3269 1
636 89827 8 0.071600 5531 3458 2470 1
156 18575 14 0.147000 4463 2796 2856 1
805 108875 6 0.088500 4674 3032 3506 1
494 61427 11 0.114700 5608 3961 2745 1
719 112839 8 0.178900 4316 3066 2392 1
926 88434 11 0.119700 5756 2203 3750 1
501 67309 11 0.087000 5257 2897 2591 1
330 51821 9 0.114200 4006 3452 2702 1
305 31013 8 0.058700 5764 2463 3836 1
817 89749 6 0.151500 4112 2321 2246 1
1000 181095 12 0.094800 4993 2750 3666 1
605 107884 12 0.079300 4439 2213 2963 1
505 58400 8 0.105900 4692 3396 2312 1
650 71702 8 0.138600 4504 3213 2324 1
970 140174 13 0.050300 4759 3835 3351 1
517 88462 12 0.154700 4584 3785 2645 1
735 64593 9 0.130400 5570 3094 2521 1
746 92033 10 0.170600 5087 3118 3267 1
462 71432 12 0.123300 4727 3224 3062 1
329 38907 12 0.142900 4746 2906 2470 0
209 27642 14 0.071400 4270 3442 3289 0
429 36690 13 0.048900 4014 3890 3005 0
500 59203 7 0.107100 4979 2866 3774 1
395 58514 9 0.061400 4787 2794 2091 1
138 15319 9 0.065000 5253 2720 3927 1
947 157799 11 0.057200 4196 2883 2597 1
811 64248 13 0.150600 4835 2805 2532 1
727 67464 11 0.106100 4906 2259 2552 1
582 88490 10 0.112100 5858 2543 3034 1
864 85956 7 0.065900 4579 3058 3564 1
728 57417 11 0.092200 5827 2889 3912 1
175 26483 8 0.156400 5676 3526 2288 1
284 34545 14 0.098600 4594 3336 2913 1
878 129413 11 0.120900 5861 2947 2145 1
386 54313 10 0.097500 5583 3738 2064 1
941 165474 9 0.090700 4607 2029 2994 1
750 133140 8 0.097600 4272 2181 3155 1
543 73432 7 0.085800 4921 3015 2754 1
844 84705 8 0.099200 5445 3674 3608 1
493 61404 9 0.090800 5160 2196 3495 1
791 134886 9 0.074900 4583 2979 3029 1
