# generation power_min power_avg power_max util_min util_avg util_max
1 8.364558 10.179096 11.978557 0.476577 0.665577 0.897938
10 8.364558 9.967355 11.372551 0.473807 0.662416 0.897938
20 7.713666 9.780431 10.779566 0.473807 0.661877 0.889680
30 7.713666 9.607810 10.554181 0.473807 0.662286 0.959104
40 7.713666 9.441773 10.329992 0.473807 0.647283 0.959104
50 7.605941 9.264091 10.143702 0.432013 0.643808 0.959104
60 7.216737 9.075182 9.910640 0.432013 0.630832 0.959104
70 7.216737 8.932596 9.745749 0.432013 0.614837 0.959104
80 7.216737 8.747324 9.590942 0.424803 0.605400 0.959104
90 7.202656 8.554607 9.496298 0.396927 0.595075 0.959104
100 6.973012 8.357775 9.398574 0.396927 0.578159 0.831089
110 6.973012 8.165638 9.259533 0.396927 0.569385 0.831089
120 6.892050 7.974092 9.033991 0.348564 0.557834 0.776750
130 6.674848 7.803127 8.818951 0.348564 0.544273 0.776750
140 6.285675 7.620165 8.607349 0.348564 0.532921 0.693338
150 6.285675 7.450197 8.414762 0.348564 0.525066 0.693338
160 6.285675 7.307810 8.144336 0.348564 0.524732 0.693338
170 6.285675 7.183497 7.867161 0.348564 0.520013 0.693338
180 6.260905 7.064659 7.703070 0.348564 0.516690 0.693338
190 5.876383 6.950975 7.605413 0.348564 0.516560 0.693338
200 5.806975 6.835140 7.458573 0.348564 0.515787 0.693338
210 5.806975 6.718949 7.305282 0.348564 0.506962 0.685543
220 5.520336 6.614196 7.202656 0.348564 0.499455 0.685543
230 5.460872 6.512730 7.064523 0.369216 0.498138 0.685543
240 5.460872 6.402596 6.972297 0.359957 0.490709 0.685543
250 5.297371 6.308621 6.871938 0.341515 0.482600 0.646924
260 5.297371 6.204839 6.818365 0.335817 0.481114 0.646924
270 5.184439 6.088164 6.694389 0.335817 0.479538 0.646924
280 5.135531 5.972906 6.542429 0.335817 0.477396 0.646924
290 5.135531 5.889634 6.392025 0.335817 0.478662 0.646924
300 5.055589 5.795722 6.319809 0.335817 0.473497 0.597270
310 5.055589 5.704507 6.193294 0.335817 0.475767 0.634845
320 4.880765 5.618791 6.161609 0.335817 0.478205 0.634845
330 4.880765 5.519684 6.064203 0.335817 0.473883 0.634845
340 4.834610 5.425764 5.942144 0.335817 0.473814 0.634845
350 4.834610 5.330092 5.848554 0.335817 0.476106 0.634845
360 4.620283 5.234660 5.731022 0.335817 0.478088 0.634845
370 4.620283 5.155754 5.580836 0.335817 0.478382 0.634845
380 4.620283 5.087194 5.503186 0.364065 0.481432 0.634845
390 4.620283 5.024193 5.412451 0.364065 0.476750 0.634845
400 4.571791 4.964014 5.329533 0.364065 0.475391 0.634845
410 4.458077 4.903469 5.246864 0.364065 0.474334 0.634845
420 4.458077 4.854966 5.146827 0.386996 0.476936 0.579206
430 4.458077 4.813759 5.055589 0.386996 0.478489 0.579206
440 4.416182 4.768643 5.015432 0.386996 0.474503 0.579206
450 4.416182 4.733155 4.931838 0.386996 0.472503 0.575904
460 4.359661 4.692921 4.902074 0.390577 0.472567 0.575904
470 4.359661 4.650619 4.867399 0.390577 0.469361 0.575904
480 4.203354 4.605895 4.844462 0.397112 0.470520 0.575904
490 4.203354 4.562671 4.808196 0.397112 0.469633 0.575904
500 4.136705 4.515824 4.754399 0.392571 0.465632 0.556239
510 3.971628 4.473447 4.685621 0.391437 0.461169 0.556239
520 3.971628 4.437884 4.647425 0.389914 0.458698 0.556239
530 3.971628 4.403371 4.615384 0.389914 0.457764 0.556239
540 3.971628 4.365179 4.569806 0.389914 0.454649 0.556239
550 3.971628 4.324784 4.516376 0.389914 0.454287 0.556239
560 3.971628 4.285041 4.482315 0.389914 0.450723 0.537594
570 3.891164 4.245329 4.450959 0.389914 0.449618 0.537594
580 3.864018 4.209721 4.408877 0.389914 0.447922 0.537594
590 3.735731 4.170810 4.377761 0.389914 0.445575 0.507093
600 3.687625 4.130692 4.336067 0.374265 0.444437 0.509950
610 3.662880 4.079919 4.314016 0.374265 0.444165 0.509950
620 3.641332 4.029854 4.276272 0.374265 0.442837 0.509950
630 3.641332 3.984976 4.257595 0.374265 0.439749 0.509950
640 3.562271 3.934979 4.203354 0.374265 0.439242 0.509950
650 3.562271 3.888905 4.136705 0.391978 0.439137 0.509950
660 3.562271 3.845289 4.097183 0.391978 0.437684 0.509950
670 3.556119 3.805350 4.049333 0.383556 0.434837 0.509950
680 3.556119 3.767040 3.991141 0.383556 0.432466 0.509950
690 3.516178 3.737116 3.927968 0.383556 0.431350 0.509950
700 3.516178 3.708358 3.868282 0.383556 0.429234 0.509950
710 3.475679 3.679715 3.847752 0.383556 0.429111 0.509950
720 3.440656 3.651318 3.813621 0.383556 0.428272 0.474822
730 3.387658 3.626056 3.769152 0.383556 0.426914 0.474822
740 3.387658 3.600187 3.738337 0.383556 0.425049 0.474822
750 3.387658 3.576363 3.695761 0.383556 0.424370 0.474822
760 3.387658 3.556519 3.685168 0.383556 0.422856 0.474822
770 3.387658 3.535076 3.662880 0.383556 0.422674 0.474822
780 3.386200 3.515426 3.621018 0.396437 0.421914 0.474822
790 3.386200 3.498212 3.604910 0.396437 0.421512 0.447713
800 3.386200 3.482915 3.581525 0.396437 0.420360 0.447713
810 3.386149 3.467741 3.562058 0.396437 0.419297 0.447713
820 3.386149 3.452647 3.546519 0.396437 0.419161 0.447713
830 3.386149 3.440024 3.529068 0.396437 0.419599 0.447713
840 3.386149 3.428881 3.509273 0.402594 0.419306 0.447713
850 3.386149 3.419929 3.461067 0.409119 0.418619 0.447713
860 3.386149 3.413267 3.458552 0.409119 0.419042 0.447713
870 3.386149 3.406884 3.453367 0.409119 0.419719 0.447713
880 3.386149 3.400808 3.440656 0.409119 0.418179 0.447713
890 3.386149 3.396052 3.427603 0.409119 0.416902 0.442316
900 3.386149 3.392116 3.426044 0.409119 0.417786 0.442316
910 3.384691 3.388288 3.416163 0.416511 0.418537 0.442316
920 3.384691 3.387264 3.387658 0.417991 0.418016 0.418225
930 3.384691 3.387114 3.387658 0.417991 0.418031 0.418225
940 3.384691 3.386953 3.387658 0.417991 0.418040 0.418225
950 3.384691 3.386803 3.387658 0.417991 0.418056 0.418225
960 3.384691 3.386654 3.387658 0.417991 0.418069 0.418225
970 3.384691 3.386501 3.387658 0.417991 0.418086 0.418225
980 3.384691 3.386321 3.387658 0.417991 0.418105 0.418225
990 3.384691 3.386143 3.387658 0.417991 0.418120 0.418225
1000 3.384691 3.386022 3.386200 0.418034 0.418131 0.418225
1010 3.384691 3.385959 3.386200 0.418034 0.418148 0.418225
1020 3.384691 3.385910 3.386200 0.418034 0.418164 0.418225
1030 3.384691 3.385788 3.386200 0.418034 0.418182 0.418225
1040 3.384691 3.385653 3.386149 0.418182 0.418197 0.418225
1050 3.384691 3.385537 3.386149 0.418182 0.418200 0.418225
1060 3.384691 3.385405 3.386149 0.418182 0.418204 0.418225
1070 3.384691 3.385260 3.386149 0.418182 0.418208 0.418225
1080 3.384691 3.385114 3.386149 0.418182 0.418213 0.418225
1090 3.384691 3.384968 3.386149 0.418182 0.418217 0.418225
1100 3.384691 3.384822 3.386149 0.418182 0.418221 0.418225
1110 3.384691 3.384691 3.384691 0.418225 0.418225 0.418225
1120 3.384691 3.384691 3.384691 0.418225 0.418225 0.418225
1130 3.384691 3.384691 3.384691 0.418225 0.418225 0.418225
1140 3.384691 3.384691 3.384691 0.418225 0.418225 0.418225
1150 3.384691 3.384691 3.384691 0.418225 0.418225 0.418225
1160 3.384691 3.384691 3.384691 0.418225 0.418225 0.418225
1170 3.384691 3.384691 3.384691 0.418225 0.418225 0.418225
1180 3.384691 3.384691 3.384691 0.418225 0.418225 0.418225
1190 3.384691 3.384691 3.384691 0.418225 0.418225 0.418225
1200 3.384691 3.384691 3.384691 0.418225 0.418225 0.418225
1210 3.384691 3.384691 3.384691 0.418225 0.418225 0.418225
1220 3.384691 3.384691 3.384691 0.418225 0.418225 0.418225
1230 3.384691 3.384691 3.384691 0.418225 0.418225 0.418225
1240 3.384691 3.384691 3.384691 0.418225 0.418225 0.418225
1250 3.384691 3.384691 3.384691 0.418225 0.418225 0.418225
1260 3.384691 3.384691 3.384691 0.418225 0.418225 0.418225
1270 3.384691 3.384691 3.384691 0.418225 0.418225 0.418225
1280 3.384691 3.384691 3.384691 0.418225 0.418225 0.418225
1290 3.384691 3.384691 3.384691 0.418225 0.418225 0.418225
1300 3.384691 3.384691 3.384691 0.418225 0.418225 0.418225
1310 3.384691 3.384691 3.384691 0.418225 0.418225 0.418225
1320 3.384691 3.384691 3.384691 0.418225 0.418225 0.418225
1330 3.384691 3.384691 3.384691 0.418225 0.418225 0.418225
1340 3.384691 3.384691 3.384691 0.418225 0.418225 0.418225
1350 3.384691 3.384691 3.384691 0.418225 0.418225 0.418225
1360 3.384691 3.384691 3.384691 0.418225 0.418225 0.418225
1370 3.384691 3.384691 3.384691 0.418225 0.418225 0.418225
1380 3.384691 3.384691 3.384691 0.418225 0.418225 0.418225
1390 3.384691 3.384691 3.384691 0.418225 0.418225 0.418225
1400 3.384691 3.384691 3.384691 0.418225 0.418225 0.418225
1410 3.384691 3.384691 3.384691 0.418225 0.418225 0.418225
1420 3.384691 3.384691 3.384691 0.418225 0.418225 0.418225
1430 3.384691 3.384691 3.384691 0.418225 0.418225 0.418225
1440 3.384691 3.384691 3.384691 0.418225 0.418225 0.418225
1450 3.384691 3.384691 3.384691 0.418225 0.418225 0.418225
1460 3.384691 3.384691 3.384691 0.418225 0.418225 0.418225
1470 3.384691 3.384691 3.384691 0.418225 0.418225 0.418225
1480 3.384691 3.384691 3.384691 0.418225 0.418225 0.418225
1490 3.384691 3.384691 3.384691 0.418225 0.418225 0.418225
1500 3.384691 3.384691 3.384691 0.418225 0.418225 0.418225
1510 3.384691 3.384691 3.384691 0.418225 0.418225 0.418225
1520 3.384691 3.384691 3.384691 0.418225 0.418225 0.418225
1530 3.384691 3.384691 3.384691 0.418225 0.418225 0.418225
1540 3.384691 3.384691 3.384691 0.418225 0.418225 0.418225
1550 3.384691 3.384691 3.384691 0.418225 0.418225 0.418225
1560 3.384691 3.384691 3.384691 0.418225 0.418225 0.418225
1570 3.384691 3.384691 3.384691 0.418225 0.418225 0.418225
1580 3.384691 3.384691 3.384691 0.418225 0.418225 0.418225
1590 3.384691 3.384691 3.384691 0.418225 0.418225 0.418225
1600 3.384691 3.384691 3.384691 0.418225 0.418225 0.418225
1610 3.384691 3.384691 3.384691 0.418225 0.418225 0.418225
1620 3.384691 3.384691 3.384691 0.418225 0.418225 0.418225
1630 3.384691 3.384691 3.384691 0.418225 0.418225 0.418225
1640 3.384691 3.384691 3.384691 0.418225 0.418225 0.418225
1650 3.384691 3.384691 3.384691 0.418225 0.418225 0.418225
1660 3.384691 3.384691 3.384691 0.418225 0.418225 0.418225
1670 3.384691 3.384691 3.384691 0.418225 0.418225 0.418225
1680 3.384691 3.384691 3.384691 0.418225 0.418225 0.418225
1690 3.384691 3.384691 3.384691 0.418225 0.418225 0.418225
1700 3.384691 3.384691 3.384691 0.418225 0.418225 0.418225
1710 3.384691 3.384691 3.384691 0.418225 0.418225 0.418225
1720 3.384691 3.384691 3.384691 0.418225 0.418225 0.418225
1730 3.384691 3.384691 3.384691 0.418225 0.418225 0.418225
1740 3.384691 3.384691 3.384691 0.418225 0.418225 0.418225
1750 3.384691 3.384691 3.384691 0.418225 0.418225 0.418225
1760 3.384691 3.384691 3.384691 0.418225 0.418225 0.418225
1770 3.384691 3.384691 3.384691 0.418225 0.418225 0.418225
1780 3.384691 3.384691 3.384691 0.418225 0.418225 0.418225
1790 3.384691 3.384691 3.384691 0.418225 0.418225 0.418225
1800 3.384691 3.384691 3.384691 0.418225 0.418225 0.418225
1810 3.384691 3.384691 3.384691 0.418225 0.418225 0.418225
1820 3.384691 3.384691 3.384691 0.418225 0.418225 0.418225
1830 3.384691 3.384691 3.384691 0.418225 0.418225 0.418225
1840 3.384691 3.384691 3.384691 0.418225 0.418225 0.418225
1850 3.384691 3.384691 3.384691 0.418225 0.418225 0.418225
1860 3.384691 3.384691 3.384691 0.418225 0.418225 0.418225
1870 3.384691 3.384691 3.384691 0.418225 0.418225 0.418225
1880 3.384691 3.384691 3.384691 0.418225 0.418225 0.418225
1890 3.384691 3.384691 3.384691 0.418225 0.418225 0.418225
1900 3.384691 3.384691 3.384691 0.418225 0.418225 0.418225
1910 3.384691 3.384691 3.384691 0.418225 0.418225 0.418225
1920 3.384691 3.384691 3.384691 0.418225 0.418225 0.418225
1930 3.384691 3.384691 3.384691 0.418225 0.418225 0.418225
1940 3.384691 3.384691 3.384691 0.418225 0.418225 0.418225
1950 3.384691 3.384691 3.384691 0.418225 0.418225 0.418225
1960 3.384691 3.384691 3.384691 0.418225 0.418225 0.418225
1970 3.384691 3.384691 3.384691 0.418225 0.418225 0.418225
1980 3.384691 3.384691 3.384691 0.418225 0.418225 0.418225
1990 3.384691 3.384691 3.384691 0.418225 0.418225 0.418225
2000 3.384691 3.384691 3.384691 0.418225 0.418225 0.418225
2010 3.384691 3.384691 3.384691 0.418225 0.418225 0.418225
2020 3.384691 3.384691 3.384691 0.418225 0.418225 0.418225
2030 3.384691 3.384691 3.384691 0.418225 0.418225 0.418225
2040 3.384691 3.384691 3.384691 0.418225 0.418225 0.418225
2050 3.384691 3.384691 3.384691 0.418225 0.418225 0.418225
2060 3.384691 3.384691 3.384691 0.418225 0.418225 0.418225
2070 3.384691 3.384691 3.384691 0.418225 0.418225 0.418225
2080 3.384691 3.384691 3.384691 0.418225 0.418225 0.418225
2090 3.384691 3.384691 3.384691 0.418225 0.418225 0.418225
2100 3.384691 3.384691 3.384691 0.418225 0.418225 0.418225
2110 3.384691 3.384691 3.384691 0.418225 0.418225 0.418225
2120 3.384691 3.384691 3.384691 0.418225 0.418225 0.418225
2130 3.384691 3.384691 3.384691 0.418225 0.418225 0.418225
2140 3.384691 3.384691 3.384691 0.418225 0.418225 0.418225
2150 3.384691 3.384691 3.384691 0.418225 0.418225 0.418225
2160 3.384691 3.384691 3.384691 0.418225 0.418225 0.418225
2170 3.384691 3.384691 3.384691 0.418225 0.418225 0.418225
2180 3.384691 3.384691 3.384691 0.418225 0.418225 0.418225
2190 3.384691 3.384691 3.384691 0.418225 0.418225 0.418225
2200 3.384691 3.384691 3.384691 0.418225 0.418225 0.418225
2210 3.384691 3.384691 3.384691 0.418225 0.418225 0.418225
2220 3.384691 3.384691 3.384691 0.418225 0.418225 0.418225
2230 3.384691 3.384691 3.384691 0.418225 0.418225 0.418225
2240 3.384691 3.384691 3.384691 0.418225 0.418225 0.418225
2250 3.384691 3.384691 3.384691 0.418225 0.418225 0.418225
2260 3.384691 3.384691 3.384691 0.418225 0.418225 0.418225
2270 3.384691 3.384691 3.384691 0.418225 0.418225 0.418225
2280 3.384691 3.384691 3.384691 0.418225 0.418225 0.418225
2290 3.384691 3.384691 3.384691 0.418225 0.418225 0.418225
2300 3.384691 3.384691 3.384691 0.418225 0.418225 0.418225
2310 3.384691 3.384691 3.384691 0.418225 0.418225 0.418225
2320 3.384691 3.384691 3.384691 0.418225 0.418225 0.418225
2330 3.384691 3.384691 3.384691 0.418225 0.418225 0.418225
2340 3.384691 3.384691 3.384691 0.418225 0.418225 0.418225
2350 3.384691 3.384691 3.384691 0.418225 0.418225 0.418225
2360 3.384691 3.384691 3.384691 0.418225 0.418225 0.418225
2370 3.384691 3.384691 3.384691 0.418225 0.418225 0.418225
2380 3.384691 3.384691 3.384691 0.418225 0.418225 0.418225
2390 3.384691 3.384691 3.384691 0.418225 0.418225 0.418225
2400 3.384691 3.384691 3.384691 0.418225 0.418225 0.418225
2410 3.384691 3.384691 3.384691 0.418225 0.418225 0.418225
2420 3.384691 3.384691 3.384691 0.418225 0.418225 0.418225
2430 3.384691 3.384691 3.384691 0.418225 0.418225 0.418225
2440 3.384691 3.384691 3.384691 0.418225 0.418225 0.418225
2450 3.384691 3.384691 3.384691 0.418225 0.418225 0.418225
2460 3.384691 3.384691 3.384691 0.418225 0.418225 0.418225
2470 3.384691 3.384691 3.384691 0.418225 0.418225 0.418225
2480 3.384691 3.384691 3.384691 0.418225 0.418225 0.418225
2490 3.384691 3.384691 3.384691 0.418225 0.418225 0.418225
2500 3.384691 3.384691 3.384691 0.418225 0.418225 0.418225
2510 3.384691 3.384691 3.384691 0.418225 0.418225 0.418225
2520 3.384691 3.384691 3.384691 0.418225 0.418225 0.418225
2530 3.384691 3.384691 3.384691 0.418225 0.418225 0.418225
2540 3.384691 3.384691 3.384691 0.418225 0.418225 0.418225
2550 3.384691 3.384691 3.384691 0.418225 0.418225 0.418225
2560 3.384691 3.384691 3.384691 0.418225 0.418225 0.418225
2570 3.384691 3.384691 3.384691 0.418225 0.418225 0.418225
2580 3.384691 3.384691 3.384691 0.418225 0.418225 0.418225
2590 3.384691 3.384691 3.384691 0.418225 0.418225 0.418225
2600 3.384691 3.384691 3.384691 0.418225 0.418225 0.418225
2610 3.384691 3.384691 3.384691 0.418225 0.418225 0.418225
2620 3.384691 3.384691 3.384691 0.418225 0.418225 0.418225
2630 3.384691 3.384691 3.384691 0.418225 0.418225 0.418225
2640 3.384691 3.384691 3.384691 0.418225 0.418225 0.418225
2650 3.384691 3.384691 3.384691 0.418225 0.418225 0.418225
2660 3.384691 3.384691 3.384691 0.418225 0.418225 0.418225
2670 3.384691 3.384691 3.384691 0.418225 0.418225 0.418225
2680 3.384691 3.384691 3.384691 0.418225 0.418225 0.418225
2690 3.384691 3.384691 3.384691 0.418225 0.418225 0.418225
2700 3.384691 3.384691 3.384691 0.418225 0.418225 0.418225
2710 3.384691 3.384691 3.384691 0.418225 0.418225 0.418225
2720 3.384691 3.384691 3.384691 0.418225 0.418225 0.418225
2730 3.384691 3.384691 3.384691 0.418225 0.418225 0.418225
2740 3.384691 3.384691 3.384691 0.418225 0.418225 0.418225
2750 3.384691 3.384691 3.384691 0.418225 0.418225 0.418225
2760 3.384691 3.384691 3.384691 0.418225 0.418225 0.418225
2770 3.384691 3.384691 3.384691 0.418225 0.418225 0.418225
2780 3.384691 3.384691 3.384691 0.418225 0.418225 0.418225
2790 3.384691 3.384691 3.384691 0.418225 0.418225 0.418225
2800 3.384691 3.384691 3.384691 0.418225 0.418225 0.418225
2810 3.384691 3.384691 3.384691 0.418225 0.418225 0.418225
2820 3.384691 3.384691 3.384691 0.418225 0.418225 0.418225
2830 3.384691 3.384691 3.384691 0.418225 0.418225 0.418225
2840 3.384691 3.384691 3.384691 0.418225 0.418225 0.418225
2850 3.384691 3.384691 3.384691 0.418225 0.418225 0.418225
2860 3.384691 3.384691 3.384691 0.418225 0.418225 0.418225
2870 3.384691 3.384691 3.384691 0.418225 0.418225 0.418225
2880 3.384691 3.384691 3.384691 0.418225 0.418225 0.418225
2890 3.384691 3.384691 3.384691 0.418225 0.418225 0.418225
2900 3.384691 3.384691 3.384691 0.418225 0.418225 0.418225
2910 3.384691 3.384691 3.384691 0.418225 0.418225 0.418225
2920 3.384691 3.384691 3.384691 0.418225 0.418225 0.418225
2930 3.384691 3.384691 3.384691 0.418225 0.418225 0.418225
2940 3.384691 3.384691 3.384691 0.418225 0.418225 0.418225
2950 3.384691 3.384691 3.384691 0.418225 0.418225 0.418225
2960 3.384691 3.384691 3.384691 0.418225 0.418225 0.418225
2970 3.384691 3.384691 3.384691 0.418225 0.418225 0.418225
2980 3.384691 3.384691 3.384691 0.418225 0.418225 0.418225
2990 3.384691 3.384691 3.384691 0.418225 0.418225 0.418225
3000 3.384691 3.384691 3.384691 0.418225 0.418225 0.418225
3010 3.384691 3.384691 3.384691 0.418225 0.418225 0.418225
3020 3.384691 3.384691 3.384691 0.418225 0.418225 0.418225
3030 3.384691 3.384691 3.384691 0.418225 0.418225 0.418225
3040 3.384691 3.384691 3.384691 0.418225 0.418225 0.418225
3050 3.384691 3.384691 3.384691 0.418225 0.418225 0.418225
3060 3.384691 3.384691 3.384691 0.418225 0.418225 0.418225
3070 3.384691 3.384691 3.384691 0.418225 0.418225 0.418225
3080 3.384691 3.384691 3.384691 0.418225 0.418225 0.418225
3090 3.384691 3.384691 3.384691 0.418225 0.418225 0.418225
3100 3.384691 3.384691 3.384691 0.418225 0.418225 0.418225
3110 3.384691 3.384691 3.384691 0.418225 0.418225 0.418225
3120 3.384691 3.384691 3.384691 0.418225 0.418225 0.418225
3130 3.384691 3.384691 3.384691 0.418225 0.418225 0.418225
3140 3.384691 3.384691 3.384691 0.418225 0.418225 0.418225
3150 3.384691 3.384691 3.384691 0.418225 0.418225 0.418225
3160 3.384691 3.384691 3.384691 0.418225 0.418225 0.418225
3170 3.384691 3.384691 3.384691 0.418225 0.418225 0.418225
3180 3.384691 3.384691 3.384691 0.418225 0.418225 0.418225
3190 3.384691 3.384691 3.384691 0.418225 0.418225 0.418225
3200 3.384691 3.384691 3.384691 0.418225 0.418225 0.418225
3210 3.384691 3.384691 3.384691 0.418225 0.418225 0.418225
3220 3.384691 3.384691 3.384691 0.418225 0.418225 0.418225
3230 3.384691 3.384691 3.384691 0.418225 0.418225 0.418225
3240 3.384691 3.384691 3.384691 0.418225 0.418225 0.418225
3250 3.384691 3.384691 3.384691 0.418225 0.418225 0.418225
3260 3.384691 3.384691 3.384691 0.418225 0.418225 0.418225
3270 3.384691 3.384691 3.384691 0.418225 0.418225 0.418225
3280 3.384691 3.384691 3.384691 0.418225 0.418225 0.418225
3290 3.384691 3.384691 3.384691 0.418225 0.418225 0.418225
3300 3.384691 3.384691 3.384691 0.418225 0.418225 0.418225
3310 3.384691 3.384691 3.384691 0.418225 0.418225 0.418225
3320 3.384691 3.384691 3.384691 0.418225 0.418225 0.418225
3330 3.384691 3.384691 3.384691 0.418225 0.418225 0.418225
3340 3.384691 3.384691 3.384691 0.418225 0.418225 0.418225
3350 3.384691 3.384691 3.384691 0.418225 0.418225 0.418225
3360 3.384691 3.384691 3.384691 0.418225 0.418225 0.418225
3370 3.384691 3.384691 3.384691 0.418225 0.418225 0.418225
3380 3.384691 3.384691 3.384691 0.418225 0.418225 0.418225
3390 3.384691 3.384691 3.384691 0.418225 0.418225 0.418225
3400 3.384691 3.384691 3.384691 0.418225 0.418225 0.418225
3410 3.384691 3.384691 3.384691 0.418225 0.418225 0.418225
3420 3.384691 3.384691 3.384691 0.418225 0.418225 0.418225
3430 3.384691 3.384691 3.384691 0.418225 0.418225 0.418225
3440 3.384691 3.384691 3.384691 0.418225 0.418225 0.418225
3450 3.384691 3.384691 3.384691 0.418225 0.418225 0.418225
3460 3.384691 3.384691 3.384691 0.418225 0.418225 0.418225
3470 3.384691 3.384691 3.384691 0.418225 0.418225 0.418225
3480 3.384691 3.384691 3.384691 0.418225 0.418225 0.418225
3490 3.384691 3.384691 3.384691 0.418225 0.418225 0.418225
3500 3.384691 3.384691 3.384691 0.418225 0.418225 0.418225
3510 3.384691 3.384691 3.384691 0.418225 0.418225 0.418225
3520 3.384691 3.384691 3.384691 0.418225 0.418225 0.418225
3530 3.384691 3.384691 3.384691 0.418225 0.418225 0.418225
3540 3.384691 3.384691 3.384691 0.418225 0.418225 0.418225
3550 3.384691 3.384691 3.384691 0.418225 0.418225 0.418225
3560 3.384691 3.384691 3.384691 0.418225 0.418225 0.418225
3570 3.384691 3.384691 3.384691 0.418225 0.418225 0.418225
3580 3.384691 3.384691 3.384691 0.418225 0.418225 0.418225
3590 3.384691 3.384691 3.384691 0.418225 0.418225 0.418225
3600 3.384691 3.384691 3.384691 0.418225 0.418225 0.418225
3610 3.384691 3.384691 3.384691 0.418225 0.418225 0.418225
3620 3.384691 3.384691 3.384691 0.418225 0.418225 0.418225
3630 3.384691 3.384691 3.384691 0.418225 0.418225 0.418225
3640 3.384691 3.384691 3.384691 0.418225 0.418225 0.418225
3650 3.384691 3.384691 3.384691 0.418225 0.418225 0.418225
3660 3.384691 3.384691 3.384691 0.418225 0.418225 0.418225
3670 3.384691 3.384691 3.384691 0.418225 0.418225 0.418225
3680 3.384691 3.384691 3.384691 0.418225 0.418225 0.418225
3690 3.384691 3.384691 3.384691 0.418225 0.418225 0.418225
3700 3.384691 3.384691 3.384691 0.418225 0.418225 0.418225
3710 3.384691 3.384691 3.384691 0.418225 0.418225 0.418225
3720 3.384691 3.384691 3.384691 0.418225 0.418225 0.418225
3730 3.384691 3.384691 3.384691 0.418225 0.418225 0.418225
3740 3.384691 3.384691 3.384691 0.418225 0.418225 0.418225
3750 3.384691 3.384691 3.384691 0.418225 0.418225 0.418225
3760 3.384691 3.384691 3.384691 0.418225 0.418225 0.418225
3770 3.384691 3.384691 3.384691 0.418225 0.418225 0.418225
3780 3.384691 3.384691 3.384691 0.418225 0.418225 0.418225
3790 3.384691 3.384691 3.384691 0.418225 0.418225 0.418225
3800 3.384691 3.384691 3.384691 0.418225 0.418225 0.418225
3810 3.384691 3.384691 3.384691 0.418225 0.418225 0.418225
3820 3.384691 3.384691 3.384691 0.418225 0.418225 0.418225
3830 3.384691 3.384691 3.384691 0.418225 0.418225 0.418225
3840 3.384691 3.384691 3.384691 0.418225 0.418225 0.418225
3850 3.384691 3.384691 3.384691 0.418225 0.418225 0.418225
3860 3.384691 3.384691 3.384691 0.418225 0.418225 0.418225
3870 3.384691 3.384691 3.384691 0.418225 0.418225 0.418225
3880 3.384691 3.384691 3.384691 0.418225 0.418225 0.418225
3890 3.384691 3.384691 3.384691 0.418225 0.418225 0.418225
3900 3.384691 3.384691 3.384691 0.418225 0.418225 0.418225
3910 3.384691 3.384691 3.384691 0.418225 0.418225 0.418225
3920 3.384691 3.384691 3.384691 0.418225 0.418225 0.418225
3930 3.384691 3.384691 3.384691 0.418225 0.418225 0.418225
3940 3.384691 3.384691 3.384691 0.418225 0.418225 0.418225
3950 3.384691 3.384691 3.384691 0.418225 0.418225 0.418225
3960 3.384691 3.384691 3.384691 0.418225 0.418225 0.418225
3970 3.384691 3.384691 3.384691 0.418225 0.418225 0.418225
3980 3.384691 3.384691 3.384691 0.418225 0.418225 0.418225
3990 3.384691 3.384691 3.384691 0.418225 0.418225 0.418225
4000 3.384691 3.384691 3.384691 0.418225 0.418225 0.418225
4010 3.384691 3.384691 3.384691 0.418225 0.418225 0.418225
4020 3.384691 3.384691 3.384691 0.418225 0.418225 0.418225
4030 3.384691 3.384691 3.384691 0.418225 0.418225 0.418225
4040 3.384691 3.384691 3.384691 0.418225 0.418225 0.418225
4050 3.384691 3.384691 3.384691 0.418225 0.418225 0.418225
4060 3.384691 3.384691 3.384691 0.418225 0.418225 0.418225
4070 3.384691 3.384691 3.384691 0.418225 0.418225 0.418225
4080 3.384691 3.384691 3.384691 0.418225 0.418225 0.418225
4090 3.384691 3.384691 3.384691 0.418225 0.418225 0.418225
4100 3.384691 3.384691 3.384691 0.418225 0.418225 0.418225
4110 3.384691 3.384691 3.384691 0.418225 0.418225 0.418225
4120 3.384691 3.384691 3.384691 0.418225 0.418225 0.418225
4130 3.384691 3.384691 3.384691 0.418225 0.418225 0.418225
4140 3.384691 3.384691 3.384691 0.418225 0.418225 0.418225
4150 3.384691 3.384691 3.384691 0.418225 0.418225 0.418225
4160 3.384691 3.384691 3.384691 0.418225 0.418225 0.418225
4170 3.384691 3.384691 3.384691 0.418225 0.418225 0.418225
4180 3.384691 3.384691 3.384691 0.418225 0.418225 0.418225
4190 3.384691 3.384691 3.384691 0.418225 0.418225 0.418225
4200 3.384691 3.384691 3.384691 0.418225 0.418225 0.418225
4210 3.384691 3.384691 3.384691 0.418225 0.418225 0.418225
4220 3.384691 3.384691 3.384691 0.418225 0.418225 0.418225
4230 3.384691 3.384691 3.384691 0.418225 0.418225 0.418225
4240 3.384691 3.384691 3.384691 0.418225 0.418225 0.418225
4250 3.384691 3.384691 3.384691 0.418225 0.418225 0.418225
4260 3.384691 3.384691 3.384691 0.418225 0.418225 0.418225
4270 3.384691 3.384691 3.384691 0.418225 0.418225 0.418225
4280 3.384691 3.384691 3.384691 0.418225 0.418225 0.418225
4290 3.384691 3.384691 3.384691 0.418225 0.418225 0.418225
4300 3.384691 3.384691 3.384691 0.418225 0.418225 0.418225
4310 3.384691 3.384691 3.384691 0.418225 0.418225 0.418225
4320 3.384691 3.384691 3.384691 0.418225 0.418225 0.418225
4330 3.384691 3.384691 3.384691 0.418225 0.418225 0.418225
4340 3.384691 3.384691 3.384691 0.418225 0.418225 0.418225
4350 3.384691 3.384691 3.384691 0.418225 0.418225 0.418225
4360 3.384691 3.384691 3.384691 0.418225 0.418225 0.418225
4370 3.384691 3.384691 3.384691 0.418225 0.418225 0.418225
4380 3.384691 3.384691 3.384691 0.418225 0.418225 0.418225
4390 3.384691 3.384691 3.384691 0.418225 0.418225 0.418225
4400 3.384691 3.384691 3.384691 0.418225 0.418225 0.418225
4410 3.384691 3.384691 3.384691 0.418225 0.418225 0.418225
4420 3.384691 3.384691 3.384691 0.418225 0.418225 0.418225
4430 3.384691 3.384691 3.384691 0.418225 0.418225 0.418225
4440 3.384691 3.384691 3.384691 0.418225 0.418225 0.418225
4450 3.384691 3.384691 3.384691 0.418225 0.418225 0.418225
4460 3.384691 3.384691 3.384691 0.418225 0.418225 0.418225
4470 3.384691 3.384691 3.384691 0.418225 0.418225 0.418225
4480 3.384691 3.384691 3.384691 0.418225 0.418225 0.418225
4490 3.384691 3.384691 3.384691 0.418225 0.418225 0.418225
4500 3.384691 3.384691 3.384691 0.418225 0.418225 0.418225
4510 3.384691 3.384691 3.384691 0.418225 0.418225 0.418225
4520 3.384691 3.384691 3.384691 0.418225 0.418225 0.418225
4530 3.384691 3.384691 3.384691 0.418225 0.418225 0.418225
4540 3.384691 3.384691 3.384691 0.418225 0.418225 0.418225
4550 3.384691 3.384691 3.384691 0.418225 0.418225 0.418225
4560 3.384691 3.384691 3.384691 0.418225 0.418225 0.418225
4570 3.384691 3.384691 3.384691 0.418225 0.418225 0.418225
4580 3.384691 3.384691 3.384691 0.418225 0.418225 0.418225
4590 3.384691 3.384691 3.384691 0.418225 0.418225 0.418225
4600 3.384691 3.384691 3.384691 0.418225 0.418225 0.418225
4610 3.384691 3.384691 3.384691 0.418225 0.418225 0.418225
4620 3.384691 3.384691 3.384691 0.418225 0.418225 0.418225
4630 3.384691 3.384691 3.384691 0.418225 0.418225 0.418225
4640 3.384691 3.384691 3.384691 0.418225 0.418225 0.418225
4650 3.384691 3.384691 3.384691 0.418225 0.418225 0.418225
4660 3.384691 3.384691 3.384691 0.418225 0.418225 0.418225
4670 3.384691 3.384691 3.384691 0.418225 0.418225 0.418225
4680 3.384691 3.384691 3.384691 0.418225 0.418225 0.418225
4690 3.384691 3.384691 3.384691 0.418225 0.418225 0.418225
4700 3.384691 3.384691 3.384691 0.418225 0.418225 0.418225
4710 3.384691 3.384691 3.384691 0.418225 0.418225 0.418225
4720 3.384691 3.384691 3.384691 0.418225 0.418225 0.418225
4730 3.384691 3.384691 3.384691 0.418225 0.418225 0.418225
4740 3.384691 3.384691 3.384691 0.418225 0.418225 0.418225
4750 3.384691 3.384691 3.384691 0.418225 0.418225 0.418225
4760 3.384691 3.384691 3.384691 0.418225 0.418225 0.418225
4770 3.384691 3.384691 3.384691 0.418225 0.418225 0.418225
4780 3.384691 3.384691 3.384691 0.418225 0.418225 0.418225
4790 3.384691 3.384691 3.384691 0.418225 0.418225 0.418225
4800 3.384691 3.384691 3.384691 0.418225 0.418225 0.418225
4810 3.384691 3.384691 3.384691 0.418225 0.418225 0.418225
4820 3.384691 3.384691 3.384691 0.418225 0.418225 0.418225
4830 3.384691 3.384691 3.384691 0.418225 0.418225 0.418225
4840 3.384691 3.384691 3.384691 0.418225 0.418225 0.418225
4850 3.384691 3.384691 3.384691 0.418225 0.418225 0.418225
4860 3.384691 3.384691 3.384691 0.418225 0.418225 0.418225
4870 3.384691 3.384691 3.384691 0.418225 0.418225 0.418225
4880 3.384691 3.384691 3.384691 0.418225 0.418225 0.418225
4890 3.384691 3.384691 3.384691 0.418225 0.418225 0.418225
4900 3.384691 3.384691 3.384691 0.418225 0.418225 0.418225
4910 3.384691 3.384691 3.384691 0.418225 0.418225 0.418225
4920 3.384691 3.384691 3.384691 0.418225 0.418225 0.418225
4930 3.384691 3.384691 3.384691 0.418225 0.418225 0.418225
4940 3.384691 3.384691 3.384691 0.418225 0.418225 0.418225
4950 3.384691 3.384691 3.384691 0.418225 0.418225 0.418225
4960 3.384691 3.384691 3.384691 0.418225 0.418225 0.418225
4970 3.384691 3.384691 3.384691 0.418225 0.418225 0.418225
4980 3.384691 3.384691 3.384691 0.418225 0.418225 0.418225
4990 3.384691 3.384691 3.384691 0.418225 0.418225 0.418225
5000 3.384691 3.384691 3.384691 0.418225 0.418225 0.418225
5010 3.384691 3.384691 3.384691 0.418225 0.418225 0.418225
5020 3.384691 3.384691 3.384691 0.418225 0.418225 0.418225
5030 3.384691 3.384691 3.384691 0.418225 0.418225 0.418225
5040 3.384691 3.384691 3.384691 0.418225 0.418225 0.418225
5050 3.384691 3.384691 3.384691 0.418225 0.418225 0.418225
5060 3.384691 3.384691 3.384691 0.418225 0.418225 0.418225
5070 3.384691 3.384691 3.384691 0.418225 0.418225 0.418225
5080 3.384691 3.384691 3.384691 0.418225 0.418225 0.418225
5090 3.384691 3.384691 3.384691 0.418225 0.418225 0.418225
5100 3.384691 3.384691 3.384691 0.418225 0.418225 0.418225
5110 3.384691 3.384691 3.384691 0.418225 0.418225 0.418225
5120 3.384691 3.384691 3.384691 0.418225 0.418225 0.418225
5130 3.384691 3.384691 3.384691 0.418225 0.418225 0.418225
5140 3.384691 3.384691 3.384691 0.418225 0.418225 0.418225
5150 3.384691 3.384691 3.384691 0.418225 0.418225 0.418225
5160 3.384691 3.384691 3.384691 0.418225 0.418225 0.418225
5170 3.384691 3.384691 3.384691 0.418225 0.418225 0.418225
5180 3.384691 3.384691 3.384691 0.418225 0.418225 0.418225
5190 3.384691 3.384691 3.384691 0.418225 0.418225 0.418225
5200 3.384691 3.384691 3.384691 0.418225 0.418225 0.418225
5210 3.384691 3.384691 3.384691 0.418225 0.418225 0.418225
5220 3.384691 3.384691 3.384691 0.418225 0.418225 0.418225
5230 3.384691 3.384691 3.384691 0.418225 0.418225 0.418225
5240 3.384691 3.384691 3.384691 0.418225 0.418225 0.418225
5250 3.384691 3.384691 3.384691 0.418225 0.418225 0.418225
5260 3.384691 3.384691 3.384691 0.418225 0.418225 0.418225
5270 3.384691 3.384691 3.384691 0.418225 0.418225 0.418225
5280 3.384691 3.384691 3.384691 0.418225 0.418225 0.418225
5290 3.384691 3.384691 3.384691 0.418225 0.418225 0.418225
5300 3.384691 3.384691 3.384691 0.418225 0.418225 0.418225
5310 3.384691 3.384691 3.384691 0.418225 0.418225 0.418225
5320 3.384691 3.384691 3.384691 0.418225 0.418225 0.418225
5330 3.384691 3.384691 3.384691 0.418225 0.418225 0.418225
5340 3.384691 3.384691 3.384691 0.418225 0.418225 0.418225
5350 3.384691 3.384691 3.384691 0.418225 0.418225 0.418225
5360 3.384691 3.384691 3.384691 0.418225 0.418225 0.418225
5370 3.384691 3.384691 3.384691 0.418225 0.418225 0.418225
5380 3.384691 3.384691 3.384691 0.418225 0.418225 0.418225
5390 3.384691 3.384691 3.384691 0.418225 0.418225 0.418225
5400 3.384691 3.384691 3.384691 0.418225 0.418225 0.418225
5410 3.384691 3.384691 3.384691 0.418225 0.418225 0.418225
5420 3.384691 3.384691 3.384691 0.418225 0.418225 0.418225
5430 3.384691 3.384691 3.384691 0.418225 0.418225 0.418225
5440 3.384691 3.384691 3.384691 0.418225 0.418225 0.418225
5450 3.384691 3.384691 3.384691 0.418225 0.418225 0.418225
5460 3.384691 3.384691 3.384691 0.418225 0.418225 0.418225
5470 3.384691 3.384691 3.384691 0.418225 0.418225 0.418225
5480 3.384691 3.384691 3.384691 0.418225 0.418225 0.418225
5490 3.384691 3.384691 3.384691 0.418225 0.418225 0.418225
5500 3.384691 3.384691 3.384691 0.418225 0.418225 0.418225
5510 3.384691 3.384691 3.384691 0.418225 0.418225 0.418225
5520 3.384691 3.384691 3.384691 0.418225 0.418225 0.418225
5530 3.384691 3.384691 3.384691 0.418225 0.418225 0.418225
5540 3.384691 3.384691 3.384691 0.418225 0.418225 0.418225
5550 3.384691 3.384691 3.384691 0.418225 0.418225 0.418225
5560 3.384691 3.384691 3.384691 0.418225 0.418225 0.418225
5570 3.384691 3.384691 3.384691 0.418225 0.418225 0.418225
5580 3.384691 3.384691 3.384691 0.418225 0.418225 0.418225
5590 3.384691 3.384691 3.384691 0.418225 0.418225 0.418225
5600 3.384691 3.384691 3.384691 0.418225 0.418225 0.418225
5610 3.384691 3.384691 3.384691 0.418225 0.418225 0.418225
5620 3.384691 3.384691 3.384691 0.418225 0.418225 0.418225
5630 3.384691 3.384691 3.384691 0.418225 0.418225 0.418225
5640 3.384691 3.384691 3.384691 0.418225 0.418225 0.418225
5650 3.384691 3.384691 3.384691 0.418225 0.418225 0.418225
5660 3.384691 3.384691 3.384691 0.418225 0.418225 0.418225
5670 3.384691 3.384691 3.384691 0.418225 0.418225 0.418225
5680 3.384691 3.384691 3.384691 0.418225 0.418225 0.418225
5690 3.384691 3.384691 3.384691 0.418225 0.418225 0.418225
5700 3.384691 3.384691 3.384691 0.418225 0.418225 0.418225
5710 3.384691 3.384691 3.384691 0.418225 0.418225 0.418225
5720 3.384691 3.384691 3.384691 0.418225 0.418225 0.418225
5730 3.384691 3.384691 3.384691 0.418225 0.418225 0.418225
5740 3.384691 3.384691 3.384691 0.418225 0.418225 0.418225
5750 3.384691 3.384691 3.384691 0.418225 0.418225 0.418225
5760 3.384691 3.384691 3.384691 0.418225 0.418225 0.418225
5770 3.384691 3.384691 3.384691 0.418225 0.418225 0.418225
5780 3.384691 3.384691 3.384691 0.418225 0.418225 0.418225
5790 3.384691 3.384691 3.384691 0.418225 0.418225 0.418225
5800 3.384691 3.384691 3.384691 0.418225 0.418225 0.418225
5810 3.384691 3.384691 3.384691 0.418225 0.418225 0.418225
5820 3.384691 3.384691 3.384691 0.418225 0.418225 0.418225
5830 3.384691 3.384691 3.384691 0.418225 0.418225 0.418225
5840 3.384691 3.384691 3.384691 0.418225 0.418225 0.418225
5850 3.384691 3.384691 3.384691 0.418225 0.418225 0.418225
5860 3.384691 3.384691 3.384691 0.418225 0.418225 0.418225
5870 3.384691 3.384691 3.384691 0.418225 0.418225 0.418225
5880 3.384691 3.384691 3.384691 0.418225 0.418225 0.418225
5890 3.384691 3.384691 3.384691 0.418225 0.418225 0.418225
5900 3.384691 3.384691 3.384691 0.418225 0.418225 0.418225
5910 3.384691 3.384691 3.384691 0.418225 0.418225 0.418225
5920 3.384691 3.384691 3.384691 0.418225 0.418225 0.418225
5930 3.384691 3.384691 3.384691 0.418225 0.418225 0.418225
5940 3.384691 3.384691 3.384691 0.418225 0.418225 0.418225
5950 3.384691 3.384691 3.384691 0.418225 0.418225 0.418225
5960 3.384691 3.384691 3.384691 0.418225 0.418225 0.418225
5970 3.384691 3.384691 3.384691 0.418225 0.418225 0.418225
5980 3.384691 3.384691 3.384691 0.418225 0.418225 0.418225
5990 3.384691 3.384691 3.384691 0.418225 0.418225 0.418225
6000 3.384691 3.384691 3.384691 0.418225 0.418225 0.418225
6010 3.384691 3.384691 3.384691 0.418225 0.418225 0.418225
6020 3.384691 3.384691 3.384691 0.418225 0.418225 0.418225
6030 3.384691 3.384691 3.384691 0.418225 0.418225 0.418225
6040 3.384691 3.384691 3.384691 0.418225 0.418225 0.418225
6050 3.384691 3.384691 3.384691 0.418225 0.418225 0.418225
6060 3.384691 3.384691 3.384691 0.418225 0.418225 0.418225
6070 3.384691 3.384691 3.384691 0.418225 0.418225 0.418225
6080 3.384691 3.384691 3.384691 0.418225 0.418225 0.418225
6090 3.384691 3.384691 3.384691 0.418225 0.418225 0.418225
6100 3.384691 3.384691 3.384691 0.418225 0.418225 0.418225
6110 3.384691 3.384691 3.384691 0.418225 0.418225 0.418225
6120 3.384691 3.384691 3.384691 0.418225 0.418225 0.418225
6130 3.384691 3.384691 3.384691 0.418225 0.418225 0.418225
6140 3.384691 3.384691 3.384691 0.418225 0.418225 0.418225
6150 3.384691 3.384691 3.384691 0.418225 0.418225 0.418225
6160 3.384691 3.384691 3.384691 0.418225 0.418225 0.418225
6170 3.384691 3.384691 3.384691 0.418225 0.418225 0.418225
6180 3.384691 3.384691 3.384691 0.418225 0.418225 0.418225
6190 3.384691 3.384691 3.384691 0.418225 0.418225 0.418225
6200 3.384691 3.384691 3.384691 0.418225 0.418225 0.418225
6210 3.384691 3.384691 3.384691 0.418225 0.418225 0.418225
6220 3.384691 3.384691 3.384691 0.418225 0.418225 0.418225
6230 3.384691 3.384691 3.384691 0.418225 0.418225 0.418225
6240 3.384691 3.384691 3.384691 0.418225 0.418225 0.418225
6250 3.384691 3.384691 3.384691 0.418225 0.418225 0.418225
6260 3.384691 3.384691 3.384691 0.418225 0.418225 0.418225
6270 3.384691 3.384691 3.384691 0.418225 0.418225 0.418225
6280 3.384691 3.384691 3.384691 0.418225 0.418225 0.418225
6290 3.384691 3.384691 3.384691 0.418225 0.418225 0.418225
6300 3.384691 3.384691 3.384691 0.418225 0.418225 0.418225
6310 3.384691 3.384691 3.384691 0.418225 0.418225 0.418225
6320 3.384691 3.384691 3.384691 0.418225 0.418225 0.418225
6330 3.384691 3.384691 3.384691 0.418225 0.418225 0.418225
6340 3.384691 3.384691 3.384691 0.418225 0.418225 0.418225
6350 3.384691 3.384691 3.384691 0.418225 0.418225 0.418225
6360 3.384691 3.384691 3.384691 0.418225 0.418225 0.418225
6370 3.384691 3.384691 3.384691 0.418225 0.418225 0.418225
6380 3.384691 3.384691 3.384691 0.418225 0.418225 0.418225
6390 3.384691 3.384691 3.384691 0.418225 0.418225 0.418225
6400 3.384691 3.384691 3.384691 0.418225 0.418225 0.418225
6410 3.384691 3.384691 3.384691 0.418225 0.418225 0.418225
6420 3.384691 3.384691 3.384691 0.418225 0.418225 0.418225
6430 3.384691 3.384691 3.384691 0.418225 0.418225 0.418225
6440 3.384691 3.384691 3.384691 0.418225 0.418225 0.418225
6450 3.384691 3.384691 3.384691 0.418225 0.418225 0.418225
6460 3.384691 3.384691 3.384691 0.418225 0.418225 0.418225
6470 3.384691 3.384691 3.384691 0.418225 0.418225 0.418225
6480 3.384691 3.384691 3.384691 0.418225 0.418225 0.418225
6490 3.384691 3.384691 3.384691 0.418225 0.418225 0.418225
6500 3.384691 3.384691 3.384691 0.418225 0.418225 0.418225
6510 3.384691 3.384691 3.384691 0.418225 0.418225 0.418225
6520 3.384691 3.384691 3.384691 0.418225 0.418225 0.418225
6530 3.384691 3.384691 3.384691 0.418225 0.418225 0.418225
6540 3.384691 3.384691 3.384691 0.418225 0.418225 0.418225
6550 3.384691 3.384691 3.384691 0.418225 0.418225 0.418225
6560 3.384691 3.384691 3.384691 0.418225 0.418225 0.418225
6570 3.384691 3.384691 3.384691 0.418225 0.418225 0.418225
6580 3.384691 3.384691 3.384691 0.418225 0.418225 0.418225
6590 3.384691 3.384691 3.384691 0.418225 0.418225 0.418225
6600 3.384691 3.384691 3.384691 0.418225 0.418225 0.418225
6610 3.384691 3.384691 3.384691 0.418225 0.418225 0.418225
6620 3.384691 3.384691 3.384691 0.418225 0.418225 0.418225
6630 3.384691 3.384691 3.384691 0.418225 0.418225 0.418225
6640 3.384691 3.384691 3.384691 0.418225 0.418225 0.418225
6650 3.384691 3.384691 3.384691 0.418225 0.418225 0.418225
6660 3.384691 3.384691 3.384691 0.418225 0.418225 0.418225
6670 3.384691 3.384691 3.384691 0.418225 0.418225 0.418225
6680 3.384691 3.384691 3.384691 0.418225 0.418225 0.418225
6690 3.384691 3.384691 3.384691 0.418225 0.418225 0.418225
6700 3.384691 3.384691 3.384691 0.418225 0.418225 0.418225
6710 3.384691 3.384691 3.384691 0.418225 0.418225 0.418225
6720 3.384691 3.384691 3.384691 0.418225 0.418225 0.418225
6730 3.384691 3.384691 3.384691 0.418225 0.418225 0.418225
6740 3.384691 3.384691 3.384691 0.418225 0.418225 0.418225
6750 3.384691 3.384691 3.384691 0.418225 0.418225 0.418225
6760 3.384691 3.384691 3.384691 0.418225 0.418225 0.418225
6770 3.384691 3.384691 3.384691 0.418225 0.418225 0.418225
6780 3.384691 3.384691 3.384691 0.418225 0.418225 0.418225
6790 3.384691 3.384691 3.384691 0.418225 0.418225 0.418225
6800 3.384691 3.384691 3.384691 0.418225 0.418225 0.418225
6810 3.384691 3.384691 3.384691 0.418225 0.418225 0.418225
6820 3.384691 3.384691 3.384691 0.418225 0.418225 0.418225
6830 3.384691 3.384691 3.384691 0.418225 0.418225 0.418225
6840 3.384691 3.384691 3.384691 0.418225 0.418225 0.418225
6850 3.384691 3.384691 3.384691 0.418225 0.418225 0.418225
6860 3.384691 3.384691 3.384691 0.418225 0.418225 0.418225
6870 3.384691 3.384691 3.384691 0.418225 0.418225 0.418225
6880 3.384691 3.384691 3.384691 0.418225 0.418225 0.418225
6890 3.384691 3.384691 3.384691 0.418225 0.418225 0.418225
6900 3.384691 3.384691 3.384691 0.418225 0.418225 0.418225
6910 3.384691 3.384691 3.384691 0.418225 0.418225 0.418225
6920 3.384691 3.384691 3.384691 0.418225 0.418225 0.418225
6930 3.384691 3.384691 3.384691 0.418225 0.418225 0.418225
6940 3.384691 3.384691 3.384691 0.418225 0.418225 0.418225
6950 3.384691 3.384691 3.384691 0.418225 0.418225 0.418225
6960 3.384691 3.384691 3.384691 0.418225 0.418225 0.418225
6970 3.384691 3.384691 3.384691 0.418225 0.418225 0.418225
6980 3.384691 3.384691 3.384691 0.418225 0.418225 0.418225
6990 3.384691 3.384691 3.384691 0.418225 0.418225 0.418225
7000 3.384691 3.384691 3.384691 0.418225 0.418225 0.418225
7010 3.384691 3.384691 3.384691 0.418225 0.418225 0.418225
7020 3.384691 3.384691 3.384691 0.418225 0.418225 0.418225
7030 3.384691 3.384691 3.384691 0.418225 0.418225 0.418225
7040 3.384691 3.384691 3.384691 0.418225 0.418225 0.418225
7050 3.384691 3.384691 3.384691 0.418225 0.418225 0.418225
7060 3.384691 3.384691 3.384691 0.418225 0.418225 0.418225
7070 3.384691 3.384691 3.384691 0.418225 0.418225 0.418225
7080 3.384691 3.384691 3.384691 0.418225 0.418225 0.418225
7090 3.384691 3.384691 3.384691 0.418225 0.418225 0.418225
7100 3.384691 3.384691 3.384691 0.418225 0.418225 0.418225
7110 3.384691 3.384691 3.384691 0.418225 0.418225 0.418225
7120 3.384691 3.384691 3.384691 0.418225 0.418225 0.418225
7130 3.384691 3.384691 3.384691 0.418225 0.418225 0.418225
7140 3.384691 3.384691 3.384691 0.418225 0.418225 0.418225
7150 3.384691 3.384691 3.384691 0.418225 0.418225 0.418225
7160 3.384691 3.384691 3.384691 0.418225 0.418225 0.418225
7170 3.384691 3.384691 3.384691 0.418225 0.418225 0.418225
7180 3.384691 3.384691 3.384691 0.418225 0.418225 0.418225
7190 3.384691 3.384691 3.384691 0.418225 0.418225 0.418225
7200 3.384691 3.384691 3.384691 0.418225 0.418225 0.418225
7210 3.384691 3.384691 3.384691 0.418225 0.418225 0.418225
7220 3.384691 3.384691 3.384691 0.418225 0.418225 0.418225
7230 3.384691 3.384691 3.384691 0.418225 0.418225 0.418225
7240 3.384691 3.384691 3.384691 0.418225 0.418225 0.418225
7250 3.384691 3.384691 3.384691 0.418225 0.418225 0.418225
7260 3.384691 3.384691 3.384691 0.418225 0.418225 0.418225
7270 3.384691 3.384691 3.384691 0.418225 0.418225 0.418225
7280 3.384691 3.384691 3.384691 0.418225 0.418225 0.418225
7290 3.384691 3.384691 3.384691 0.418225 0.418225 0.418225
7300 3.384691 3.384691 3.384691 0.418225 0.418225 0.418225
7310 3.384691 3.384691 3.384691 0.418225 0.418225 0.418225
7320 3.384691 3.384691 3.384691 0.418225 0.418225 0.418225
7330 3.384691 3.384691 3.384691 0.418225 0.418225 0.418225
7340 3.384691 3.384691 3.384691 0.418225 0.418225 0.418225
7350 3.384691 3.384691 3.384691 0.418225 0.418225 0.418225
7360 3.384691 3.384691 3.384691 0.418225 0.418225 0.418225
7370 3.384691 3.384691 3.384691 0.418225 0.418225 0.418225
7380 3.384691 3.384691 3.384691 0.418225 0.418225 0.418225
7390 3.384691 3.384691 3.384691 0.418225 0.418225 0.418225
7400 3.384691 3.384691 3.384691 0.418225 0.418225 0.418225
7410 3.384691 3.384691 3.384691 0.418225 0.418225 0.418225
7420 3.384691 3.384691 3.384691 0.418225 0.418225 0.418225
7430 3.384691 3.384691 3.384691 0.418225 0.418225 0.418225
7440 3.384691 3.384691 3.384691 0.418225 0.418225 0.418225
7450 3.384691 3.384691 3.384691 0.418225 0.418225 0.418225
7460 3.384691 3.384691 3.384691 0.418225 0.418225 0.418225
7470 3.384691 3.384691 3.384691 0.418225 0.418225 0.418225
7480 3.384691 3.384691 3.384691 0.418225 0.418225 0.418225
7490 3.384691 3.384691 3.384691 0.418225 0.418225 0.418225
7500 3.384691 3.384691 3.384691 0.418225 0.418225 0.418225
7510 3.384691 3.384691 3.384691 0.418225 0.418225 0.418225
7520 3.384691 3.384691 3.384691 0.418225 0.418225 0.418225
7530 3.384691 3.384691 3.384691 0.418225 0.418225 0.418225
7540 3.384691 3.384691 3.384691 0.418225 0.418225 0.418225
7550 3.384691 3.384691 3.384691 0.418225 0.418225 0.418225
7560 3.384691 3.384691 3.384691 0.418225 0.418225 0.418225
7570 3.384691 3.384691 3.384691 0.418225 0.418225 0.418225
7580 3.384691 3.384691 3.384691 0.418225 0.418225 0.418225
7590 3.384691 3.384691 3.384691 0.418225 0.418225 0.418225
7600 3.384691 3.384691 3.384691 0.418225 0.418225 0.418225
7610 3.384691 3.384691 3.384691 0.418225 0.418225 0.418225
7620 3.384691 3.384691 3.384691 0.418225 0.418225 0.418225
7630 3.384691 3.384691 3.384691 0.418225 0.418225 0.418225
7640 3.384691 3.384691 3.384691 0.418225 0.418225 0.418225
7650 3.384691 3.384691 3.384691 0.418225 0.418225 0.418225
7660 3.384691 3.384691 3.384691 0.418225 0.418225 0.418225
7670 3.384691 3.384691 3.384691 0.418225 0.418225 0.418225
7680 3.384691 3.384691 3.384691 0.418225 0.418225 0.418225
7690 3.384691 3.384691 3.384691 0.418225 0.418225 0.418225
7700 3.384691 3.384691 3.384691 0.418225 0.418225 0.418225
7710 3.384691 3.384691 3.384691 0.418225 0.418225 0.418225
7720 3.384691 3.384691 3.384691 0.418225 0.418225 0.418225
7730 3.384691 3.384691 3.384691 0.418225 0.418225 0.418225
7740 3.384691 3.384691 3.384691 0.418225 0.418225 0.418225
7750 3.384691 3.384691 3.384691 0.418225 0.418225 0.418225
7760 3.384691 3.384691 3.384691 0.418225 0.418225 0.418225
7770 3.384691 3.384691 3.384691 0.418225 0.418225 0.418225
7780 3.384691 3.384691 3.384691 0.418225 0.418225 0.418225
7790 3.384691 3.384691 3.384691 0.418225 0.418225 0.418225
7800 3.384691 3.384691 3.384691 0.418225 0.418225 0.418225
7810 3.384691 3.384691 3.384691 0.418225 0.418225 0.418225
7820 3.384691 3.384691 3.384691 0.418225 0.418225 0.418225
7830 3.384691 3.384691 3.384691 0.418225 0.418225 0.418225
7840 3.384691 3.384691 3.384691 0.418225 0.418225 0.418225
7850 3.384691 3.384691 3.384691 0.418225 0.418225 0.418225
7860 3.384691 3.384691 3.384691 0.418225 0.418225 0.418225
7870 3.384691 3.384691 3.384691 0.418225 0.418225 0.418225
7880 3.384691 3.384691 3.384691 0.418225 0.418225 0.418225
7890 3.384691 3.384691 3.384691 0.418225 0.418225 0.418225
7900 3.384691 3.384691 3.384691 0.418225 0.418225 0.418225
7910 3.384691 3.384691 3.384691 0.418225 0.418225 0.418225
7920 3.384691 3.384691 3.384691 0.418225 0.418225 0.418225
7930 3.384691 3.384691 3.384691 0.418225 0.418225 0.418225
7940 3.384691 3.384691 3.384691 0.418225 0.418225 0.418225
7950 3.384691 3.384691 3.384691 0.418225 0.418225 0.418225
7960 3.384691 3.384691 3.384691 0.418225 0.418225 0.418225
7970 3.384691 3.384691 3.384691 0.418225 0.418225 0.418225
7980 3.384691 3.384691 3.384691 0.418225 0.418225 0.418225
7990 3.384691 3.384691 3.384691 0.418225 0.418225 0.418225
8000 3.384691 3.384691 3.384691 0.418225 0.418225 0.418225
8010 3.384691 3.384691 3.384691 0.418225 0.418225 0.418225
8020 3.384691 3.384691 3.384691 0.418225 0.418225 0.418225
8030 3.384691 3.384691 3.384691 0.418225 0.418225 0.418225
8040 3.384691 3.384691 3.384691 0.418225 0.418225 0.418225
8050 3.384691 3.384691 3.384691 0.418225 0.418225 0.418225
8060 3.384691 3.384691 3.384691 0.418225 0.418225 0.418225
8070 3.384691 3.384691 3.384691 0.418225 0.418225 0.418225
8080 3.384691 3.384691 3.384691 0.418225 0.418225 0.418225
8090 3.384691 3.384691 3.384691 0.418225 0.418225 0.418225
8100 3.384691 3.384691 3.384691 0.418225 0.418225 0.418225
8110 3.384691 3.384691 3.384691 0.418225 0.418225 0.418225
8120 3.384691 3.384691 3.384691 0.418225 0.418225 0.418225
8130 3.384691 3.384691 3.384691 0.418225 0.418225 0.418225
8140 3.384691 3.384691 3.384691 0.418225 0.418225 0.418225
8150 3.384691 3.384691 3.384691 0.418225 0.418225 0.418225
8160 3.384691 3.384691 3.384691 0.418225 0.418225 0.418225
8170 3.384691 3.384691 3.384691 0.418225 0.418225 0.418225
8180 3.384691 3.384691 3.384691 0.418225 0.418225 0.418225
8190 3.384691 3.384691 3.384691 0.418225 0.418225 0.418225
8200 3.384691 3.384691 3.384691 0.418225 0.418225 0.418225
8210 3.384691 3.384691 3.384691 0.418225 0.418225 0.418225
8220 3.384691 3.384691 3.384691 0.418225 0.418225 0.418225
8230 3.384691 3.384691 3.384691 0.418225 0.418225 0.418225
8240 3.384691 3.384691 3.384691 0.418225 0.418225 0.418225
8250 3.384691 3.384691 3.384691 0.418225 0.418225 0.418225
8260 3.384691 3.384691 3.384691 0.418225 0.418225 0.418225
8270 3.384691 3.384691 3.384691 0.418225 0.418225 0.418225
8280 3.384691 3.384691 3.384691 0.418225 0.418225 0.418225
8290 3.384691 3.384691 3.384691 0.418225 0.418225 0.418225
8300 3.384691 3.384691 3.384691 0.418225 0.418225 0.418225
8310 3.384691 3.384691 3.384691 0.418225 0.418225 0.418225
8320 3.384691 3.384691 3.384691 0.418225 0.418225 0.418225
8330 3.384691 3.384691 3.384691 0.418225 0.418225 0.418225
8340 3.384691 3.384691 3.384691 0.418225 0.418225 0.418225
8350 3.384691 3.384691 3.384691 0.418225 0.418225 0.418225
8360 3.384691 3.384691 3.384691 0.418225 0.418225 0.418225
8370 3.384691 3.384691 3.384691 0.418225 0.418225 0.418225
8380 3.384691 3.384691 3.384691 0.418225 0.418225 0.418225
8390 3.384691 3.384691 3.384691 0.418225 0.418225 0.418225
8400 3.384691 3.384691 3.384691 0.418225 0.418225 0.418225
8410 3.384691 3.384691 3.384691 0.418225 0.418225 0.418225
8420 3.384691 3.384691 3.384691 0.418225 0.418225 0.418225
8430 3.384691 3.384691 3.384691 0.418225 0.418225 0.418225
8440 3.384691 3.384691 3.384691 0.418225 0.418225 0.418225
8450 3.384691 3.384691 3.384691 0.418225 0.418225 0.418225
8460 3.384691 3.384691 3.384691 0.418225 0.418225 0.418225
8470 3.384691 3.384691 3.384691 0.418225 0.418225 0.418225
8480 3.384691 3.384691 3.384691 0.418225 0.418225 0.418225
8490 3.384691 3.384691 3.384691 0.418225 0.418225 0.418225
8500 3.384691 3.384691 3.384691 0.418225 0.418225 0.418225
8510 3.384691 3.384691 3.384691 0.418225 0.418225 0.418225
8520 3.384691 3.384691 3.384691 0.418225 0.418225 0.418225
8530 3.384691 3.384691 3.384691 0.418225 0.418225 0.418225
8540 3.384691 3.384691 3.384691 0.418225 0.418225 0.418225
8550 3.384691 3.384691 3.384691 0.418225 0.418225 0.418225
8560 3.384691 3.384691 3.384691 0.418225 0.418225 0.418225
8570 3.384691 3.384691 3.384691 0.418225 0.418225 0.418225
8580 3.384691 3.384691 3.384691 0.418225 0.418225 0.418225
8590 3.384691 3.384691 3.384691 0.418225 0.418225 0.418225
8600 3.384691 3.384691 3.384691 0.418225 0.418225 0.418225
8610 3.384691 3.384691 3.384691 0.418225 0.418225 0.418225
8620 3.384691 3.384691 3.384691 0.418225 0.418225 0.418225
8630 3.384691 3.384691 3.384691 0.418225 0.418225 0.418225
8640 3.384691 3.384691 3.384691 0.418225 0.418225 0.418225
8650 3.384691 3.384691 3.384691 0.418225 0.418225 0.418225
8660 3.384691 3.384691 3.384691 0.418225 0.418225 0.418225
8670 3.384691 3.384691 3.384691 0.418225 0.418225 0.418225
8680 3.384691 3.384691 3.384691 0.418225 0.418225 0.418225
8690 3.384691 3.384691 3.384691 0.418225 0.418225 0.418225
8700 3.384691 3.384691 3.384691 0.418225 0.418225 0.418225
8710 3.384691 3.384691 3.384691 0.418225 0.418225 0.418225
8720 3.384691 3.384691 3.384691 0.418225 0.418225 0.418225
8730 3.384691 3.384691 3.384691 0.418225 0.418225 0.418225
8740 3.384691 3.384691 3.384691 0.418225 0.418225 0.418225
8750 3.384691 3.384691 3.384691 0.418225 0.418225 0.418225
8760 3.384691 3.384691 3.384691 0.418225 0.418225 0.418225
8770 3.384691 3.384691 3.384691 0.418225 0.418225 0.418225
8780 3.384691 3.384691 3.384691 0.418225 0.418225 0.418225
8790 3.384691 3.384691 3.384691 0.418225 0.418225 0.418225
8800 3.384691 3.384691 3.384691 0.418225 0.418225 0.418225
8810 3.384691 3.384691 3.384691 0.418225 0.418225 0.418225
8820 3.384691 3.384691 3.384691 0.418225 0.418225 0.418225
8830 3.384691 3.384691 3.384691 0.418225 0.418225 0.418225
8840 3.384691 3.384691 3.384691 0.418225 0.418225 0.418225
8850 3.384691 3.384691 3.384691 0.418225 0.418225 0.418225
8860 3.384691 3.384691 3.384691 0.418225 0.418225 0.418225
8870 3.384691 3.384691 3.384691 0.418225 0.418225 0.418225
8880 3.384691 3.384691 3.384691 0.418225 0.418225 0.418225
8890 3.384691 3.384691 3.384691 0.418225 0.418225 0.418225
8900 3.384691 3.384691 3.384691 0.418225 0.418225 0.418225
8910 3.384691 3.384691 3.384691 0.418225 0.418225 0.418225
8920 3.384691 3.384691 3.384691 0.418225 0.418225 0.418225
8930 3.384691 3.384691 3.384691 0.418225 0.418225 0.418225
8940 3.384691 3.384691 3.384691 0.418225 0.418225 0.418225
8950 3.384691 3.384691 3.384691 0.418225 0.418225 0.418225
8960 3.384691 3.384691 3.384691 0.418225 0.418225 0.418225
8970 3.384691 3.384691 3.384691 0.418225 0.418225 0.418225
8980 3.384691 3.384691 3.384691 0.418225 0.418225 0.418225
8990 3.384691 3.384691 3.384691 0.418225 0.418225 0.418225
9000 3.384691 3.384691 3.384691 0.418225 0.418225 0.418225
9010 3.384691 3.384691 3.384691 0.418225 0.418225 0.418225
9020 3.384691 3.384691 3.384691 0.418225 0.418225 0.418225
9030 3.384691 3.384691 3.384691 0.418225 0.418225 0.418225
9040 3.384691 3.384691 3.384691 0.418225 0.418225 0.418225
9050 3.384691 3.384691 3.384691 0.418225 0.418225 0.418225
9060 3.384691 3.384691 3.384691 0.418225 0.418225 0.418225
9070 3.384691 3.384691 3.384691 0.418225 0.418225 0.418225
9080 3.384691 3.384691 3.384691 0.418225 0.418225 0.418225
9090 3.384691 3.384691 3.384691 0.418225 0.418225 0.418225
9100 3.384691 3.384691 3.384691 0.418225 0.418225 0.418225
9110 3.384691 3.384691 3.384691 0.418225 0.418225 0.418225
9120 3.384691 3.384691 3.384691 0.418225 0.418225 0.418225
9130 3.384691 3.384691 3.384691 0.418225 0.418225 0.418225
9140 3.384691 3.384691 3.384691 0.418225 0.418225 0.418225
9150 3.384691 3.384691 3.384691 0.418225 0.418225 0.418225
9160 3.384691 3.384691 3.384691 0.418225 0.418225 0.418225
9170 3.384691 3.384691 3.384691 0.418225 0.418225 0.418225
9180 3.384691 3.384691 3.384691 0.418225 0.418225 0.418225
9190 3.384691 3.384691 3.384691 0.418225 0.418225 0.418225
9200 3.384691 3.384691 3.384691 0.418225 0.418225 0.418225
9210 3.384691 3.384691 3.384691 0.418225 0.418225 0.418225
9220 3.384691 3.384691 3.384691 0.418225 0.418225 0.418225
9230 3.384691 3.384691 3.384691 0.418225 0.418225 0.418225
9240 3.384691 3.384691 3.384691 0.418225 0.418225 0.418225
9250 3.384691 3.384691 3.384691 0.418225 0.418225 0.418225
9260 3.384691 3.384691 3.384691 0.418225 0.418225 0.418225
9270 3.384691 3.384691 3.384691 0.418225 0.418225 0.418225
9280 3.384691 3.384691 3.384691 0.418225 0.418225 0.418225
9290 3.384691 3.384691 3.384691 0.418225 0.418225 0.418225
9300 3.384691 3.384691 3.384691 0.418225 0.418225 0.418225
9310 3.384691 3.384691 3.384691 0.418225 0.418225 0.418225
9320 3.384691 3.384691 3.384691 0.418225 0.418225 0.418225
9330 3.384691 3.384691 3.384691 0.418225 0.418225 0.418225
9340 3.384691 3.384691 3.384691 0.418225 0.418225 0.418225
9350 3.384691 3.384691 3.384691 0.418225 0.418225 0.418225
9360 3.384691 3.384691 3.384691 0.418225 0.418225 0.418225
9370 3.384691 3.384691 3.384691 0.418225 0.418225 0.418225
9380 3.384691 3.384691 3.384691 0.418225 0.418225 0.418225
9390 3.384691 3.384691 3.384691 0.418225 0.418225 0.418225
9400 3.384691 3.384691 3.384691 0.418225 0.418225 0.418225
9410 3.384691 3.384691 3.384691 0.418225 0.418225 0.418225
9420 3.384691 3.384691 3.384691 0.418225 0.418225 0.418225
9430 3.384691 3.384691 3.384691 0.418225 0.418225 0.418225
9440 3.384691 3.384691 3.384691 0.418225 0.418225 0.418225
9450 3.384691 3.384691 3.384691 0.418225 0.418225 0.418225
9460 3.384691 3.384691 3.384691 0.418225 0.418225 0.418225
9470 3.384691 3.384691 3.384691 0.418225 0.418225 0.418225
9480 3.384691 3.384691 3.384691 0.418225 0.418225 0.418225
9490 3.384691 3.384691 3.384691 0.418225 0.418225 0.418225
9500 3.384691 3.384691 3.384691 0.418225 0.418225 0.418225
9510 3.384691 3.384691 3.384691 0.418225 0.418225 0.418225
9520 3.384691 3.384691 3.384691 0.418225 0.418225 0.418225
9530 3.384691 3.384691 3.384691 0.418225 0.418225 0.418225
9540 3.384691 3.384691 3.384691 0.418225 0.418225 0.418225
9550 3.384691 3.384691 3.384691 0.418225 0.418225 0.418225
9560 3.384691 3.384691 3.384691 0.418225 0.418225 0.418225
9570 3.384691 3.384691 3.384691 0.418225 0.418225 0.418225
9580 3.384691 3.384691 3.384691 0.418225 0.418225 0.418225
9590 3.384691 3.384691 3.384691 0.418225 0.418225 0.418225
9600 3.384691 3.384691 3.384691 0.418225 0.418225 0.418225
9610 3.384691 3.384691 3.384691 0.418225 0.418225 0.418225
9620 3.384691 3.384691 3.384691 0.418225 0.418225 0.418225
9630 3.384691 3.384691 3.384691 0.418225 0.418225 0.418225
9640 3.384691 3.384691 3.384691 0.418225 0.418225 0.418225
9650 3.384691 3.384691 3.384691 0.418225 0.418225 0.418225
9660 3.384691 3.384691 3.384691 0.418225 0.418225 0.418225
9670 3.384691 3.384691 3.384691 0.418225 0.418225 0.418225
9680 3.384691 3.384691 3.384691 0.418225 0.418225 0.418225
9690 3.384691 3.384691 3.384691 0.418225 0.418225 0.418225
9700 3.384691 3.384691 3.384691 0.418225 0.418225 0.418225
9710 3.384691 3.384691 3.384691 0.418225 0.418225 0.418225
9720 3.384691 3.384691 3.384691 0.418225 0.418225 0.418225
9730 3.384691 3.384691 3.384691 0.418225 0.418225 0.418225
9740 3.384691 3.384691 3.384691 0.418225 0.418225 0.418225
9750 3.384691 3.384691 3.384691 0.418225 0.418225 0.418225
9760 3.384691 3.384691 3.384691 0.418225 0.418225 0.418225
9770 3.384691 3.384691 3.384691 0.418225 0.418225 0.418225
9780 3.384691 3.384691 3.384691 0.418225 0.418225 0.418225
9790 3.384691 3.384691 3.384691 0.418225 0.418225 0.418225
9800 3.384691 3.384691 3.384691 0.418225 0.418225 0.418225
9810 3.384691 3.384691 3.384691 0.418225 0.418225 0.418225
9820 3.384691 3.384691 3.384691 0.418225 0.418225 0.418225
9830 3.384691 3.384691 3.384691 0.418225 0.418225 0.418225
9840 3.384691 3.384691 3.384691 0.418225 0.418225 0.418225
9850 3.384691 3.384691 3.384691 0.418225 0.418225 0.418225
9860 3.384691 3.384691 3.384691 0.418225 0.418225 0.418225
9870 3.384691 3.384691 3.384691 0.418225 0.418225 0.418225
9880 3.384691 3.384691 3.384691 0.418225 0.418225 0.418225
9890 3.384691 3.384691 3.384691 0.418225 0.418225 0.418225
9900 3.384691 3.384691 3.384691 0.418225 0.418225 0.418225
9910 3.384691 3.384691 3.384691 0.418225 0.418225 0.418225
9920 3.384691 3.384691 3.384691 0.418225 0.418225 0.418225
9930 3.384691 3.384691 3.384691 0.418225 0.418225 0.418225
9940 3.384691 3.384691 3.384691 0.418225 0.418225 0.418225
9950 3.384691 3.384691 3.384691 0.418225 0.418225 0.418225
9960 3.384691 3.384691 3.384691 0.418225 0.418225 0.418225
9970 3.384691 3.384691 3.384691 0.418225 0.418225 0.418225
9980 3.384691 3.384691 3.384691 0.418225 0.418225 0.418225
9990 3.384691 3.384691 3.384691 0.418225 0.418225 0.418225
10000 3.405834 3.405834 3.405834 0.425794 0.425794 0.425794
