# generation power_min power_avg power_max util_min util_avg util_max
1 16.627366 16.418034 16.627366 0.974442 1.271575 1.496292
10 16.627366 16.244519 16.627366 0.944524 1.241792 1.429895
20 16.627366 16.244519 16.627366 0.944524 1.220262 1.429895
30 16.627366 16.015911 16.627366 0.944524 1.203239 1.429895
40 16.769840 16.015911 16.769840 0.944524 1.179223 1.365385
50 16.769840 15.729382 16.769840 0.944524 1.152819 1.339140
60 16.769840 15.729382 16.769840 0.944524 1.132320 1.319056
70 16.769840 15.735607 16.769840 0.944524 1.109085 1.319056
80 16.783017 15.789054 16.783017 0.926318 1.087597 1.319056
90 16.783017 15.706627 16.783017 0.926318 1.069292 1.319056
100 16.783017 15.615870 16.783017 0.926318 1.048834 1.217851
110 16.783017 15.595266 16.783017 0.926318 1.034607 1.154898
120 16.783017 15.529839 16.783017 0.926318 1.023043 1.146890
130 16.783017 15.457932 16.783017 0.913857 1.011426 1.146405
140 16.783017 15.407942 16.783017 0.913857 1.005157 1.080351
150 16.418034 15.304288 16.418034 0.913857 1.000189 1.053110
160 16.195352 15.223235 16.195352 0.913857 0.998981 1.053110
170 15.902397 15.140970 15.902397 0.913857 0.997896 1.042878
180 15.845044 15.036161 15.845044 0.913857 0.996795 1.042878
190 15.436003 14.954983 15.436003 0.913857 0.995011 1.040341
200 15.310605 14.898075 15.310605 0.949341 0.995356 1.033525
210 13.960851 14.833662 15.240442 0.949341 0.994954 1.033525
220 13.960851 14.785258 15.121435 0.944981 0.994523 1.033525
230 13.960851 14.729585 14.999698 0.944981 0.996045 1.033525
240 13.960851 14.688082 14.941069 0.944981 0.995579 1.033525
250 13.960851 14.647097 14.903785 0.944981 0.994545 1.026257
260 14.832718 14.582810 14.832718 0.944981 0.994997 1.026257
270 14.766420 14.513155 14.766420 0.944981 0.995217 1.026257
280 14.731728 14.451138 14.731728 0.944981 0.995191 1.026257
290 14.688403 14.370712 14.688403 0.944981 0.994697 1.026257
300 13.610548 14.322147 14.630828 0.944981 0.993959 1.026257
310 13.610548 14.267804 14.588178 0.940360 0.993027 1.026257
320 13.610548 14.208510 14.554831 0.940360 0.991623 1.022733
330 13.610548 14.124457 14.495592 0.940360 0.991755 1.022733
340 14.449227 14.033081 14.449227 0.940360 0.991828 1.022733
350 14.415353 13.975654 14.415353 0.940360 0.989863 1.022733
360 14.380313 13.930758 14.380313 0.940360 0.987565 1.022104
370 14.292145 13.866501 14.292145 0.940360 0.986639 1.011135
380 14.261318 13.799643 14.261318 0.940360 0.986772 1.011135
390 14.116504 13.761212 14.116504 0.940360 0.986327 1.011135
400 13.364100 13.708137 14.045659 0.940360 0.986294 1.011135
410 13.318522 13.662753 13.977273 0.940360 0.986666 1.011135
420 13.318522 13.613630 13.925684 0.940360 0.986936 1.011135
430 13.318522 13.575545 13.875098 0.953003 0.987474 1.009398
440 13.683948 13.547845 13.683948 0.967897 0.988789 1.009398
450 13.656010 13.524891 13.656010 0.967897 0.988484 1.009398
460 13.250984 13.495012 13.620421 0.967897 0.989305 1.009398
470 13.611974 13.476242 13.611974 0.967897 0.991311 1.009398
480 13.580385 13.458044 13.580385 0.967897 0.991672 1.009398
490 13.567705 13.435122 13.567705 0.967897 0.991325 1.003198
500 13.180502 13.410787 13.554431 0.967897 0.993400 1.003198
510 13.132134 13.393223 13.524682 0.967897 0.993802 1.003405
520 13.132134 13.370239 13.494792 0.981944 0.994948 1.004520
530 13.132134 13.338981 13.463234 0.981944 0.995610 1.004520
540 13.132134 13.307936 13.440216 0.982725 0.996382 1.004520
550 13.132134 13.282285 13.405057 0.982725 0.996933 1.004520
560 13.132134 13.252743 13.400302 0.987723 0.997425 1.004520
570 13.080825 13.223782 13.364100 0.987723 0.997514 1.003405
580 13.080825 13.194897 13.326878 0.992924 0.997852 1.003405
590 13.080825 13.177694 13.263464 0.992924 0.997687 1.003405
600 13.080825 13.160957 13.250984 0.992924 0.997861 1.003405
610 13.080825 13.154548 13.207669 0.992924 0.997601 1.003405
620 13.080825 13.152360 13.207669 0.992924 0.997169 1.003405
630 13.080825 13.149633 13.180502 0.992924 0.996674 1.003405
640 13.080825 13.144905 13.180502 0.992924 0.996200 0.996938
650 13.080825 13.138529 13.180502 0.992924 0.996228 0.996938
660 13.080825 13.132666 13.180502 0.992924 0.996249 0.996938
670 13.080825 13.124751 13.180502 0.992924 0.996301 0.996938
680 13.080825 13.117768 13.132134 0.996158 0.996376 0.996938
690 13.080825 13.115202 13.132134 0.996158 0.996415 0.996938
700 13.080825 13.110584 13.132134 0.996158 0.996486 0.996938
710 13.080825 13.105967 13.132134 0.996158 0.996556 0.996938
720 13.080825 13.100836 13.132134 0.996158 0.996634 0.996938
730 13.080825 13.095705 13.132134 0.996158 0.996712 0.996938
740 13.080825 13.090574 13.132134 0.996158 0.996790 0.996938
750 13.080825 13.085443 13.132134 0.996158 0.996868 0.996938
760 13.080825 13.080825 13.080825 0.996938 0.996938 0.996938
770 13.080825 13.080825 13.080825 0.996938 0.996938 0.996938
780 13.080825 13.080825 13.080825 0.996938 0.996938 0.996938
790 13.080825 13.080825 13.080825 0.996938 0.996938 0.996938
800 13.080825 13.080825 13.080825 0.996938 0.996938 0.996938
810 13.080825 13.080825 13.080825 0.996938 0.996938 0.996938
820 13.080825 13.080825 13.080825 0.996938 0.996938 0.996938
830 13.080825 13.080825 13.080825 0.996938 0.996938 0.996938
840 13.080825 13.080825 13.080825 0.996938 0.996938 0.996938
850 13.080825 13.080825 13.080825 0.996938 0.996938 0.996938
860 13.080825 13.080825 13.080825 0.996938 0.996938 0.996938
870 13.080825 13.080825 13.080825 0.996938 0.996938 0.996938
880 13.080825 13.080825 13.080825 0.996938 0.996938 0.996938
890 13.080825 13.080825 13.080825 0.996938 0.996938 0.996938
900 13.080825 13.080825 13.080825 0.996938 0.996938 0.996938
910 13.080825 13.080825 13.080825 0.996938 0.996938 0.996938
920 13.080825 13.080825 13.080825 0.996938 0.996938 0.996938
930 13.080825 13.080825 13.080825 0.996938 0.996938 0.996938
940 13.080825 13.080825 13.080825 0.996938 0.996938 0.996938
950 13.080825 13.080825 13.080825 0.996938 0.996938 0.996938
960 13.080825 13.080825 13.080825 0.996938 0.996938 0.996938
970 13.080825 13.080825 13.080825 0.996938 0.996938 0.996938
980 13.080825 13.080825 13.080825 0.996938 0.996938 0.996938
990 13.080825 13.080825 13.080825 0.996938 0.996938 0.996938
1000 13.080825 13.080825 13.080825 0.996938 0.996938 0.996938
1010 13.080825 13.080825 13.080825 0.996938 0.996938 0.996938
1020 13.080825 13.080825 13.080825 0.996938 0.996938 0.996938
1030 13.080825 13.080825 13.080825 0.996938 0.996938 0.996938
1040 13.080825 13.080825 13.080825 0.996938 0.996938 0.996938
1050 13.080825 13.080825 13.080825 0.996938 0.996938 0.996938
1060 13.080825 13.080825 13.080825 0.996938 0.996938 0.996938
1070 13.080825 13.080825 13.080825 0.996938 0.996938 0.996938
1080 13.080825 13.080825 13.080825 0.996938 0.996938 0.996938
1090 13.080825 13.080825 13.080825 0.996938 0.996938 0.996938
1100 13.080825 13.080825 13.080825 0.996938 0.996938 0.996938
1110 13.080825 13.080825 13.080825 0.996938 0.996938 0.996938
1120 13.080825 13.080825 13.080825 0.996938 0.996938 0.996938
1130 13.080825 13.080825 13.080825 0.996938 0.996938 0.996938
1140 13.080825 13.080825 13.080825 0.996938 0.996938 0.996938
1150 13.080825 13.080825 13.080825 0.996938 0.996938 0.996938
1160 13.080825 13.080825 13.080825 0.996938 0.996938 0.996938
1170 13.080825 13.080825 13.080825 0.996938 0.996938 0.996938
1180 13.080825 13.080825 13.080825 0.996938 0.996938 0.996938
1190 13.080825 13.080825 13.080825 0.996938 0.996938 0.996938
1200 13.080825 13.080825 13.080825 0.996938 0.996938 0.996938
1210 13.080825 13.080825 13.080825 0.996938 0.996938 0.996938
1220 13.080825 13.080825 13.080825 0.996938 0.996938 0.996938
1230 13.080825 13.080825 13.080825 0.996938 0.996938 0.996938
1240 13.080825 13.080825 13.080825 0.996938 0.996938 0.996938
1250 13.080825 13.080825 13.080825 0.996938 0.996938 0.996938
1260 13.080825 13.080825 13.080825 0.996938 0.996938 0.996938
1270 13.080825 13.080825 13.080825 0.996938 0.996938 0.996938
1280 13.080825 13.080825 13.080825 0.996938 0.996938 0.996938
1290 13.080825 13.080825 13.080825 0.996938 0.996938 0.996938
1300 13.080825 13.080825 13.080825 0.996938 0.996938 0.996938
1310 13.080825 13.080825 13.080825 0.996938 0.996938 0.996938
1320 13.080825 13.080825 13.080825 0.996938 0.996938 0.996938
1330 13.080825 13.080825 13.080825 0.996938 0.996938 0.996938
1340 13.080825 13.080825 13.080825 0.996938 0.996938 0.996938
1350 13.080825 13.080825 13.080825 0.996938 0.996938 0.996938
1360 13.080825 13.080825 13.080825 0.996938 0.996938 0.996938
1370 13.080825 13.080825 13.080825 0.996938 0.996938 0.996938
1380 13.080825 13.080825 13.080825 0.996938 0.996938 0.996938
1390 13.080825 13.080825 13.080825 0.996938 0.996938 0.996938
1400 13.080825 13.080825 13.080825 0.996938 0.996938 0.996938
1410 13.080825 13.080825 13.080825 0.996938 0.996938 0.996938
1420 13.080825 13.080825 13.080825 0.996938 0.996938 0.996938
1430 13.080825 13.080825 13.080825 0.996938 0.996938 0.996938
1440 13.080825 13.080825 13.080825 0.996938 0.996938 0.996938
1450 13.080825 13.080825 13.080825 0.996938 0.996938 0.996938
1460 13.080825 13.080825 13.080825 0.996938 0.996938 0.996938
1470 13.080825 13.080825 13.080825 0.996938 0.996938 0.996938
1480 13.080825 13.080825 13.080825 0.996938 0.996938 0.996938
1490 13.080825 13.080825 13.080825 0.996938 0.996938 0.996938
1500 13.080825 13.080825 13.080825 0.996938 0.996938 0.996938
1510 13.080825 13.080825 13.080825 0.996938 0.996938 0.996938
1520 13.080825 13.080825 13.080825 0.996938 0.996938 0.996938
1530 13.080825 13.080825 13.080825 0.996938 0.996938 0.996938
1540 13.080825 13.080825 13.080825 0.996938 0.996938 0.996938
1550 13.080825 13.080825 13.080825 0.996938 0.996938 0.996938
1560 13.080825 13.080825 13.080825 0.996938 0.996938 0.996938
1570 13.080825 13.080825 13.080825 0.996938 0.996938 0.996938
1580 13.080825 13.080825 13.080825 0.996938 0.996938 0.996938
1590 13.080825 13.080825 13.080825 0.996938 0.996938 0.996938
1600 13.080825 13.080825 13.080825 0.996938 0.996938 0.996938
1610 13.080825 13.080825 13.080825 0.996938 0.996938 0.996938
1620 13.080825 13.080825 13.080825 0.996938 0.996938 0.996938
1630 13.080825 13.080825 13.080825 0.996938 0.996938 0.996938
1640 13.080825 13.080825 13.080825 0.996938 0.996938 0.996938
1650 13.080825 13.080825 13.080825 0.996938 0.996938 0.996938
1660 13.080825 13.080825 13.080825 0.996938 0.996938 0.996938
1670 13.080825 13.080825 13.080825 0.996938 0.996938 0.996938
1680 13.080825 13.080825 13.080825 0.996938 0.996938 0.996938
1690 13.080825 13.080825 13.080825 0.996938 0.996938 0.996938
1700 13.080825 13.080825 13.080825 0.996938 0.996938 0.996938
1710 13.080825 13.080825 13.080825 0.996938 0.996938 0.996938
1720 13.080825 13.080825 13.080825 0.996938 0.996938 0.996938
1730 13.080825 13.080825 13.080825 0.996938 0.996938 0.996938
1740 13.080825 13.080825 13.080825 0.996938 0.996938 0.996938
1750 13.080825 13.080825 13.080825 0.996938 0.996938 0.996938
1760 13.080825 13.080825 13.080825 0.996938 0.996938 0.996938
1770 13.080825 13.080825 13.080825 0.996938 0.996938 0.996938
1780 13.080825 13.080825 13.080825 0.996938 0.996938 0.996938
1790 13.080825 13.080825 13.080825 0.996938 0.996938 0.996938
1800 13.080825 13.080825 13.080825 0.996938 0.996938 0.996938
1810 13.080825 13.080825 13.080825 0.996938 0.996938 0.996938
1820 13.080825 13.080825 13.080825 0.996938 0.996938 0.996938
1830 13.080825 13.080825 13.080825 0.996938 0.996938 0.996938
1840 13.080825 13.080825 13.080825 0.996938 0.996938 0.996938
1850 13.080825 13.080825 13.080825 0.996938 0.996938 0.996938
1860 13.080825 13.080825 13.080825 0.996938 0.996938 0.996938
1870 13.080825 13.080825 13.080825 0.996938 0.996938 0.996938
1880 13.080825 13.080825 13.080825 0.996938 0.996938 0.996938
1890 13.080825 13.080825 13.080825 0.996938 0.996938 0.996938
1900 13.080825 13.080825 13.080825 0.996938 0.996938 0.996938
1910 13.080825 13.080825 13.080825 0.996938 0.996938 0.996938
1920 13.080825 13.080825 13.080825 0.996938 0.996938 0.996938
1930 13.080825 13.080825 13.080825 0.996938 0.996938 0.996938
1940 13.080825 13.080825 13.080825 0.996938 0.996938 0.996938
1950 13.080825 13.080825 13.080825 0.996938 0.996938 0.996938
1960 13.080825 13.080825 13.080825 0.996938 0.996938 0.996938
1970 13.080825 13.080825 13.080825 0.996938 0.996938 0.996938
1980 13.080825 13.080825 13.080825 0.996938 0.996938 0.996938
1990 13.080825 13.080825 13.080825 0.996938 0.996938 0.996938
2000 13.080825 13.080825 13.080825 0.996938 0.996938 0.996938
2010 13.080825 13.080825 13.080825 0.996938 0.996938 0.996938
2020 13.080825 13.080825 13.080825 0.996938 0.996938 0.996938
2030 13.080825 13.080825 13.080825 0.996938 0.996938 0.996938
2040 13.080825 13.080825 13.080825 0.996938 0.996938 0.996938
2050 13.080825 13.080825 13.080825 0.996938 0.996938 0.996938
2060 13.080825 13.080825 13.080825 0.996938 0.996938 0.996938
2070 13.080825 13.080825 13.080825 0.996938 0.996938 0.996938
2080 13.080825 13.080825 13.080825 0.996938 0.996938 0.996938
2090 13.080825 13.080825 13.080825 0.996938 0.996938 0.996938
2100 13.080825 13.080825 13.080825 0.996938 0.996938 0.996938
2110 13.080825 13.080825 13.080825 0.996938 0.996938 0.996938
2120 13.080825 13.080825 13.080825 0.996938 0.996938 0.996938
2130 13.080825 13.080825 13.080825 0.996938 0.996938 0.996938
2140 13.080825 13.080825 13.080825 0.996938 0.996938 0.996938
2150 13.080825 13.080825 13.080825 0.996938 0.996938 0.996938
2160 13.080825 13.080825 13.080825 0.996938 0.996938 0.996938
2170 13.080825 13.080825 13.080825 0.996938 0.996938 0.996938
2180 13.080825 13.080825 13.080825 0.996938 0.996938 0.996938
2190 13.080825 13.080825 13.080825 0.996938 0.996938 0.996938
2200 13.080825 13.080825 13.080825 0.996938 0.996938 0.996938
2210 13.080825 13.080825 13.080825 0.996938 0.996938 0.996938
2220 13.080825 13.080825 13.080825 0.996938 0.996938 0.996938
2230 13.080825 13.080825 13.080825 0.996938 0.996938 0.996938
2240 13.080825 13.080825 13.080825 0.996938 0.996938 0.996938
2250 13.080825 13.080825 13.080825 0.996938 0.996938 0.996938
2260 13.080825 13.080825 13.080825 0.996938 0.996938 0.996938
2270 13.080825 13.080825 13.080825 0.996938 0.996938 0.996938
2280 13.080825 13.080825 13.080825 0.996938 0.996938 0.996938
2290 13.080825 13.080825 13.080825 0.996938 0.996938 0.996938
2300 13.080825 13.080825 13.080825 0.996938 0.996938 0.996938
2310 13.080825 13.080825 13.080825 0.996938 0.996938 0.996938
2320 13.080825 13.080825 13.080825 0.996938 0.996938 0.996938
2330 13.080825 13.080825 13.080825 0.996938 0.996938 0.996938
2340 13.080825 13.080825 13.080825 0.996938 0.996938 0.996938
2350 13.080825 13.080825 13.080825 0.996938 0.996938 0.996938
2360 13.080825 13.080825 13.080825 0.996938 0.996938 0.996938
2370 13.080825 13.080825 13.080825 0.996938 0.996938 0.996938
2380 13.080825 13.080825 13.080825 0.996938 0.996938 0.996938
2390 13.080825 13.080825 13.080825 0.996938 0.996938 0.996938
2400 13.080825 13.080825 13.080825 0.996938 0.996938 0.996938
2410 13.080825 13.080825 13.080825 0.996938 0.996938 0.996938
2420 13.080825 13.080825 13.080825 0.996938 0.996938 0.996938
2430 13.080825 13.080825 13.080825 0.996938 0.996938 0.996938
2440 13.080825 13.080825 13.080825 0.996938 0.996938 0.996938
2450 13.080825 13.080825 13.080825 0.996938 0.996938 0.996938
2460 13.080825 13.080825 13.080825 0.996938 0.996938 0.996938
2470 13.080825 13.080825 13.080825 0.996938 0.996938 0.996938
2480 13.080825 13.080825 13.080825 0.996938 0.996938 0.996938
2490 13.080825 13.080825 13.080825 0.996938 0.996938 0.996938
2500 13.080825 13.080825 13.080825 0.996938 0.996938 0.996938
2510 13.080825 13.080825 13.080825 0.996938 0.996938 0.996938
2520 13.080825 13.080825 13.080825 0.996938 0.996938 0.996938
2530 13.080825 13.080825 13.080825 0.996938 0.996938 0.996938
2540 13.080825 13.080825 13.080825 0.996938 0.996938 0.996938
2550 13.080825 13.080825 13.080825 0.996938 0.996938 0.996938
2560 13.080825 13.080825 13.080825 0.996938 0.996938 0.996938
2570 13.080825 13.080825 13.080825 0.996938 0.996938 0.996938
2580 13.080825 13.080825 13.080825 0.996938 0.996938 0.996938
2590 13.080825 13.080825 13.080825 0.996938 0.996938 0.996938
2600 13.080825 13.080825 13.080825 0.996938 0.996938 0.996938
2610 13.080825 13.080825 13.080825 0.996938 0.996938 0.996938
2620 13.080825 13.080825 13.080825 0.996938 0.996938 0.996938
2630 13.080825 13.080825 13.080825 0.996938 0.996938 0.996938
2640 13.080825 13.080825 13.080825 0.996938 0.996938 0.996938
2650 13.080825 13.080825 13.080825 0.996938 0.996938 0.996938
2660 13.080825 13.080825 13.080825 0.996938 0.996938 0.996938
2670 13.080825 13.080825 13.080825 0.996938 0.996938 0.996938
2680 13.080825 13.080825 13.080825 0.996938 0.996938 0.996938
2690 13.080825 13.080825 13.080825 0.996938 0.996938 0.996938
2700 13.080825 13.080825 13.080825 0.996938 0.996938 0.996938
2710 13.080825 13.080825 13.080825 0.996938 0.996938 0.996938
2720 13.080825 13.080825 13.080825 0.996938 0.996938 0.996938
2730 13.080825 13.080825 13.080825 0.996938 0.996938 0.996938
2740 13.080825 13.080825 13.080825 0.996938 0.996938 0.996938
2750 13.080825 13.080825 13.080825 0.996938 0.996938 0.996938
2760 13.080825 13.080825 13.080825 0.996938 0.996938 0.996938
2770 13.080825 13.080825 13.080825 0.996938 0.996938 0.996938
2780 13.080825 13.080825 13.080825 0.996938 0.996938 0.996938
2790 13.080825 13.080825 13.080825 0.996938 0.996938 0.996938
2800 13.080825 13.080825 13.080825 0.996938 0.996938 0.996938
2810 13.080825 13.080825 13.080825 0.996938 0.996938 0.996938
2820 13.080825 13.080825 13.080825 0.996938 0.996938 0.996938
2830 13.080825 13.080825 13.080825 0.996938 0.996938 0.996938
2840 13.080825 13.080825 13.080825 0.996938 0.996938 0.996938
2850 13.080825 13.080825 13.080825 0.996938 0.996938 0.996938
2860 13.080825 13.080825 13.080825 0.996938 0.996938 0.996938
2870 13.080825 13.080825 13.080825 0.996938 0.996938 0.996938
2880 13.080825 13.080825 13.080825 0.996938 0.996938 0.996938
2890 13.080825 13.080825 13.080825 0.996938 0.996938 0.996938
2900 13.080825 13.080825 13.080825 0.996938 0.996938 0.996938
2910 13.080825 13.080825 13.080825 0.996938 0.996938 0.996938
2920 13.080825 13.080825 13.080825 0.996938 0.996938 0.996938
2930 13.080825 13.080825 13.080825 0.996938 0.996938 0.996938
2940 13.080825 13.080825 13.080825 0.996938 0.996938 0.996938
2950 13.080825 13.080825 13.080825 0.996938 0.996938 0.996938
2960 13.080825 13.080825 13.080825 0.996938 0.996938 0.996938
2970 13.080825 13.080825 13.080825 0.996938 0.996938 0.996938
2980 13.080825 13.080825 13.080825 0.996938 0.996938 0.996938
2990 13.080825 13.080825 13.080825 0.996938 0.996938 0.996938
3000 13.080825 13.080825 13.080825 0.996938 0.996938 0.996938
3010 13.080825 13.080825 13.080825 0.996938 0.996938 0.996938
3020 13.080825 13.080825 13.080825 0.996938 0.996938 0.996938
3030 13.080825 13.080825 13.080825 0.996938 0.996938 0.996938
3040 13.080825 13.080825 13.080825 0.996938 0.996938 0.996938
3050 13.080825 13.080825 13.080825 0.996938 0.996938 0.996938
3060 13.080825 13.080825 13.080825 0.996938 0.996938 0.996938
3070 13.080825 13.080825 13.080825 0.996938 0.996938 0.996938
3080 13.080825 13.080825 13.080825 0.996938 0.996938 0.996938
3090 13.080825 13.080825 13.080825 0.996938 0.996938 0.996938
3100 13.080825 13.080825 13.080825 0.996938 0.996938 0.996938
3110 13.080825 13.080825 13.080825 0.996938 0.996938 0.996938
3120 13.080825 13.080825 13.080825 0.996938 0.996938 0.996938
3130 13.080825 13.080825 13.080825 0.996938 0.996938 0.996938
3140 13.080825 13.080825 13.080825 0.996938 0.996938 0.996938
3150 13.080825 13.080825 13.080825 0.996938 0.996938 0.996938
3160 13.080825 13.080825 13.080825 0.996938 0.996938 0.996938
3170 13.080825 13.080825 13.080825 0.996938 0.996938 0.996938
3180 13.080825 13.080825 13.080825 0.996938 0.996938 0.996938
3190 13.080825 13.080825 13.080825 0.996938 0.996938 0.996938
3200 13.080825 13.080825 13.080825 0.996938 0.996938 0.996938
3210 13.080825 13.080825 13.080825 0.996938 0.996938 0.996938
3220 13.080825 13.080825 13.080825 0.996938 0.996938 0.996938
3230 13.080825 13.080825 13.080825 0.996938 0.996938 0.996938
3240 13.080825 13.080825 13.080825 0.996938 0.996938 0.996938
3250 13.080825 13.080825 13.080825 0.996938 0.996938 0.996938
3260 13.080825 13.080825 13.080825 0.996938 0.996938 0.996938
3270 13.080825 13.080825 13.080825 0.996938 0.996938 0.996938
3280 13.080825 13.080825 13.080825 0.996938 0.996938 0.996938
3290 13.080825 13.080825 13.080825 0.996938 0.996938 0.996938
3300 13.080825 13.080825 13.080825 0.996938 0.996938 0.996938
3310 13.080825 13.080825 13.080825 0.996938 0.996938 0.996938
3320 13.080825 13.080825 13.080825 0.996938 0.996938 0.996938
3330 13.080825 13.080825 13.080825 0.996938 0.996938 0.996938
3340 13.080825 13.080825 13.080825 0.996938 0.996938 0.996938
3350 13.080825 13.080825 13.080825 0.996938 0.996938 0.996938
3360 13.080825 13.080825 13.080825 0.996938 0.996938 0.996938
3370 13.080825 13.080825 13.080825 0.996938 0.996938 0.996938
3380 13.080825 13.080825 13.080825 0.996938 0.996938 0.996938
3390 13.080825 13.080825 13.080825 0.996938 0.996938 0.996938
3400 13.080825 13.080825 13.080825 0.996938 0.996938 0.996938
3410 13.080825 13.080825 13.080825 0.996938 0.996938 0.996938
3420 13.080825 13.080825 13.080825 0.996938 0.996938 0.996938
3430 13.080825 13.080825 13.080825 0.996938 0.996938 0.996938
3440 13.080825 13.080825 13.080825 0.996938 0.996938 0.996938
3450 13.080825 13.080825 13.080825 0.996938 0.996938 0.996938
3460 13.080825 13.080825 13.080825 0.996938 0.996938 0.996938
3470 13.080825 13.080825 13.080825 0.996938 0.996938 0.996938
3480 13.080825 13.080825 13.080825 0.996938 0.996938 0.996938
3490 13.080825 13.080825 13.080825 0.996938 0.996938 0.996938
3500 13.080825 13.080825 13.080825 0.996938 0.996938 0.996938
3510 13.080825 13.080825 13.080825 0.996938 0.996938 0.996938
3520 13.080825 13.080825 13.080825 0.996938 0.996938 0.996938
3530 13.080825 13.080825 13.080825 0.996938 0.996938 0.996938
3540 13.080825 13.080825 13.080825 0.996938 0.996938 0.996938
3550 13.080825 13.080825 13.080825 0.996938 0.996938 0.996938
3560 13.080825 13.080825 13.080825 0.996938 0.996938 0.996938
3570 13.080825 13.080825 13.080825 0.996938 0.996938 0.996938
3580 13.080825 13.080825 13.080825 0.996938 0.996938 0.996938
3590 13.080825 13.080825 13.080825 0.996938 0.996938 0.996938
3600 13.080825 13.080825 13.080825 0.996938 0.996938 0.996938
3610 13.080825 13.080825 13.080825 0.996938 0.996938 0.996938
3620 13.080825 13.080825 13.080825 0.996938 0.996938 0.996938
3630 13.080825 13.080825 13.080825 0.996938 0.996938 0.996938
3640 13.080825 13.080825 13.080825 0.996938 0.996938 0.996938
3650 13.080825 13.080825 13.080825 0.996938 0.996938 0.996938
3660 13.080825 13.080825 13.080825 0.996938 0.996938 0.996938
3670 13.080825 13.080825 13.080825 0.996938 0.996938 0.996938
3680 13.080825 13.080825 13.080825 0.996938 0.996938 0.996938
3690 13.080825 13.080825 13.080825 0.996938 0.996938 0.996938
3700 13.080825 13.080825 13.080825 0.996938 0.996938 0.996938
3710 13.080825 13.080825 13.080825 0.996938 0.996938 0.996938
3720 13.080825 13.080825 13.080825 0.996938 0.996938 0.996938
3730 13.080825 13.080825 13.080825 0.996938 0.996938 0.996938
3740 13.080825 13.080825 13.080825 0.996938 0.996938 0.996938
3750 13.080825 13.080825 13.080825 0.996938 0.996938 0.996938
3760 13.080825 13.080825 13.080825 0.996938 0.996938 0.996938
3770 13.080825 13.080825 13.080825 0.996938 0.996938 0.996938
3780 13.080825 13.080825 13.080825 0.996938 0.996938 0.996938
3790 13.080825 13.080825 13.080825 0.996938 0.996938 0.996938
3800 13.080825 13.080825 13.080825 0.996938 0.996938 0.996938
3810 13.080825 13.080825 13.080825 0.996938 0.996938 0.996938
3820 13.080825 13.080825 13.080825 0.996938 0.996938 0.996938
3830 13.080825 13.080825 13.080825 0.996938 0.996938 0.996938
3840 13.080825 13.080825 13.080825 0.996938 0.996938 0.996938
3850 13.080825 13.080825 13.080825 0.996938 0.996938 0.996938
3860 13.080825 13.080825 13.080825 0.996938 0.996938 0.996938
3870 13.080825 13.080825 13.080825 0.996938 0.996938 0.996938
3880 13.080825 13.080825 13.080825 0.996938 0.996938 0.996938
3890 13.080825 13.080825 13.080825 0.996938 0.996938 0.996938
3900 13.080825 13.080825 13.080825 0.996938 0.996938 0.996938
3910 13.080825 13.080825 13.080825 0.996938 0.996938 0.996938
3920 13.080825 13.080825 13.080825 0.996938 0.996938 0.996938
3930 13.080825 13.080825 13.080825 0.996938 0.996938 0.996938
3940 13.080825 13.080825 13.080825 0.996938 0.996938 0.996938
3950 13.080825 13.080825 13.080825 0.996938 0.996938 0.996938
3960 13.080825 13.080825 13.080825 0.996938 0.996938 0.996938
3970 13.080825 13.080825 13.080825 0.996938 0.996938 0.996938
3980 13.080825 13.080825 13.080825 0.996938 0.996938 0.996938
3990 13.080825 13.080825 13.080825 0.996938 0.996938 0.996938
4000 13.080825 13.080825 13.080825 0.996938 0.996938 0.996938
4010 13.080825 13.080825 13.080825 0.996938 0.996938 0.996938
4020 13.080825 13.080825 13.080825 0.996938 0.996938 0.996938
4030 13.080825 13.080825 13.080825 0.996938 0.996938 0.996938
4040 13.080825 13.080825 13.080825 0.996938 0.996938 0.996938
4050 13.080825 13.080825 13.080825 0.996938 0.996938 0.996938
4060 13.080825 13.080825 13.080825 0.996938 0.996938 0.996938
4070 13.080825 13.080825 13.080825 0.996938 0.996938 0.996938
4080 13.080825 13.080825 13.080825 0.996938 0.996938 0.996938
4090 13.080825 13.080825 13.080825 0.996938 0.996938 0.996938
4100 13.080825 13.080825 13.080825 0.996938 0.996938 0.996938
4110 13.080825 13.080825 13.080825 0.996938 0.996938 0.996938
4120 13.080825 13.080825 13.080825 0.996938 0.996938 0.996938
4130 13.080825 13.080825 13.080825 0.996938 0.996938 0.996938
4140 13.080825 13.080825 13.080825 0.996938 0.996938 0.996938
4150 13.080825 13.080825 13.080825 0.996938 0.996938 0.996938
4160 13.080825 13.080825 13.080825 0.996938 0.996938 0.996938
4170 13.080825 13.080825 13.080825 0.996938 0.996938 0.996938
4180 13.080825 13.080825 13.080825 0.996938 0.996938 0.996938
4190 13.080825 13.080825 13.080825 0.996938 0.996938 0.996938
4200 13.080825 13.080825 13.080825 0.996938 0.996938 0.996938
4210 13.080825 13.080825 13.080825 0.996938 0.996938 0.996938
4220 13.080825 13.080825 13.080825 0.996938 0.996938 0.996938
4230 13.080825 13.080825 13.080825 0.996938 0.996938 0.996938
4240 13.080825 13.080825 13.080825 0.996938 0.996938 0.996938
4250 13.080825 13.080825 13.080825 0.996938 0.996938 0.996938
4260 13.080825 13.080825 13.080825 0.996938 0.996938 0.996938
4270 13.080825 13.080825 13.080825 0.996938 0.996938 0.996938
4280 13.080825 13.080825 13.080825 0.996938 0.996938 0.996938
4290 13.080825 13.080825 13.080825 0.996938 0.996938 0.996938
4300 13.080825 13.080825 13.080825 0.996938 0.996938 0.996938
4310 13.080825 13.080825 13.080825 0.996938 0.996938 0.996938
4320 13.080825 13.080825 13.080825 0.996938 0.996938 0.996938
4330 13.080825 13.080825 13.080825 0.996938 0.996938 0.996938
4340 13.080825 13.080825 13.080825 0.996938 0.996938 0.996938
4350 13.080825 13.080825 13.080825 0.996938 0.996938 0.996938
4360 13.080825 13.080825 13.080825 0.996938 0.996938 0.996938
4370 13.080825 13.080825 13.080825 0.996938 0.996938 0.996938
4380 13.080825 13.080825 13.080825 0.996938 0.996938 0.996938
4390 13.080825 13.080825 13.080825 0.996938 0.996938 0.996938
4400 13.080825 13.080825 13.080825 0.996938 0.996938 0.996938
4410 13.080825 13.080825 13.080825 0.996938 0.996938 0.996938
4420 13.080825 13.080825 13.080825 0.996938 0.996938 0.996938
4430 13.080825 13.080825 13.080825 0.996938 0.996938 0.996938
4440 13.080825 13.080825 13.080825 0.996938 0.996938 0.996938
4450 13.080825 13.080825 13.080825 0.996938 0.996938 0.996938
4460 13.080825 13.080825 13.080825 0.996938 0.996938 0.996938
4470 13.080825 13.080825 13.080825 0.996938 0.996938 0.996938
4480 13.080825 13.080825 13.080825 0.996938 0.996938 0.996938
4490 13.080825 13.080825 13.080825 0.996938 0.996938 0.996938
4500 13.080825 13.080825 13.080825 0.996938 0.996938 0.996938
4510 13.080825 13.080825 13.080825 0.996938 0.996938 0.996938
4520 13.080825 13.080825 13.080825 0.996938 0.996938 0.996938
4530 13.080825 13.080825 13.080825 0.996938 0.996938 0.996938
4540 13.080825 13.080825 13.080825 0.996938 0.996938 0.996938
4550 13.080825 13.080825 13.080825 0.996938 0.996938 0.996938
4560 13.080825 13.080825 13.080825 0.996938 0.996938 0.996938
4570 13.080825 13.080825 13.080825 0.996938 0.996938 0.996938
4580 13.080825 13.080825 13.080825 0.996938 0.996938 0.996938
4590 13.080825 13.080825 13.080825 0.996938 0.996938 0.996938
4600 13.080825 13.080825 13.080825 0.996938 0.996938 0.996938
4610 13.080825 13.080825 13.080825 0.996938 0.996938 0.996938
4620 13.080825 13.080825 13.080825 0.996938 0.996938 0.996938
4630 13.080825 13.080825 13.080825 0.996938 0.996938 0.996938
4640 13.080825 13.080825 13.080825 0.996938 0.996938 0.996938
4650 13.080825 13.080825 13.080825 0.996938 0.996938 0.996938
4660 13.080825 13.080825 13.080825 0.996938 0.996938 0.996938
4670 13.080825 13.080825 13.080825 0.996938 0.996938 0.996938
4680 13.080825 13.080825 13.080825 0.996938 0.996938 0.996938
4690 13.080825 13.080825 13.080825 0.996938 0.996938 0.996938
4700 13.080825 13.080825 13.080825 0.996938 0.996938 0.996938
4710 13.080825 13.080825 13.080825 0.996938 0.996938 0.996938
4720 13.080825 13.080825 13.080825 0.996938 0.996938 0.996938
4730 13.080825 13.080825 13.080825 0.996938 0.996938 0.996938
4740 13.080825 13.080825 13.080825 0.996938 0.996938 0.996938
4750 13.080825 13.080825 13.080825 0.996938 0.996938 0.996938
4760 13.080825 13.080825 13.080825 0.996938 0.996938 0.996938
4770 13.080825 13.080825 13.080825 0.996938 0.996938 0.996938
4780 13.080825 13.080825 13.080825 0.996938 0.996938 0.996938
4790 13.080825 13.080825 13.080825 0.996938 0.996938 0.996938
4800 13.080825 13.080825 13.080825 0.996938 0.996938 0.996938
4810 13.080825 13.080825 13.080825 0.996938 0.996938 0.996938
4820 13.080825 13.080825 13.080825 0.996938 0.996938 0.996938
4830 13.080825 13.080825 13.080825 0.996938 0.996938 0.996938
4840 13.080825 13.080825 13.080825 0.996938 0.996938 0.996938
4850 13.080825 13.080825 13.080825 0.996938 0.996938 0.996938
4860 13.080825 13.080825 13.080825 0.996938 0.996938 0.996938
4870 13.080825 13.080825 13.080825 0.996938 0.996938 0.996938
4880 13.080825 13.080825 13.080825 0.996938 0.996938 0.996938
4890 13.080825 13.080825 13.080825 0.996938 0.996938 0.996938
4900 13.080825 13.080825 13.080825 0.996938 0.996938 0.996938
4910 13.080825 13.080825 13.080825 0.996938 0.996938 0.996938
4920 13.080825 13.080825 13.080825 0.996938 0.996938 0.996938
4930 13.080825 13.080825 13.080825 0.996938 0.996938 0.996938
4940 13.080825 13.080825 13.080825 0.996938 0.996938 0.996938
4950 13.080825 13.080825 13.080825 0.996938 0.996938 0.996938
4960 13.080825 13.080825 13.080825 0.996938 0.996938 0.996938
4970 13.080825 13.080825 13.080825 0.996938 0.996938 0.996938
4980 13.080825 13.080825 13.080825 0.996938 0.996938 0.996938
4990 13.080825 13.080825 13.080825 0.996938 0.996938 0.996938
5000 13.080825 13.080825 13.080825 0.996938 0.996938 0.996938
5010 13.080825 13.080825 13.080825 0.996938 0.996938 0.996938
5020 13.080825 13.080825 13.080825 0.996938 0.996938 0.996938
5030 13.080825 13.080825 13.080825 0.996938 0.996938 0.996938
5040 13.080825 13.080825 13.080825 0.996938 0.996938 0.996938
5050 13.080825 13.080825 13.080825 0.996938 0.996938 0.996938
5060 13.080825 13.080825 13.080825 0.996938 0.996938 0.996938
5070 13.080825 13.080825 13.080825 0.996938 0.996938 0.996938
5080 13.080825 13.080825 13.080825 0.996938 0.996938 0.996938
5090 13.080825 13.080825 13.080825 0.996938 0.996938 0.996938
5100 13.080825 13.080825 13.080825 0.996938 0.996938 0.996938
5110 13.080825 13.080825 13.080825 0.996938 0.996938 0.996938
5120 13.080825 13.080825 13.080825 0.996938 0.996938 0.996938
5130 13.080825 13.080825 13.080825 0.996938 0.996938 0.996938
5140 13.080825 13.080825 13.080825 0.996938 0.996938 0.996938
5150 13.080825 13.080825 13.080825 0.996938 0.996938 0.996938
5160 13.080825 13.080825 13.080825 0.996938 0.996938 0.996938
5170 13.080825 13.080825 13.080825 0.996938 0.996938 0.996938
5180 13.080825 13.080825 13.080825 0.996938 0.996938 0.996938
5190 13.080825 13.080825 13.080825 0.996938 0.996938 0.996938
5200 13.080825 13.080825 13.080825 0.996938 0.996938 0.996938
5210 13.080825 13.080825 13.080825 0.996938 0.996938 0.996938
5220 13.080825 13.080825 13.080825 0.996938 0.996938 0.996938
5230 13.080825 13.080825 13.080825 0.996938 0.996938 0.996938
5240 13.080825 13.080825 13.080825 0.996938 0.996938 0.996938
5250 13.080825 13.080825 13.080825 0.996938 0.996938 0.996938
5260 13.080825 13.080825 13.080825 0.996938 0.996938 0.996938
5270 13.080825 13.080825 13.080825 0.996938 0.996938 0.996938
5280 13.080825 13.080825 13.080825 0.996938 0.996938 0.996938
5290 13.080825 13.080825 13.080825 0.996938 0.996938 0.996938
5300 13.080825 13.080825 13.080825 0.996938 0.996938 0.996938
5310 13.080825 13.080825 13.080825 0.996938 0.996938 0.996938
5320 13.080825 13.080825 13.080825 0.996938 0.996938 0.996938
5330 13.080825 13.080825 13.080825 0.996938 0.996938 0.996938
5340 13.080825 13.080825 13.080825 0.996938 0.996938 0.996938
5350 13.080825 13.080825 13.080825 0.996938 0.996938 0.996938
5360 13.080825 13.080825 13.080825 0.996938 0.996938 0.996938
5370 13.080825 13.080825 13.080825 0.996938 0.996938 0.996938
5380 13.080825 13.080825 13.080825 0.996938 0.996938 0.996938
5390 13.080825 13.080825 13.080825 0.996938 0.996938 0.996938
5400 13.080825 13.080825 13.080825 0.996938 0.996938 0.996938
5410 13.080825 13.080825 13.080825 0.996938 0.996938 0.996938
5420 13.080825 13.080825 13.080825 0.996938 0.996938 0.996938
5430 13.080825 13.080825 13.080825 0.996938 0.996938 0.996938
5440 13.080825 13.080825 13.080825 0.996938 0.996938 0.996938
5450 13.080825 13.080825 13.080825 0.996938 0.996938 0.996938
5460 13.080825 13.080825 13.080825 0.996938 0.996938 0.996938
5470 13.080825 13.080825 13.080825 0.996938 0.996938 0.996938
5480 13.080825 13.080825 13.080825 0.996938 0.996938 0.996938
5490 13.080825 13.080825 13.080825 0.996938 0.996938 0.996938
5500 13.080825 13.080825 13.080825 0.996938 0.996938 0.996938
5510 13.080825 13.080825 13.080825 0.996938 0.996938 0.996938
5520 13.080825 13.080825 13.080825 0.996938 0.996938 0.996938
5530 13.080825 13.080825 13.080825 0.996938 0.996938 0.996938
5540 13.080825 13.080825 13.080825 0.996938 0.996938 0.996938
5550 13.080825 13.080825 13.080825 0.996938 0.996938 0.996938
5560 13.080825 13.080825 13.080825 0.996938 0.996938 0.996938
5570 13.080825 13.080825 13.080825 0.996938 0.996938 0.996938
5580 13.080825 13.080825 13.080825 0.996938 0.996938 0.996938
5590 13.080825 13.080825 13.080825 0.996938 0.996938 0.996938
5600 13.080825 13.080825 13.080825 0.996938 0.996938 0.996938
5610 13.080825 13.080825 13.080825 0.996938 0.996938 0.996938
5620 13.080825 13.080825 13.080825 0.996938 0.996938 0.996938
5630 13.080825 13.080825 13.080825 0.996938 0.996938 0.996938
5640 13.080825 13.080825 13.080825 0.996938 0.996938 0.996938
5650 13.080825 13.080825 13.080825 0.996938 0.996938 0.996938
5660 13.080825 13.080825 13.080825 0.996938 0.996938 0.996938
5670 13.080825 13.080825 13.080825 0.996938 0.996938 0.996938
5680 13.080825 13.080825 13.080825 0.996938 0.996938 0.996938
5690 13.080825 13.080825 13.080825 0.996938 0.996938 0.996938
5700 13.080825 13.080825 13.080825 0.996938 0.996938 0.996938
5710 13.080825 13.080825 13.080825 0.996938 0.996938 0.996938
5720 13.080825 13.080825 13.080825 0.996938 0.996938 0.996938
5730 13.080825 13.080825 13.080825 0.996938 0.996938 0.996938
5740 13.080825 13.080825 13.080825 0.996938 0.996938 0.996938
5750 13.080825 13.080825 13.080825 0.996938 0.996938 0.996938
5760 13.080825 13.080825 13.080825 0.996938 0.996938 0.996938
5770 13.080825 13.080825 13.080825 0.996938 0.996938 0.996938
5780 13.080825 13.080825 13.080825 0.996938 0.996938 0.996938
5790 13.080825 13.080825 13.080825 0.996938 0.996938 0.996938
5800 13.080825 13.080825 13.080825 0.996938 0.996938 0.996938
5810 13.080825 13.080825 13.080825 0.996938 0.996938 0.996938
5820 13.080825 13.080825 13.080825 0.996938 0.996938 0.996938
5830 13.080825 13.080825 13.080825 0.996938 0.996938 0.996938
5840 13.080825 13.080825 13.080825 0.996938 0.996938 0.996938
5850 13.080825 13.080825 13.080825 0.996938 0.996938 0.996938
5860 13.080825 13.080825 13.080825 0.996938 0.996938 0.996938
5870 13.080825 13.080825 13.080825 0.996938 0.996938 0.996938
5880 13.080825 13.080825 13.080825 0.996938 0.996938 0.996938
5890 13.080825 13.080825 13.080825 0.996938 0.996938 0.996938
5900 13.080825 13.080825 13.080825 0.996938 0.996938 0.996938
5910 13.080825 13.080825 13.080825 0.996938 0.996938 0.996938
5920 13.080825 13.080825 13.080825 0.996938 0.996938 0.996938
5930 13.080825 13.080825 13.080825 0.996938 0.996938 0.996938
5940 13.080825 13.080825 13.080825 0.996938 0.996938 0.996938
5950 13.080825 13.080825 13.080825 0.996938 0.996938 0.996938
5960 13.080825 13.080825 13.080825 0.996938 0.996938 0.996938
5970 13.080825 13.080825 13.080825 0.996938 0.996938 0.996938
5980 13.080825 13.080825 13.080825 0.996938 0.996938 0.996938
5990 13.080825 13.080825 13.080825 0.996938 0.996938 0.996938
6000 13.080825 13.080825 13.080825 0.996938 0.996938 0.996938
6010 13.080825 13.080825 13.080825 0.996938 0.996938 0.996938
6020 13.080825 13.080825 13.080825 0.996938 0.996938 0.996938
6030 13.080825 13.080825 13.080825 0.996938 0.996938 0.996938
6040 13.080825 13.080825 13.080825 0.996938 0.996938 0.996938
6050 13.080825 13.080825 13.080825 0.996938 0.996938 0.996938
6060 13.080825 13.080825 13.080825 0.996938 0.996938 0.996938
6070 13.080825 13.080825 13.080825 0.996938 0.996938 0.996938
6080 13.080825 13.080825 13.080825 0.996938 0.996938 0.996938
6090 13.080825 13.080825 13.080825 0.996938 0.996938 0.996938
6100 13.080825 13.080825 13.080825 0.996938 0.996938 0.996938
6110 13.080825 13.080825 13.080825 0.996938 0.996938 0.996938
6120 13.080825 13.080825 13.080825 0.996938 0.996938 0.996938
6130 13.080825 13.080825 13.080825 0.996938 0.996938 0.996938
6140 13.080825 13.080825 13.080825 0.996938 0.996938 0.996938
6150 13.080825 13.080825 13.080825 0.996938 0.996938 0.996938
6160 13.080825 13.080825 13.080825 0.996938 0.996938 0.996938
6170 13.080825 13.080825 13.080825 0.996938 0.996938 0.996938
6180 13.080825 13.080825 13.080825 0.996938 0.996938 0.996938
6190 13.080825 13.080825 13.080825 0.996938 0.996938 0.996938
6200 13.080825 13.080825 13.080825 0.996938 0.996938 0.996938
6210 13.080825 13.080825 13.080825 0.996938 0.996938 0.996938
6220 13.080825 13.080825 13.080825 0.996938 0.996938 0.996938
6230 13.080825 13.080825 13.080825 0.996938 0.996938 0.996938
6240 13.080825 13.080825 13.080825 0.996938 0.996938 0.996938
6250 13.080825 13.080825 13.080825 0.996938 0.996938 0.996938
6260 13.080825 13.080825 13.080825 0.996938 0.996938 0.996938
6270 13.080825 13.080825 13.080825 0.996938 0.996938 0.996938
6280 13.080825 13.080825 13.080825 0.996938 0.996938 0.996938
6290 13.080825 13.080825 13.080825 0.996938 0.996938 0.996938
6300 13.080825 13.080825 13.080825 0.996938 0.996938 0.996938
6310 13.080825 13.080825 13.080825 0.996938 0.996938 0.996938
6320 13.080825 13.080825 13.080825 0.996938 0.996938 0.996938
6330 13.080825 13.080825 13.080825 0.996938 0.996938 0.996938
6340 13.080825 13.080825 13.080825 0.996938 0.996938 0.996938
6350 13.080825 13.080825 13.080825 0.996938 0.996938 0.996938
6360 13.080825 13.080825 13.080825 0.996938 0.996938 0.996938
6370 13.080825 13.080825 13.080825 0.996938 0.996938 0.996938
6380 13.080825 13.080825 13.080825 0.996938 0.996938 0.996938
6390 13.080825 13.080825 13.080825 0.996938 0.996938 0.996938
6400 13.080825 13.080825 13.080825 0.996938 0.996938 0.996938
6410 13.080825 13.080825 13.080825 0.996938 0.996938 0.996938
6420 13.080825 13.080825 13.080825 0.996938 0.996938 0.996938
6430 13.080825 13.080825 13.080825 0.996938 0.996938 0.996938
6440 13.080825 13.080825 13.080825 0.996938 0.996938 0.996938
6450 13.080825 13.080825 13.080825 0.996938 0.996938 0.996938
6460 13.080825 13.080825 13.080825 0.996938 0.996938 0.996938
6470 13.080825 13.080825 13.080825 0.996938 0.996938 0.996938
6480 13.080825 13.080825 13.080825 0.996938 0.996938 0.996938
6490 13.080825 13.080825 13.080825 0.996938 0.996938 0.996938
6500 13.080825 13.080825 13.080825 0.996938 0.996938 0.996938
6510 13.080825 13.080825 13.080825 0.996938 0.996938 0.996938
6520 13.080825 13.080825 13.080825 0.996938 0.996938 0.996938
6530 13.080825 13.080825 13.080825 0.996938 0.996938 0.996938
6540 13.080825 13.080825 13.080825 0.996938 0.996938 0.996938
6550 13.080825 13.080825 13.080825 0.996938 0.996938 0.996938
6560 13.080825 13.080825 13.080825 0.996938 0.996938 0.996938
6570 13.080825 13.080825 13.080825 0.996938 0.996938 0.996938
6580 13.080825 13.080825 13.080825 0.996938 0.996938 0.996938
6590 13.080825 13.080825 13.080825 0.996938 0.996938 0.996938
6600 13.080825 13.080825 13.080825 0.996938 0.996938 0.996938
6610 13.080825 13.080825 13.080825 0.996938 0.996938 0.996938
6620 13.080825 13.080825 13.080825 0.996938 0.996938 0.996938
6630 13.080825 13.080825 13.080825 0.996938 0.996938 0.996938
6640 13.080825 13.080825 13.080825 0.996938 0.996938 0.996938
6650 13.080825 13.080825 13.080825 0.996938 0.996938 0.996938
6660 13.080825 13.080825 13.080825 0.996938 0.996938 0.996938
6670 13.080825 13.080825 13.080825 0.996938 0.996938 0.996938
6680 13.080825 13.080825 13.080825 0.996938 0.996938 0.996938
6690 13.080825 13.080825 13.080825 0.996938 0.996938 0.996938
6700 13.080825 13.080825 13.080825 0.996938 0.996938 0.996938
6710 13.080825 13.080825 13.080825 0.996938 0.996938 0.996938
6720 13.080825 13.080825 13.080825 0.996938 0.996938 0.996938
6730 13.080825 13.080825 13.080825 0.996938 0.996938 0.996938
6740 13.080825 13.080825 13.080825 0.996938 0.996938 0.996938
6750 13.080825 13.080825 13.080825 0.996938 0.996938 0.996938
6760 13.080825 13.080825 13.080825 0.996938 0.996938 0.996938
6770 13.080825 13.080825 13.080825 0.996938 0.996938 0.996938
6780 13.080825 13.080825 13.080825 0.996938 0.996938 0.996938
6790 13.080825 13.080825 13.080825 0.996938 0.996938 0.996938
6800 13.080825 13.080825 13.080825 0.996938 0.996938 0.996938
6810 13.080825 13.080825 13.080825 0.996938 0.996938 0.996938
6820 13.080825 13.080825 13.080825 0.996938 0.996938 0.996938
6830 13.080825 13.080825 13.080825 0.996938 0.996938 0.996938
6840 13.080825 13.080825 13.080825 0.996938 0.996938 0.996938
6850 13.080825 13.080825 13.080825 0.996938 0.996938 0.996938
6860 13.080825 13.080825 13.080825 0.996938 0.996938 0.996938
6870 13.080825 13.080825 13.080825 0.996938 0.996938 0.996938
6880 13.080825 13.080825 13.080825 0.996938 0.996938 0.996938
6890 13.080825 13.080825 13.080825 0.996938 0.996938 0.996938
6900 13.080825 13.080825 13.080825 0.996938 0.996938 0.996938
6910 13.080825 13.080825 13.080825 0.996938 0.996938 0.996938
6920 13.080825 13.080825 13.080825 0.996938 0.996938 0.996938
6930 13.080825 13.080825 13.080825 0.996938 0.996938 0.996938
6940 13.080825 13.080825 13.080825 0.996938 0.996938 0.996938
6950 13.080825 13.080825 13.080825 0.996938 0.996938 0.996938
6960 13.080825 13.080825 13.080825 0.996938 0.996938 0.996938
6970 13.080825 13.080825 13.080825 0.996938 0.996938 0.996938
6980 13.080825 13.080825 13.080825 0.996938 0.996938 0.996938
6990 13.080825 13.080825 13.080825 0.996938 0.996938 0.996938
7000 13.080825 13.080825 13.080825 0.996938 0.996938 0.996938
7010 13.080825 13.080825 13.080825 0.996938 0.996938 0.996938
7020 13.080825 13.080825 13.080825 0.996938 0.996938 0.996938
7030 13.080825 13.080825 13.080825 0.996938 0.996938 0.996938
7040 13.080825 13.080825 13.080825 0.996938 0.996938 0.996938
7050 13.080825 13.080825 13.080825 0.996938 0.996938 0.996938
7060 13.080825 13.080825 13.080825 0.996938 0.996938 0.996938
7070 13.080825 13.080825 13.080825 0.996938 0.996938 0.996938
7080 13.080825 13.080825 13.080825 0.996938 0.996938 0.996938
7090 13.080825 13.080825 13.080825 0.996938 0.996938 0.996938
7100 13.080825 13.080825 13.080825 0.996938 0.996938 0.996938
7110 13.080825 13.080825 13.080825 0.996938 0.996938 0.996938
7120 13.080825 13.080825 13.080825 0.996938 0.996938 0.996938
7130 13.080825 13.080825 13.080825 0.996938 0.996938 0.996938
7140 13.080825 13.080825 13.080825 0.996938 0.996938 0.996938
7150 13.080825 13.080825 13.080825 0.996938 0.996938 0.996938
7160 13.080825 13.080825 13.080825 0.996938 0.996938 0.996938
7170 13.080825 13.080825 13.080825 0.996938 0.996938 0.996938
7180 13.080825 13.080825 13.080825 0.996938 0.996938 0.996938
7190 13.080825 13.080825 13.080825 0.996938 0.996938 0.996938
7200 13.080825 13.080825 13.080825 0.996938 0.996938 0.996938
7210 13.080825 13.080825 13.080825 0.996938 0.996938 0.996938
7220 13.080825 13.080825 13.080825 0.996938 0.996938 0.996938
7230 13.080825 13.080825 13.080825 0.996938 0.996938 0.996938
7240 13.080825 13.080825 13.080825 0.996938 0.996938 0.996938
7250 13.080825 13.080825 13.080825 0.996938 0.996938 0.996938
7260 13.080825 13.080825 13.080825 0.996938 0.996938 0.996938
7270 13.080825 13.080825 13.080825 0.996938 0.996938 0.996938
7280 13.080825 13.080825 13.080825 0.996938 0.996938 0.996938
7290 13.080825 13.080825 13.080825 0.996938 0.996938 0.996938
7300 13.080825 13.080825 13.080825 0.996938 0.996938 0.996938
7310 13.080825 13.080825 13.080825 0.996938 0.996938 0.996938
7320 13.080825 13.080825 13.080825 0.996938 0.996938 0.996938
7330 13.080825 13.080825 13.080825 0.996938 0.996938 0.996938
7340 13.080825 13.080825 13.080825 0.996938 0.996938 0.996938
7350 13.080825 13.080825 13.080825 0.996938 0.996938 0.996938
7360 13.080825 13.080825 13.080825 0.996938 0.996938 0.996938
7370 13.080825 13.080825 13.080825 0.996938 0.996938 0.996938
7380 13.080825 13.080825 13.080825 0.996938 0.996938 0.996938
7390 13.080825 13.080825 13.080825 0.996938 0.996938 0.996938
7400 13.080825 13.080825 13.080825 0.996938 0.996938 0.996938
7410 13.080825 13.080825 13.080825 0.996938 0.996938 0.996938
7420 13.080825 13.080825 13.080825 0.996938 0.996938 0.996938
7430 13.080825 13.080825 13.080825 0.996938 0.996938 0.996938
7440 13.080825 13.080825 13.080825 0.996938 0.996938 0.996938
7450 13.080825 13.080825 13.080825 0.996938 0.996938 0.996938
7460 13.080825 13.080825 13.080825 0.996938 0.996938 0.996938
7470 13.080825 13.080825 13.080825 0.996938 0.996938 0.996938
7480 13.080825 13.080825 13.080825 0.996938 0.996938 0.996938
7490 13.080825 13.080825 13.080825 0.996938 0.996938 0.996938
7500 13.080825 13.080825 13.080825 0.996938 0.996938 0.996938
7510 13.080825 13.080825 13.080825 0.996938 0.996938 0.996938
7520 13.080825 13.080825 13.080825 0.996938 0.996938 0.996938
7530 13.080825 13.080825 13.080825 0.996938 0.996938 0.996938
7540 13.080825 13.080825 13.080825 0.996938 0.996938 0.996938
7550 13.080825 13.080825 13.080825 0.996938 0.996938 0.996938
7560 13.080825 13.080825 13.080825 0.996938 0.996938 0.996938
7570 13.080825 13.080825 13.080825 0.996938 0.996938 0.996938
7580 13.080825 13.080825 13.080825 0.996938 0.996938 0.996938
7590 13.080825 13.080825 13.080825 0.996938 0.996938 0.996938
7600 13.080825 13.080825 13.080825 0.996938 0.996938 0.996938
7610 13.080825 13.080825 13.080825 0.996938 0.996938 0.996938
7620 13.080825 13.080825 13.080825 0.996938 0.996938 0.996938
7630 13.080825 13.080825 13.080825 0.996938 0.996938 0.996938
7640 13.080825 13.080825 13.080825 0.996938 0.996938 0.996938
7650 13.080825 13.080825 13.080825 0.996938 0.996938 0.996938
7660 13.080825 13.080825 13.080825 0.996938 0.996938 0.996938
7670 13.080825 13.080825 13.080825 0.996938 0.996938 0.996938
7680 13.080825 13.080825 13.080825 0.996938 0.996938 0.996938
7690 13.080825 13.080825 13.080825 0.996938 0.996938 0.996938
7700 13.080825 13.080825 13.080825 0.996938 0.996938 0.996938
7710 13.080825 13.080825 13.080825 0.996938 0.996938 0.996938
7720 13.080825 13.080825 13.080825 0.996938 0.996938 0.996938
7730 13.080825 13.080825 13.080825 0.996938 0.996938 0.996938
7740 13.080825 13.080825 13.080825 0.996938 0.996938 0.996938
7750 13.080825 13.080825 13.080825 0.996938 0.996938 0.996938
7760 13.080825 13.080825 13.080825 0.996938 0.996938 0.996938
7770 13.080825 13.080825 13.080825 0.996938 0.996938 0.996938
7780 13.080825 13.080825 13.080825 0.996938 0.996938 0.996938
7790 13.080825 13.080825 13.080825 0.996938 0.996938 0.996938
7800 13.080825 13.080825 13.080825 0.996938 0.996938 0.996938
7810 13.080825 13.080825 13.080825 0.996938 0.996938 0.996938
7820 13.080825 13.080825 13.080825 0.996938 0.996938 0.996938
7830 13.080825 13.080825 13.080825 0.996938 0.996938 0.996938
7840 13.080825 13.080825 13.080825 0.996938 0.996938 0.996938
7850 13.080825 13.080825 13.080825 0.996938 0.996938 0.996938
7860 13.080825 13.080825 13.080825 0.996938 0.996938 0.996938
7870 13.080825 13.080825 13.080825 0.996938 0.996938 0.996938
7880 13.080825 13.080825 13.080825 0.996938 0.996938 0.996938
7890 13.080825 13.080825 13.080825 0.996938 0.996938 0.996938
7900 13.080825 13.080825 13.080825 0.996938 0.996938 0.996938
7910 13.080825 13.080825 13.080825 0.996938 0.996938 0.996938
7920 13.080825 13.080825 13.080825 0.996938 0.996938 0.996938
7930 13.080825 13.080825 13.080825 0.996938 0.996938 0.996938
7940 13.080825 13.080825 13.080825 0.996938 0.996938 0.996938
7950 13.080825 13.080825 13.080825 0.996938 0.996938 0.996938
7960 13.080825 13.080825 13.080825 0.996938 0.996938 0.996938
7970 13.080825 13.080825 13.080825 0.996938 0.996938 0.996938
7980 13.080825 13.080825 13.080825 0.996938 0.996938 0.996938
7990 13.080825 13.080825 13.080825 0.996938 0.996938 0.996938
8000 13.080825 13.080825 13.080825 0.996938 0.996938 0.996938
8010 13.080825 13.080825 13.080825 0.996938 0.996938 0.996938
8020 13.080825 13.080825 13.080825 0.996938 0.996938 0.996938
8030 13.080825 13.080825 13.080825 0.996938 0.996938 0.996938
8040 13.080825 13.080825 13.080825 0.996938 0.996938 0.996938
8050 13.080825 13.080825 13.080825 0.996938 0.996938 0.996938
8060 13.080825 13.080825 13.080825 0.996938 0.996938 0.996938
8070 13.080825 13.080825 13.080825 0.996938 0.996938 0.996938
8080 13.080825 13.080825 13.080825 0.996938 0.996938 0.996938
8090 13.080825 13.080825 13.080825 0.996938 0.996938 0.996938
8100 13.080825 13.080825 13.080825 0.996938 0.996938 0.996938
8110 13.080825 13.080825 13.080825 0.996938 0.996938 0.996938
8120 13.080825 13.080825 13.080825 0.996938 0.996938 0.996938
8130 13.080825 13.080825 13.080825 0.996938 0.996938 0.996938
8140 13.080825 13.080825 13.080825 0.996938 0.996938 0.996938
8150 13.080825 13.080825 13.080825 0.996938 0.996938 0.996938
8160 13.080825 13.080825 13.080825 0.996938 0.996938 0.996938
8170 13.080825 13.080825 13.080825 0.996938 0.996938 0.996938
8180 13.080825 13.080825 13.080825 0.996938 0.996938 0.996938
8190 13.080825 13.080825 13.080825 0.996938 0.996938 0.996938
8200 13.080825 13.080825 13.080825 0.996938 0.996938 0.996938
8210 13.080825 13.080825 13.080825 0.996938 0.996938 0.996938
8220 13.080825 13.080825 13.080825 0.996938 0.996938 0.996938
8230 13.080825 13.080825 13.080825 0.996938 0.996938 0.996938
8240 13.080825 13.080825 13.080825 0.996938 0.996938 0.996938
8250 13.080825 13.080825 13.080825 0.996938 0.996938 0.996938
8260 13.080825 13.080825 13.080825 0.996938 0.996938 0.996938
8270 13.080825 13.080825 13.080825 0.996938 0.996938 0.996938
8280 13.080825 13.080825 13.080825 0.996938 0.996938 0.996938
8290 13.080825 13.080825 13.080825 0.996938 0.996938 0.996938
8300 13.080825 13.080825 13.080825 0.996938 0.996938 0.996938
8310 13.080825 13.080825 13.080825 0.996938 0.996938 0.996938
8320 13.080825 13.080825 13.080825 0.996938 0.996938 0.996938
8330 13.080825 13.080825 13.080825 0.996938 0.996938 0.996938
8340 13.080825 13.080825 13.080825 0.996938 0.996938 0.996938
8350 13.080825 13.080825 13.080825 0.996938 0.996938 0.996938
8360 13.080825 13.080825 13.080825 0.996938 0.996938 0.996938
8370 13.080825 13.080825 13.080825 0.996938 0.996938 0.996938
8380 13.080825 13.080825 13.080825 0.996938 0.996938 0.996938
8390 13.080825 13.080825 13.080825 0.996938 0.996938 0.996938
8400 13.080825 13.080825 13.080825 0.996938 0.996938 0.996938
8410 13.080825 13.080825 13.080825 0.996938 0.996938 0.996938
8420 13.080825 13.080825 13.080825 0.996938 0.996938 0.996938
8430 13.080825 13.080825 13.080825 0.996938 0.996938 0.996938
8440 13.080825 13.080825 13.080825 0.996938 0.996938 0.996938
8450 13.080825 13.080825 13.080825 0.996938 0.996938 0.996938
8460 13.080825 13.080825 13.080825 0.996938 0.996938 0.996938
8470 13.080825 13.080825 13.080825 0.996938 0.996938 0.996938
8480 13.080825 13.080825 13.080825 0.996938 0.996938 0.996938
8490 13.080825 13.080825 13.080825 0.996938 0.996938 0.996938
8500 13.080825 13.080825 13.080825 0.996938 0.996938 0.996938
8510 13.080825 13.080825 13.080825 0.996938 0.996938 0.996938
8520 13.080825 13.080825 13.080825 0.996938 0.996938 0.996938
8530 13.080825 13.080825 13.080825 0.996938 0.996938 0.996938
8540 13.080825 13.080825 13.080825 0.996938 0.996938 0.996938
8550 13.080825 13.080825 13.080825 0.996938 0.996938 0.996938
8560 13.080825 13.080825 13.080825 0.996938 0.996938 0.996938
8570 13.080825 13.080825 13.080825 0.996938 0.996938 0.996938
8580 13.080825 13.080825 13.080825 0.996938 0.996938 0.996938
8590 13.080825 13.080825 13.080825 0.996938 0.996938 0.996938
8600 13.080825 13.080825 13.080825 0.996938 0.996938 0.996938
8610 13.080825 13.080825 13.080825 0.996938 0.996938 0.996938
8620 13.080825 13.080825 13.080825 0.996938 0.996938 0.996938
8630 13.080825 13.080825 13.080825 0.996938 0.996938 0.996938
8640 13.080825 13.080825 13.080825 0.996938 0.996938 0.996938
8650 13.080825 13.080825 13.080825 0.996938 0.996938 0.996938
8660 13.080825 13.080825 13.080825 0.996938 0.996938 0.996938
8670 13.080825 13.080825 13.080825 0.996938 0.996938 0.996938
8680 13.080825 13.080825 13.080825 0.996938 0.996938 0.996938
8690 13.080825 13.080825 13.080825 0.996938 0.996938 0.996938
8700 13.080825 13.080825 13.080825 0.996938 0.996938 0.996938
8710 13.080825 13.080825 13.080825 0.996938 0.996938 0.996938
8720 13.080825 13.080825 13.080825 0.996938 0.996938 0.996938
8730 13.080825 13.080825 13.080825 0.996938 0.996938 0.996938
8740 13.080825 13.080825 13.080825 0.996938 0.996938 0.996938
8750 13.080825 13.080825 13.080825 0.996938 0.996938 0.996938
8760 13.080825 13.080825 13.080825 0.996938 0.996938 0.996938
8770 13.080825 13.080825 13.080825 0.996938 0.996938 0.996938
8780 13.080825 13.080825 13.080825 0.996938 0.996938 0.996938
8790 13.080825 13.080825 13.080825 0.996938 0.996938 0.996938
8800 13.080825 13.080825 13.080825 0.996938 0.996938 0.996938
8810 13.080825 13.080825 13.080825 0.996938 0.996938 0.996938
8820 13.080825 13.080825 13.080825 0.996938 0.996938 0.996938
8830 13.080825 13.080825 13.080825 0.996938 0.996938 0.996938
8840 13.080825 13.080825 13.080825 0.996938 0.996938 0.996938
8850 13.080825 13.080825 13.080825 0.996938 0.996938 0.996938
8860 13.080825 13.080825 13.080825 0.996938 0.996938 0.996938
8870 13.080825 13.080825 13.080825 0.996938 0.996938 0.996938
8880 13.080825 13.080825 13.080825 0.996938 0.996938 0.996938
8890 13.080825 13.080825 13.080825 0.996938 0.996938 0.996938
8900 13.080825 13.080825 13.080825 0.996938 0.996938 0.996938
8910 13.080825 13.080825 13.080825 0.996938 0.996938 0.996938
8920 13.080825 13.080825 13.080825 0.996938 0.996938 0.996938
8930 13.080825 13.080825 13.080825 0.996938 0.996938 0.996938
8940 13.080825 13.080825 13.080825 0.996938 0.996938 0.996938
8950 13.080825 13.080825 13.080825 0.996938 0.996938 0.996938
8960 13.080825 13.080825 13.080825 0.996938 0.996938 0.996938
8970 13.080825 13.080825 13.080825 0.996938 0.996938 0.996938
8980 13.080825 13.080825 13.080825 0.996938 0.996938 0.996938
8990 13.080825 13.080825 13.080825 0.996938 0.996938 0.996938
9000 13.080825 13.080825 13.080825 0.996938 0.996938 0.996938
9010 13.080825 13.080825 13.080825 0.996938 0.996938 0.996938
9020 13.080825 13.080825 13.080825 0.996938 0.996938 0.996938
9030 13.080825 13.080825 13.080825 0.996938 0.996938 0.996938
9040 13.080825 13.080825 13.080825 0.996938 0.996938 0.996938
9050 13.080825 13.080825 13.080825 0.996938 0.996938 0.996938
9060 13.080825 13.080825 13.080825 0.996938 0.996938 0.996938
9070 13.080825 13.080825 13.080825 0.996938 0.996938 0.996938
9080 13.080825 13.080825 13.080825 0.996938 0.996938 0.996938
9090 13.080825 13.080825 13.080825 0.996938 0.996938 0.996938
9100 13.080825 13.080825 13.080825 0.996938 0.996938 0.996938
9110 13.080825 13.080825 13.080825 0.996938 0.996938 0.996938
9120 13.080825 13.080825 13.080825 0.996938 0.996938 0.996938
9130 13.080825 13.080825 13.080825 0.996938 0.996938 0.996938
9140 13.080825 13.080825 13.080825 0.996938 0.996938 0.996938
9150 13.080825 13.080825 13.080825 0.996938 0.996938 0.996938
9160 13.080825 13.080825 13.080825 0.996938 0.996938 0.996938
9170 13.080825 13.080825 13.080825 0.996938 0.996938 0.996938
9180 13.080825 13.080825 13.080825 0.996938 0.996938 0.996938
9190 13.080825 13.080825 13.080825 0.996938 0.996938 0.996938
9200 13.080825 13.080825 13.080825 0.996938 0.996938 0.996938
9210 13.080825 13.080825 13.080825 0.996938 0.996938 0.996938
9220 13.080825 13.080825 13.080825 0.996938 0.996938 0.996938
9230 13.080825 13.080825 13.080825 0.996938 0.996938 0.996938
9240 13.080825 13.080825 13.080825 0.996938 0.996938 0.996938
9250 13.080825 13.080825 13.080825 0.996938 0.996938 0.996938
9260 13.080825 13.080825 13.080825 0.996938 0.996938 0.996938
9270 13.080825 13.080825 13.080825 0.996938 0.996938 0.996938
9280 13.080825 13.080825 13.080825 0.996938 0.996938 0.996938
9290 13.080825 13.080825 13.080825 0.996938 0.996938 0.996938
9300 13.080825 13.080825 13.080825 0.996938 0.996938 0.996938
9310 13.080825 13.080825 13.080825 0.996938 0.996938 0.996938
9320 13.080825 13.080825 13.080825 0.996938 0.996938 0.996938
9330 13.080825 13.080825 13.080825 0.996938 0.996938 0.996938
9340 13.080825 13.080825 13.080825 0.996938 0.996938 0.996938
9350 13.080825 13.080825 13.080825 0.996938 0.996938 0.996938
9360 13.080825 13.080825 13.080825 0.996938 0.996938 0.996938
9370 13.080825 13.080825 13.080825 0.996938 0.996938 0.996938
9380 13.080825 13.080825 13.080825 0.996938 0.996938 0.996938
9390 13.080825 13.080825 13.080825 0.996938 0.996938 0.996938
9400 13.080825 13.080825 13.080825 0.996938 0.996938 0.996938
9410 13.080825 13.080825 13.080825 0.996938 0.996938 0.996938
9420 13.080825 13.080825 13.080825 0.996938 0.996938 0.996938
9430 13.080825 13.080825 13.080825 0.996938 0.996938 0.996938
9440 13.080825 13.080825 13.080825 0.996938 0.996938 0.996938
9450 13.080825 13.080825 13.080825 0.996938 0.996938 0.996938
9460 13.080825 13.080825 13.080825 0.996938 0.996938 0.996938
9470 13.080825 13.080825 13.080825 0.996938 0.996938 0.996938
9480 13.080825 13.080825 13.080825 0.996938 0.996938 0.996938
9490 13.080825 13.080825 13.080825 0.996938 0.996938 0.996938
9500 13.080825 13.080825 13.080825 0.996938 0.996938 0.996938
9510 13.080825 13.080825 13.080825 0.996938 0.996938 0.996938
9520 13.080825 13.080825 13.080825 0.996938 0.996938 0.996938
9530 13.080825 13.080825 13.080825 0.996938 0.996938 0.996938
9540 13.080825 13.080825 13.080825 0.996938 0.996938 0.996938
9550 13.080825 13.080825 13.080825 0.996938 0.996938 0.996938
9560 13.080825 13.080825 13.080825 0.996938 0.996938 0.996938
9570 13.080825 13.080825 13.080825 0.996938 0.996938 0.996938
9580 13.080825 13.080825 13.080825 0.996938 0.996938 0.996938
9590 13.080825 13.080825 13.080825 0.996938 0.996938 0.996938
9600 13.080825 13.080825 13.080825 0.996938 0.996938 0.996938
9610 13.080825 13.080825 13.080825 0.996938 0.996938 0.996938
9620 13.080825 13.080825 13.080825 0.996938 0.996938 0.996938
9630 13.080825 13.080825 13.080825 0.996938 0.996938 0.996938
9640 13.080825 13.080825 13.080825 0.996938 0.996938 0.996938
9650 13.080825 13.080825 13.080825 0.996938 0.996938 0.996938
9660 13.080825 13.080825 13.080825 0.996938 0.996938 0.996938
9670 13.080825 13.080825 13.080825 0.996938 0.996938 0.996938
9680 13.080825 13.080825 13.080825 0.996938 0.996938 0.996938
9690 13.080825 13.080825 13.080825 0.996938 0.996938 0.996938
9700 13.080825 13.080825 13.080825 0.996938 0.996938 0.996938
9710 13.080825 13.080825 13.080825 0.996938 0.996938 0.996938
9720 13.080825 13.080825 13.080825 0.996938 0.996938 0.996938
9730 13.080825 13.080825 13.080825 0.996938 0.996938 0.996938
9740 13.080825 13.080825 13.080825 0.996938 0.996938 0.996938
9750 13.080825 13.080825 13.080825 0.996938 0.996938 0.996938
9760 13.080825 13.080825 13.080825 0.996938 0.996938 0.996938
9770 13.080825 13.080825 13.080825 0.996938 0.996938 0.996938
9780 13.080825 13.080825 13.080825 0.996938 0.996938 0.996938
9790 13.080825 13.080825 13.080825 0.996938 0.996938 0.996938
9800 13.080825 13.080825 13.080825 0.996938 0.996938 0.996938
9810 13.080825 13.080825 13.080825 0.996938 0.996938 0.996938
9820 13.080825 13.080825 13.080825 0.996938 0.996938 0.996938
9830 13.080825 13.080825 13.080825 0.996938 0.996938 0.996938
9840 13.080825 13.080825 13.080825 0.996938 0.996938 0.996938
9850 13.080825 13.080825 13.080825 0.996938 0.996938 0.996938
9860 13.080825 13.080825 13.080825 0.996938 0.996938 0.996938
9870 13.080825 13.080825 13.080825 0.996938 0.996938 0.996938
9880 13.080825 13.080825 13.080825 0.996938 0.996938 0.996938
9890 13.080825 13.080825 13.080825 0.996938 0.996938 0.996938
9900 13.080825 13.080825 13.080825 0.996938 0.996938 0.996938
9910 13.080825 13.080825 13.080825 0.996938 0.996938 0.996938
9920 13.080825 13.080825 13.080825 0.996938 0.996938 0.996938
9930 13.080825 13.080825 13.080825 0.996938 0.996938 0.996938
9940 13.080825 13.080825 13.080825 0.996938 0.996938 0.996938
9950 13.080825 13.080825 13.080825 0.996938 0.996938 0.996938
9960 13.080825 13.080825 13.080825 0.996938 0.996938 0.996938
9970 13.080825 13.080825 13.080825 0.996938 0.996938 0.996938
9980 13.080825 13.080825 13.080825 0.996938 0.996938 0.996938
9990 13.080825 13.080825 13.080825 0.996938 0.996938 0.996938
10000 13.080825 13.080825 13.080825 0.996938 0.996938 0.996938
