# generation power_min power_avg power_max util_min util_avg util_max
1 20.908720 21.729739 22.937890 0.328155 0.340111 0.347830
10 20.821769 21.604834 22.326214 0.332364 0.341267 0.348470
20 20.821769 21.487189 22.147381 0.335407 0.342338 0.348938
30 20.712079 21.370460 21.989847 0.336300 0.343312 0.349782
40 20.324242 21.261412 21.849063 0.337913 0.344248 0.351792
50 20.324242 21.172337 21.727695 0.339156 0.345003 0.351792
60 20.324242 21.088026 21.551445 0.339156 0.345800 0.352513
70 20.286595 20.995619 21.446876 0.340499 0.346669 0.353156
80 20.207235 20.915547 21.329122 0.340499 0.347415 0.354720
90 20.172451 20.838827 21.242057 0.343030 0.348138 0.356291
100 20.117240 20.760483 21.160181 0.343723 0.348886 0.356291
110 20.068346 20.688531 21.090113 0.343723 0.349534 0.356957
120 20.068346 20.617934 21.035287 0.344778 0.350274 0.356957
130 19.862266 20.538479 20.942823 0.344778 0.351071 0.359284
140 19.857885 20.466904 20.870594 0.345862 0.351736 0.359284
150 19.857885 20.389974 20.808030 0.347113 0.352351 0.359284
160 19.857885 20.323204 20.712079 0.348931 0.352910 0.359284
170 19.834415 20.254816 20.642058 0.348931 0.353643 0.359284
180 19.675055 20.183570 20.555402 0.348931 0.354260 0.360170
190 19.666017 20.127881 20.483808 0.349319 0.354680 0.360170
200 19.540581 20.067402 20.368920 0.350600 0.355305 0.361759
210 19.540581 20.020014 20.317163 0.350683 0.355836 0.361759
220 19.540581 19.969408 20.247983 0.351780 0.356447 0.361759
230 19.540581 19.921440 20.209524 0.351944 0.357042 0.361759
240 19.540581 19.876918 20.145982 0.351944 0.357532 0.362127
250 19.540581 19.834509 20.075204 0.353779 0.358029 0.362232
260 19.540581 19.791630 20.027977 0.353779 0.358603 0.362232
270 19.523622 19.750024 19.955144 0.354491 0.359155 0.362335
280 19.430894 19.710706 19.915729 0.354491 0.359693 0.363519
290 19.430894 19.677724 19.874684 0.355495 0.360069 0.363519
300 19.430894 19.645592 19.857885 0.355495 0.360426 0.363519
310 19.385881 19.615008 19.794316 0.355495 0.360723 0.363720
320 19.385881 19.587586 19.776068 0.355495 0.361078 0.364189
330 19.385881 19.567697 19.693748 0.357920 0.361307 0.364189
340 19.371111 19.547301 19.634282 0.358171 0.361658 0.364398
350 19.371111 19.530929 19.632546 0.358171 0.361822 0.364398
360 19.349580 19.513609 19.604917 0.358171 0.362105 0.364769
370 19.349580 19.497858 19.603633 0.358171 0.362473 0.364769
380 19.349580 19.481227 19.560977 0.360029 0.362778 0.364769
390 19.349580 19.467235 19.558612 0.360029 0.362939 0.364769
400 19.349580 19.453014 19.523622 0.360029 0.363133 0.364769
410 19.314590 19.438277 19.500645 0.361739 0.363394 0.364978
420 19.314590 19.426900 19.487415 0.362331 0.363570 0.364978
430 19.314590 19.413762 19.487415 0.362331 0.363742 0.364978
440 19.314590 19.402809 19.483975 0.362331 0.363883 0.364978
450 19.304567 19.391130 19.452425 0.362540 0.364072 0.364978
460 19.304567 19.380881 19.430894 0.362911 0.364240 0.364978
470 19.304567 19.372965 19.430894 0.362911 0.364361 0.364978
480 19.304567 19.365034 19.430894 0.362911 0.364477 0.364978
490 19.304567 19.357153 19.406102 0.363582 0.364623 0.364978
500 19.304567 19.350716 19.402661 0.363582 0.364690 0.364978
510 19.304567 19.346950 19.371111 0.364162 0.364749 0.364978
520 19.304567 19.344562 19.349580 0.364162 0.364784 0.364978
530 19.304567 19.343378 19.349580 0.364162 0.364784 0.364978
540 19.304567 19.342578 19.349580 0.364162 0.364788 0.364978
550 19.304567 19.340143 19.349580 0.364162 0.364794 0.364978
560 19.304567 19.336759 19.349580 0.364162 0.364807 0.364978
570 19.269577 19.333209 19.349580 0.364162 0.364826 0.365180
580 19.248046 19.328859 19.349580 0.364162 0.364844 0.365551
590 19.213055 19.324078 19.349580 0.364162 0.364874 0.365760
600 19.213055 19.318128 19.349580 0.364162 0.364900 0.365760
610 19.213055 19.312878 19.349580 0.364162 0.364922 0.365760
620 19.213055 19.306847 19.349580 0.364162 0.364958 0.365760
630 19.213055 19.298585 19.346140 0.364162 0.365015 0.365760
640 19.213055 19.293568 19.314590 0.364364 0.365065 0.365886
650 19.213055 19.289114 19.314590 0.364364 0.365088 0.365886
660 19.213055 19.281575 19.314590 0.364364 0.365150 0.365886
670 19.213055 19.274122 19.311150 0.364364 0.365211 0.365886
680 19.213055 19.265498 19.304567 0.364364 0.365292 0.365886
690 19.213055 19.257962 19.304567 0.364364 0.365358 0.365886
700 19.209615 19.248804 19.304567 0.364364 0.365432 0.365886
710 19.209615 19.239619 19.304567 0.364364 0.365505 0.365886
720 19.209615 19.230921 19.269577 0.365153 0.365600 0.365886
730 19.159323 19.224160 19.269577 0.365153 0.365666 0.366466
740 19.159323 19.217929 19.269577 0.365153 0.365721 0.366466
750 19.159323 19.213896 19.248046 0.365153 0.365731 0.366466
760 19.159323 19.210289 19.215844 0.365153 0.365756 0.366466
770 19.159323 19.207699 19.213055 0.365096 0.365769 0.366466
780 19.155883 19.204875 19.213055 0.365096 0.365780 0.366466
790 19.155883 19.201582 19.213055 0.365096 0.365810 0.366466
800 19.155883 19.197649 19.213055 0.365096 0.365829 0.366466
810 19.155883 19.193282 19.213055 0.365096 0.365873 0.366466
820 19.155883 19.188949 19.213055 0.365096 0.365923 0.366466
830 19.130196 19.183250 19.213055 0.365096 0.365988 0.366492
840 19.076463 19.177014 19.213055 0.365096 0.366060 0.367197
850 19.076463 19.171503 19.213055 0.365096 0.366106 0.367197
860 19.076463 19.165992 19.209615 0.365096 0.366153 0.367197
870 19.076463 19.159996 19.209615 0.365096 0.366267 0.367197
880 19.076463 19.156446 19.159323 0.365859 0.366317 0.367197
890 19.076463 19.156274 19.159323 0.365859 0.366287 0.367197
900 19.076463 19.155204 19.159323 0.365859 0.366251 0.367197
910 19.076463 19.154066 19.159323 0.365859 0.366204 0.367197
920 19.076463 19.153722 19.159323 0.365859 0.366143 0.367197
930 19.051966 19.150751 19.159323 0.365859 0.366116 0.367197
940 19.051966 19.150407 19.159323 0.365859 0.366055 0.367197
950 19.051966 19.147680 19.159323 0.365859 0.366035 0.367197
960 19.051966 19.145057 19.155883 0.365859 0.366032 0.367197
970 19.051966 19.143223 19.155883 0.365859 0.366053 0.367197
980 19.051966 19.142429 19.155883 0.365859 0.366066 0.367197
990 19.051966 19.137723 19.155883 0.365859 0.366113 0.367197
1000 19.051966 19.136135 19.155883 0.365859 0.366140 0.367197
1010 19.051966 19.131370 19.155883 0.365859 0.366220 0.367197
1020 19.051966 19.126909 19.155883 0.365859 0.366274 0.367197
1030 19.051966 19.118722 19.155883 0.365859 0.366401 0.367197
1040 19.051966 19.112672 19.155883 0.365859 0.366481 0.367197
1050 19.051966 19.103751 19.155883 0.365859 0.366589 0.367197
1060 19.051966 19.095319 19.155883 0.365859 0.366709 0.367197
1070 19.051966 19.086152 19.155883 0.365859 0.366810 0.367197
1080 19.051966 19.077230 19.155883 0.365859 0.366917 0.367197
1090 19.000479 19.068109 19.076463 0.366533 0.366997 0.367792
1100 19.000479 19.065905 19.076463 0.366533 0.366938 0.367792
1110 19.000479 19.063945 19.076463 0.366533 0.366885 0.367792
1120 19.000479 19.060980 19.076463 0.366533 0.366831 0.367792
1130 19.000479 19.057746 19.076463 0.366533 0.366796 0.367792
1140 19.000479 19.055296 19.076463 0.366533 0.366730 0.367792
1150 19.000479 19.052846 19.076463 0.366533 0.366663 0.367792
1160 19.000479 19.050396 19.076463 0.366533 0.366597 0.367792
1170 19.000479 19.049907 19.051966 0.366533 0.366584 0.367792
1180 19.000479 19.048877 19.051966 0.366533 0.366609 0.367792
1190 19.000479 19.047847 19.051966 0.366533 0.366634 0.367792
1200 19.000479 19.047332 19.051966 0.366533 0.366646 0.367792
1210 19.000479 19.047332 19.051966 0.366533 0.366646 0.367792
1220 19.000479 19.045273 19.051966 0.366533 0.366697 0.367792
1230 19.000479 19.041669 19.051966 0.366533 0.366785 0.367792
1240 19.000479 19.039609 19.051966 0.366533 0.366835 0.367792
1250 19.000479 19.036005 19.051966 0.366533 0.366923 0.367792
1260 19.000479 19.031886 19.051966 0.366533 0.367024 0.367792
1270 19.000479 19.027252 19.051966 0.366533 0.367137 0.367792
1280 19.000479 19.022619 19.051966 0.366533 0.367250 0.367792
1290 19.000479 19.017470 19.051966 0.366533 0.367376 0.367792
1300 19.000479 19.012321 19.051966 0.366533 0.367502 0.367792
1310 19.000479 19.007173 19.051966 0.366533 0.367628 0.367792
1320 19.000479 19.002024 19.051966 0.366533 0.367754 0.367792
1330 19.000479 19.000479 19.000479 0.367792 0.367792 0.367792
1340 19.000479 19.000479 19.000479 0.367792 0.367792 0.367792
1350 19.000479 19.000479 19.000479 0.367792 0.367792 0.367792
1360 19.000479 19.000479 19.000479 0.367792 0.367792 0.367792
1370 19.000479 19.000479 19.000479 0.367792 0.367792 0.367792
1380 19.000479 19.000479 19.000479 0.367792 0.367792 0.367792
1390 19.000479 19.000479 19.000479 0.367792 0.367792 0.367792
1400 19.000479 19.000479 19.000479 0.367792 0.367792 0.367792
1410 19.000479 19.000479 19.000479 0.367792 0.367792 0.367792
1420 19.000479 19.000479 19.000479 0.367792 0.367792 0.367792
1430 19.000479 19.000479 19.000479 0.367792 0.367792 0.367792
1440 19.000479 19.000479 19.000479 0.367792 0.367792 0.367792
1450 19.000479 19.000479 19.000479 0.367792 0.367792 0.367792
1460 19.000479 19.000479 19.000479 0.367792 0.367792 0.367792
1470 19.000479 19.000479 19.000479 0.367792 0.367792 0.367792
1480 19.000479 19.000479 19.000479 0.367792 0.367792 0.367792
1490 19.000479 19.000479 19.000479 0.367792 0.367792 0.367792
1500 19.000479 19.000479 19.000479 0.367792 0.367792 0.367792
1510 19.000479 19.000479 19.000479 0.367792 0.367792 0.367792
1520 19.000479 19.000479 19.000479 0.367792 0.367792 0.367792
1530 19.000479 19.000479 19.000479 0.367792 0.367792 0.367792
1540 19.000479 19.000479 19.000479 0.367792 0.367792 0.367792
1550 19.000479 19.000479 19.000479 0.367792 0.367792 0.367792
1560 19.000479 19.000479 19.000479 0.367792 0.367792 0.367792
1570 19.000479 19.000479 19.000479 0.367792 0.367792 0.367792
1580 19.000479 19.000479 19.000479 0.367792 0.367792 0.367792
1590 19.000479 19.000479 19.000479 0.367792 0.367792 0.367792
1600 19.000479 19.000479 19.000479 0.367792 0.367792 0.367792
1610 19.000479 19.000479 19.000479 0.367792 0.367792 0.367792
1620 19.000479 19.000479 19.000479 0.367792 0.367792 0.367792
1630 19.000479 19.000479 19.000479 0.367792 0.367792 0.367792
1640 19.000479 19.000479 19.000479 0.367792 0.367792 0.367792
1650 19.000479 19.000479 19.000479 0.367792 0.367792 0.367792
1660 19.000479 19.000479 19.000479 0.367792 0.367792 0.367792
1670 19.000479 19.000479 19.000479 0.367792 0.367792 0.367792
1680 19.000479 19.000479 19.000479 0.367792 0.367792 0.367792
1690 19.000479 19.000479 19.000479 0.367792 0.367792 0.367792
1700 19.000479 19.000479 19.000479 0.367792 0.367792 0.367792
1710 19.000479 19.000479 19.000479 0.367792 0.367792 0.367792
1720 19.000479 19.000479 19.000479 0.367792 0.367792 0.367792
1730 19.000479 19.000479 19.000479 0.367792 0.367792 0.367792
1740 19.000479 19.000479 19.000479 0.367792 0.367792 0.367792
1750 19.000479 19.000479 19.000479 0.367792 0.367792 0.367792
1760 19.000479 19.000479 19.000479 0.367792 0.367792 0.367792
1770 19.000479 19.000479 19.000479 0.367792 0.367792 0.367792
1780 19.000479 19.000479 19.000479 0.367792 0.367792 0.367792
1790 19.000479 19.000479 19.000479 0.367792 0.367792 0.367792
1800 19.000479 19.000479 19.000479 0.367792 0.367792 0.367792
1810 19.000479 19.000479 19.000479 0.367792 0.367792 0.367792
1820 19.000479 19.000479 19.000479 0.367792 0.367792 0.367792
1830 19.000479 19.000479 19.000479 0.367792 0.367792 0.367792
1840 19.000479 19.000479 19.000479 0.367792 0.367792 0.367792
1850 19.000479 19.000479 19.000479 0.367792 0.367792 0.367792
1860 19.000479 19.000479 19.000479 0.367792 0.367792 0.367792
1870 19.000479 19.000479 19.000479 0.367792 0.367792 0.367792
1880 19.000479 19.000479 19.000479 0.367792 0.367792 0.367792
1890 19.000479 19.000479 19.000479 0.367792 0.367792 0.367792
1900 19.000479 19.000479 19.000479 0.367792 0.367792 0.367792
1910 19.000479 19.000479 19.000479 0.367792 0.367792 0.367792
1920 19.000479 19.000479 19.000479 0.367792 0.367792 0.367792
1930 19.000479 19.000479 19.000479 0.367792 0.367792 0.367792
1940 19.000479 19.000479 19.000479 0.367792 0.367792 0.367792
1950 19.000479 19.000479 19.000479 0.367792 0.367792 0.367792
1960 19.000479 19.000479 19.000479 0.367792 0.367792 0.367792
1970 19.000479 19.000479 19.000479 0.367792 0.367792 0.367792
1980 19.000479 19.000479 19.000479 0.367792 0.367792 0.367792
1990 19.000479 19.000479 19.000479 0.367792 0.367792 0.367792
2000 19.000479 19.000479 19.000479 0.367792 0.367792 0.367792
2010 19.000479 19.000479 19.000479 0.367792 0.367792 0.367792
2020 19.000479 19.000479 19.000479 0.367792 0.367792 0.367792
2030 19.000479 19.000479 19.000479 0.367792 0.367792 0.367792
2040 19.000479 19.000479 19.000479 0.367792 0.367792 0.367792
2050 19.000479 19.000479 19.000479 0.367792 0.367792 0.367792
2060 19.000479 19.000479 19.000479 0.367792 0.367792 0.367792
2070 19.000479 19.000479 19.000479 0.367792 0.367792 0.367792
2080 19.000479 19.000479 19.000479 0.367792 0.367792 0.367792
2090 19.000479 19.000479 19.000479 0.367792 0.367792 0.367792
2100 19.000479 19.000479 19.000479 0.367792 0.367792 0.367792
2110 19.000479 19.000479 19.000479 0.367792 0.367792 0.367792
2120 19.000479 19.000479 19.000479 0.367792 0.367792 0.367792
2130 19.000479 19.000479 19.000479 0.367792 0.367792 0.367792
2140 19.000479 19.000479 19.000479 0.367792 0.367792 0.367792
2150 19.000479 19.000479 19.000479 0.367792 0.367792 0.367792
2160 19.000479 19.000479 19.000479 0.367792 0.367792 0.367792
2170 19.000479 19.000479 19.000479 0.367792 0.367792 0.367792
2180 19.000479 19.000479 19.000479 0.367792 0.367792 0.367792
2190 19.000479 19.000479 19.000479 0.367792 0.367792 0.367792
2200 19.000479 19.000479 19.000479 0.367792 0.367792 0.367792
2210 19.000479 19.000479 19.000479 0.367792 0.367792 0.367792
2220 19.000479 19.000479 19.000479 0.367792 0.367792 0.367792
2230 19.000479 19.000479 19.000479 0.367792 0.367792 0.367792
2240 19.000479 19.000479 19.000479 0.367792 0.367792 0.367792
2250 19.000479 19.000479 19.000479 0.367792 0.367792 0.367792
2260 19.000479 19.000479 19.000479 0.367792 0.367792 0.367792
2270 19.000479 19.000479 19.000479 0.367792 0.367792 0.367792
2280 19.000479 19.000479 19.000479 0.367792 0.367792 0.367792
2290 19.000479 19.000479 19.000479 0.367792 0.367792 0.367792
2300 19.000479 19.000479 19.000479 0.367792 0.367792 0.367792
2310 19.000479 19.000479 19.000479 0.367792 0.367792 0.367792
2320 19.000479 19.000479 19.000479 0.367792 0.367792 0.367792
2330 19.000479 19.000479 19.000479 0.367792 0.367792 0.367792
2340 19.000479 19.000479 19.000479 0.367792 0.367792 0.367792
2350 19.000479 19.000479 19.000479 0.367792 0.367792 0.367792
2360 19.000479 19.000479 19.000479 0.367792 0.367792 0.367792
2370 19.000479 19.000479 19.000479 0.367792 0.367792 0.367792
2380 19.000479 19.000479 19.000479 0.367792 0.367792 0.367792
2390 19.000479 19.000479 19.000479 0.367792 0.367792 0.367792
2400 19.000479 19.000479 19.000479 0.367792 0.367792 0.367792
2410 19.000479 19.000479 19.000479 0.367792 0.367792 0.367792
2420 19.000479 19.000479 19.000479 0.367792 0.367792 0.367792
2430 19.000479 19.000479 19.000479 0.367792 0.367792 0.367792
2440 19.000479 19.000479 19.000479 0.367792 0.367792 0.367792
2450 19.000479 19.000479 19.000479 0.367792 0.367792 0.367792
2460 19.000479 19.000479 19.000479 0.367792 0.367792 0.367792
2470 19.000479 19.000479 19.000479 0.367792 0.367792 0.367792
2480 19.000479 19.000479 19.000479 0.367792 0.367792 0.367792
2490 19.000479 19.000479 19.000479 0.367792 0.367792 0.367792
2500 19.000479 19.000479 19.000479 0.367792 0.367792 0.367792
2510 19.000479 19.000479 19.000479 0.367792 0.367792 0.367792
2520 19.000479 19.000479 19.000479 0.367792 0.367792 0.367792
2530 19.000479 19.000479 19.000479 0.367792 0.367792 0.367792
2540 19.000479 19.000479 19.000479 0.367792 0.367792 0.367792
2550 19.000479 19.000479 19.000479 0.367792 0.367792 0.367792
2560 19.000479 19.000479 19.000479 0.367792 0.367792 0.367792
2570 19.000479 19.000479 19.000479 0.367792 0.367792 0.367792
2580 19.000479 19.000479 19.000479 0.367792 0.367792 0.367792
2590 19.000479 19.000479 19.000479 0.367792 0.367792 0.367792
2600 19.000479 19.000479 19.000479 0.367792 0.367792 0.367792
2610 19.000479 19.000479 19.000479 0.367792 0.367792 0.367792
2620 19.000479 19.000479 19.000479 0.367792 0.367792 0.367792
2630 19.000479 19.000479 19.000479 0.367792 0.367792 0.367792
2640 19.000479 19.000479 19.000479 0.367792 0.367792 0.367792
2650 19.000479 19.000479 19.000479 0.367792 0.367792 0.367792
2660 19.000479 19.000479 19.000479 0.367792 0.367792 0.367792
2670 19.000479 19.000479 19.000479 0.367792 0.367792 0.367792
2680 19.000479 19.000479 19.000479 0.367792 0.367792 0.367792
2690 19.000479 19.000479 19.000479 0.367792 0.367792 0.367792
2700 19.000479 19.000479 19.000479 0.367792 0.367792 0.367792
2710 19.000479 19.000479 19.000479 0.367792 0.367792 0.367792
2720 19.000479 19.000479 19.000479 0.367792 0.367792 0.367792
2730 19.000479 19.000479 19.000479 0.367792 0.367792 0.367792
2740 19.000479 19.000479 19.000479 0.367792 0.367792 0.367792
2750 19.000479 19.000479 19.000479 0.367792 0.367792 0.367792
2760 19.000479 19.000479 19.000479 0.367792 0.367792 0.367792
2770 19.000479 19.000479 19.000479 0.367792 0.367792 0.367792
2780 19.000479 19.000479 19.000479 0.367792 0.367792 0.367792
2790 19.000479 19.000479 19.000479 0.367792 0.367792 0.367792
2800 19.000479 19.000479 19.000479 0.367792 0.367792 0.367792
2810 19.000479 19.000479 19.000479 0.367792 0.367792 0.367792
2820 19.000479 19.000479 19.000479 0.367792 0.367792 0.367792
2830 19.000479 19.000479 19.000479 0.367792 0.367792 0.367792
2840 19.000479 19.000479 19.000479 0.367792 0.367792 0.367792
2850 19.000479 19.000479 19.000479 0.367792 0.367792 0.367792
2860 19.000479 19.000479 19.000479 0.367792 0.367792 0.367792
2870 19.000479 19.000479 19.000479 0.367792 0.367792 0.367792
2880 19.000479 19.000479 19.000479 0.367792 0.367792 0.367792
2890 19.000479 19.000479 19.000479 0.367792 0.367792 0.367792
2900 19.000479 19.000479 19.000479 0.367792 0.367792 0.367792
2910 19.000479 19.000479 19.000479 0.367792 0.367792 0.367792
2920 19.000479 19.000479 19.000479 0.367792 0.367792 0.367792
2930 19.000479 19.000479 19.000479 0.367792 0.367792 0.367792
2940 19.000479 19.000479 19.000479 0.367792 0.367792 0.367792
2950 19.000479 19.000479 19.000479 0.367792 0.367792 0.367792
2960 19.000479 19.000479 19.000479 0.367792 0.367792 0.367792
2970 19.000479 19.000479 19.000479 0.367792 0.367792 0.367792
2980 19.000479 19.000479 19.000479 0.367792 0.367792 0.367792
2990 19.000479 19.000479 19.000479 0.367792 0.367792 0.367792
3000 19.000479 19.000479 19.000479 0.367792 0.367792 0.367792
3010 19.000479 19.000479 19.000479 0.367792 0.367792 0.367792
3020 19.000479 19.000479 19.000479 0.367792 0.367792 0.367792
3030 19.000479 19.000479 19.000479 0.367792 0.367792 0.367792
3040 19.000479 19.000479 19.000479 0.367792 0.367792 0.367792
3050 19.000479 19.000479 19.000479 0.367792 0.367792 0.367792
3060 19.000479 19.000479 19.000479 0.367792 0.367792 0.367792
3070 19.000479 19.000479 19.000479 0.367792 0.367792 0.367792
3080 19.000479 19.000479 19.000479 0.367792 0.367792 0.367792
3090 19.000479 19.000479 19.000479 0.367792 0.367792 0.367792
3100 19.000479 19.000479 19.000479 0.367792 0.367792 0.367792
3110 19.000479 19.000479 19.000479 0.367792 0.367792 0.367792
3120 19.000479 19.000479 19.000479 0.367792 0.367792 0.367792
3130 19.000479 19.000479 19.000479 0.367792 0.367792 0.367792
3140 19.000479 19.000479 19.000479 0.367792 0.367792 0.367792
3150 19.000479 19.000479 19.000479 0.367792 0.367792 0.367792
3160 19.000479 19.000479 19.000479 0.367792 0.367792 0.367792
3170 19.000479 19.000479 19.000479 0.367792 0.367792 0.367792
3180 19.000479 19.000479 19.000479 0.367792 0.367792 0.367792
3190 19.000479 19.000479 19.000479 0.367792 0.367792 0.367792
3200 19.000479 19.000479 19.000479 0.367792 0.367792 0.367792
3210 19.000479 19.000479 19.000479 0.367792 0.367792 0.367792
3220 19.000479 19.000479 19.000479 0.367792 0.367792 0.367792
3230 19.000479 19.000479 19.000479 0.367792 0.367792 0.367792
3240 19.000479 19.000479 19.000479 0.367792 0.367792 0.367792
3250 19.000479 19.000479 19.000479 0.367792 0.367792 0.367792
3260 19.000479 19.000479 19.000479 0.367792 0.367792 0.367792
3270 19.000479 19.000479 19.000479 0.367792 0.367792 0.367792
3280 19.000479 19.000479 19.000479 0.367792 0.367792 0.367792
3290 19.000479 19.000479 19.000479 0.367792 0.367792 0.367792
3300 19.000479 19.000479 19.000479 0.367792 0.367792 0.367792
3310 19.000479 19.000479 19.000479 0.367792 0.367792 0.367792
3320 19.000479 19.000479 19.000479 0.367792 0.367792 0.367792
3330 19.000479 19.000479 19.000479 0.367792 0.367792 0.367792
3340 19.000479 19.000479 19.000479 0.367792 0.367792 0.367792
3350 19.000479 19.000479 19.000479 0.367792 0.367792 0.367792
3360 19.000479 19.000479 19.000479 0.367792 0.367792 0.367792
3370 19.000479 19.000479 19.000479 0.367792 0.367792 0.367792
3380 19.000479 19.000479 19.000479 0.367792 0.367792 0.367792
3390 19.000479 19.000479 19.000479 0.367792 0.367792 0.367792
3400 19.000479 19.000479 19.000479 0.367792 0.367792 0.367792
3410 19.000479 19.000479 19.000479 0.367792 0.367792 0.367792
3420 19.000479 19.000479 19.000479 0.367792 0.367792 0.367792
3430 19.000479 19.000479 19.000479 0.367792 0.367792 0.367792
3440 19.000479 19.000479 19.000479 0.367792 0.367792 0.367792
3450 19.000479 19.000479 19.000479 0.367792 0.367792 0.367792
3460 19.000479 19.000479 19.000479 0.367792 0.367792 0.367792
3470 19.000479 19.000479 19.000479 0.367792 0.367792 0.367792
3480 19.000479 19.000479 19.000479 0.367792 0.367792 0.367792
3490 19.000479 19.000479 19.000479 0.367792 0.367792 0.367792
3500 19.000479 19.000479 19.000479 0.367792 0.367792 0.367792
3510 19.000479 19.000479 19.000479 0.367792 0.367792 0.367792
3520 19.000479 19.000479 19.000479 0.367792 0.367792 0.367792
3530 19.000479 19.000479 19.000479 0.367792 0.367792 0.367792
3540 19.000479 19.000479 19.000479 0.367792 0.367792 0.367792
3550 19.000479 19.000479 19.000479 0.367792 0.367792 0.367792
3560 19.000479 19.000479 19.000479 0.367792 0.367792 0.367792
3570 19.000479 19.000479 19.000479 0.367792 0.367792 0.367792
3580 19.000479 19.000479 19.000479 0.367792 0.367792 0.367792
3590 19.000479 19.000479 19.000479 0.367792 0.367792 0.367792
3600 19.000479 19.000479 19.000479 0.367792 0.367792 0.367792
3610 19.000479 19.000479 19.000479 0.367792 0.367792 0.367792
3620 19.000479 19.000479 19.000479 0.367792 0.367792 0.367792
3630 19.000479 19.000479 19.000479 0.367792 0.367792 0.367792
3640 19.000479 19.000479 19.000479 0.367792 0.367792 0.367792
3650 19.000479 19.000479 19.000479 0.367792 0.367792 0.367792
3660 19.000479 19.000479 19.000479 0.367792 0.367792 0.367792
3670 19.000479 19.000479 19.000479 0.367792 0.367792 0.367792
3680 19.000479 19.000479 19.000479 0.367792 0.367792 0.367792
3690 19.000479 19.000479 19.000479 0.367792 0.367792 0.367792
3700 19.000479 19.000479 19.000479 0.367792 0.367792 0.367792
3710 19.000479 19.000479 19.000479 0.367792 0.367792 0.367792
3720 19.000479 19.000479 19.000479 0.367792 0.367792 0.367792
3730 19.000479 19.000479 19.000479 0.367792 0.367792 0.367792
3740 19.000479 19.000479 19.000479 0.367792 0.367792 0.367792
3750 19.000479 19.000479 19.000479 0.367792 0.367792 0.367792
3760 19.000479 19.000479 19.000479 0.367792 0.367792 0.367792
3770 19.000479 19.000479 19.000479 0.367792 0.367792 0.367792
3780 19.000479 19.000479 19.000479 0.367792 0.367792 0.367792
3790 19.000479 19.000479 19.000479 0.367792 0.367792 0.367792
3800 19.000479 19.000479 19.000479 0.367792 0.367792 0.367792
3810 19.000479 19.000479 19.000479 0.367792 0.367792 0.367792
3820 19.000479 19.000479 19.000479 0.367792 0.367792 0.367792
3830 19.000479 19.000479 19.000479 0.367792 0.367792 0.367792
3840 19.000479 19.000479 19.000479 0.367792 0.367792 0.367792
3850 19.000479 19.000479 19.000479 0.367792 0.367792 0.367792
3860 19.000479 19.000479 19.000479 0.367792 0.367792 0.367792
3870 19.000479 19.000479 19.000479 0.367792 0.367792 0.367792
3880 19.000479 19.000479 19.000479 0.367792 0.367792 0.367792
3890 19.000479 19.000479 19.000479 0.367792 0.367792 0.367792
3900 19.000479 19.000479 19.000479 0.367792 0.367792 0.367792
3910 19.000479 19.000479 19.000479 0.367792 0.367792 0.367792
3920 19.000479 19.000479 19.000479 0.367792 0.367792 0.367792
3930 19.000479 19.000479 19.000479 0.367792 0.367792 0.367792
3940 19.000479 19.000479 19.000479 0.367792 0.367792 0.367792
3950 19.000479 19.000479 19.000479 0.367792 0.367792 0.367792
3960 19.000479 19.000479 19.000479 0.367792 0.367792 0.367792
3970 19.000479 19.000479 19.000479 0.367792 0.367792 0.367792
3980 19.000479 19.000479 19.000479 0.367792 0.367792 0.367792
3990 19.000479 19.000479 19.000479 0.367792 0.367792 0.367792
4000 19.000479 19.000479 19.000479 0.367792 0.367792 0.367792
4010 19.000479 19.000479 19.000479 0.367792 0.367792 0.367792
4020 19.000479 19.000479 19.000479 0.367792 0.367792 0.367792
4030 19.000479 19.000479 19.000479 0.367792 0.367792 0.367792
4040 19.000479 19.000479 19.000479 0.367792 0.367792 0.367792
4050 19.000479 19.000479 19.000479 0.367792 0.367792 0.367792
4060 19.000479 19.000479 19.000479 0.367792 0.367792 0.367792
4070 19.000479 19.000479 19.000479 0.367792 0.367792 0.367792
4080 19.000479 19.000479 19.000479 0.367792 0.367792 0.367792
4090 19.000479 19.000479 19.000479 0.367792 0.367792 0.367792
4100 19.000479 19.000479 19.000479 0.367792 0.367792 0.367792
4110 19.000479 19.000479 19.000479 0.367792 0.367792 0.367792
4120 19.000479 19.000479 19.000479 0.367792 0.367792 0.367792
4130 19.000479 19.000479 19.000479 0.367792 0.367792 0.367792
4140 19.000479 19.000479 19.000479 0.367792 0.367792 0.367792
4150 19.000479 19.000479 19.000479 0.367792 0.367792 0.367792
4160 19.000479 19.000479 19.000479 0.367792 0.367792 0.367792
4170 19.000479 19.000479 19.000479 0.367792 0.367792 0.367792
4180 19.000479 19.000479 19.000479 0.367792 0.367792 0.367792
4190 19.000479 19.000479 19.000479 0.367792 0.367792 0.367792
4200 19.000479 19.000479 19.000479 0.367792 0.367792 0.367792
4210 19.000479 19.000479 19.000479 0.367792 0.367792 0.367792
4220 19.000479 19.000479 19.000479 0.367792 0.367792 0.367792
4230 19.000479 19.000479 19.000479 0.367792 0.367792 0.367792
4240 19.000479 19.000479 19.000479 0.367792 0.367792 0.367792
4250 19.000479 19.000479 19.000479 0.367792 0.367792 0.367792
4260 19.000479 19.000479 19.000479 0.367792 0.367792 0.367792
4270 19.000479 19.000479 19.000479 0.367792 0.367792 0.367792
4280 19.000479 19.000479 19.000479 0.367792 0.367792 0.367792
4290 19.000479 19.000479 19.000479 0.367792 0.367792 0.367792
4300 19.000479 19.000479 19.000479 0.367792 0.367792 0.367792
4310 19.000479 19.000479 19.000479 0.367792 0.367792 0.367792
4320 19.000479 19.000479 19.000479 0.367792 0.367792 0.367792
4330 19.000479 19.000479 19.000479 0.367792 0.367792 0.367792
4340 19.000479 19.000479 19.000479 0.367792 0.367792 0.367792
4350 19.000479 19.000479 19.000479 0.367792 0.367792 0.367792
4360 19.000479 19.000479 19.000479 0.367792 0.367792 0.367792
4370 19.000479 19.000479 19.000479 0.367792 0.367792 0.367792
4380 19.000479 19.000479 19.000479 0.367792 0.367792 0.367792
4390 19.000479 19.000479 19.000479 0.367792 0.367792 0.367792
4400 19.000479 19.000479 19.000479 0.367792 0.367792 0.367792
4410 19.000479 19.000479 19.000479 0.367792 0.367792 0.367792
4420 19.000479 19.000479 19.000479 0.367792 0.367792 0.367792
4430 19.000479 19.000479 19.000479 0.367792 0.367792 0.367792
4440 19.000479 19.000479 19.000479 0.367792 0.367792 0.367792
4450 19.000479 19.000479 19.000479 0.367792 0.367792 0.367792
4460 19.000479 19.000479 19.000479 0.367792 0.367792 0.367792
4470 19.000479 19.000479 19.000479 0.367792 0.367792 0.367792
4480 19.000479 19.000479 19.000479 0.367792 0.367792 0.367792
4490 19.000479 19.000479 19.000479 0.367792 0.367792 0.367792
4500 19.000479 19.000479 19.000479 0.367792 0.367792 0.367792
4510 19.000479 19.000479 19.000479 0.367792 0.367792 0.367792
4520 19.000479 19.000479 19.000479 0.367792 0.367792 0.367792
4530 19.000479 19.000479 19.000479 0.367792 0.367792 0.367792
4540 19.000479 19.000479 19.000479 0.367792 0.367792 0.367792
4550 19.000479 19.000479 19.000479 0.367792 0.367792 0.367792
4560 19.000479 19.000479 19.000479 0.367792 0.367792 0.367792
4570 19.000479 19.000479 19.000479 0.367792 0.367792 0.367792
4580 19.000479 19.000479 19.000479 0.367792 0.367792 0.367792
4590 19.000479 19.000479 19.000479 0.367792 0.367792 0.367792
4600 19.000479 19.000479 19.000479 0.367792 0.367792 0.367792
4610 19.000479 19.000479 19.000479 0.367792 0.367792 0.367792
4620 19.000479 19.000479 19.000479 0.367792 0.367792 0.367792
4630 19.000479 19.000479 19.000479 0.367792 0.367792 0.367792
4640 19.000479 19.000479 19.000479 0.367792 0.367792 0.367792
4650 19.000479 19.000479 19.000479 0.367792 0.367792 0.367792
4660 19.000479 19.000479 19.000479 0.367792 0.367792 0.367792
4670 19.000479 19.000479 19.000479 0.367792 0.367792 0.367792
4680 19.000479 19.000479 19.000479 0.367792 0.367792 0.367792
4690 19.000479 19.000479 19.000479 0.367792 0.367792 0.367792
4700 19.000479 19.000479 19.000479 0.367792 0.367792 0.367792
4710 19.000479 19.000479 19.000479 0.367792 0.367792 0.367792
4720 19.000479 19.000479 19.000479 0.367792 0.367792 0.367792
4730 19.000479 19.000479 19.000479 0.367792 0.367792 0.367792
4740 19.000479 19.000479 19.000479 0.367792 0.367792 0.367792
4750 19.000479 19.000479 19.000479 0.367792 0.367792 0.367792
4760 19.000479 19.000479 19.000479 0.367792 0.367792 0.367792
4770 19.000479 19.000479 19.000479 0.367792 0.367792 0.367792
4780 19.000479 19.000479 19.000479 0.367792 0.367792 0.367792
4790 19.000479 19.000479 19.000479 0.367792 0.367792 0.367792
4800 19.000479 19.000479 19.000479 0.367792 0.367792 0.367792
4810 19.000479 19.000479 19.000479 0.367792 0.367792 0.367792
4820 19.000479 19.000479 19.000479 0.367792 0.367792 0.367792
4830 19.000479 19.000479 19.000479 0.367792 0.367792 0.367792
4840 19.000479 19.000479 19.000479 0.367792 0.367792 0.367792
4850 19.000479 19.000479 19.000479 0.367792 0.367792 0.367792
4860 19.000479 19.000479 19.000479 0.367792 0.367792 0.367792
4870 19.000479 19.000479 19.000479 0.367792 0.367792 0.367792
4880 19.000479 19.000479 19.000479 0.367792 0.367792 0.367792
4890 19.000479 19.000479 19.000479 0.367792 0.367792 0.367792
4900 19.000479 19.000479 19.000479 0.367792 0.367792 0.367792
4910 19.000479 19.000479 19.000479 0.367792 0.367792 0.367792
4920 19.000479 19.000479 19.000479 0.367792 0.367792 0.367792
4930 19.000479 19.000479 19.000479 0.367792 0.367792 0.367792
4940 19.000479 19.000479 19.000479 0.367792 0.367792 0.367792
4950 19.000479 19.000479 19.000479 0.367792 0.367792 0.367792
4960 19.000479 19.000479 19.000479 0.367792 0.367792 0.367792
4970 19.000479 19.000479 19.000479 0.367792 0.367792 0.367792
4980 19.000479 19.000479 19.000479 0.367792 0.367792 0.367792
4990 19.000479 19.000479 19.000479 0.367792 0.367792 0.367792
5000 19.000479 19.000479 19.000479 0.367792 0.367792 0.367792
5010 19.000479 19.000479 19.000479 0.367792 0.367792 0.367792
5020 19.000479 19.000479 19.000479 0.367792 0.367792 0.367792
5030 19.000479 19.000479 19.000479 0.367792 0.367792 0.367792
5040 19.000479 19.000479 19.000479 0.367792 0.367792 0.367792
5050 19.000479 19.000479 19.000479 0.367792 0.367792 0.367792
5060 19.000479 19.000479 19.000479 0.367792 0.367792 0.367792
5070 19.000479 19.000479 19.000479 0.367792 0.367792 0.367792
5080 19.000479 19.000479 19.000479 0.367792 0.367792 0.367792
5090 19.000479 19.000479 19.000479 0.367792 0.367792 0.367792
5100 19.000479 19.000479 19.000479 0.367792 0.367792 0.367792
5110 19.000479 19.000479 19.000479 0.367792 0.367792 0.367792
5120 19.000479 19.000479 19.000479 0.367792 0.367792 0.367792
5130 19.000479 19.000479 19.000479 0.367792 0.367792 0.367792
5140 19.000479 19.000479 19.000479 0.367792 0.367792 0.367792
5150 19.000479 19.000479 19.000479 0.367792 0.367792 0.367792
5160 19.000479 19.000479 19.000479 0.367792 0.367792 0.367792
5170 19.000479 19.000479 19.000479 0.367792 0.367792 0.367792
5180 19.000479 19.000479 19.000479 0.367792 0.367792 0.367792
5190 19.000479 19.000479 19.000479 0.367792 0.367792 0.367792
5200 19.000479 19.000479 19.000479 0.367792 0.367792 0.367792
5210 19.000479 19.000479 19.000479 0.367792 0.367792 0.367792
5220 19.000479 19.000479 19.000479 0.367792 0.367792 0.367792
5230 19.000479 19.000479 19.000479 0.367792 0.367792 0.367792
5240 19.000479 19.000479 19.000479 0.367792 0.367792 0.367792
5250 19.000479 19.000479 19.000479 0.367792 0.367792 0.367792
5260 19.000479 19.000479 19.000479 0.367792 0.367792 0.367792
5270 19.000479 19.000479 19.000479 0.367792 0.367792 0.367792
5280 19.000479 19.000479 19.000479 0.367792 0.367792 0.367792
5290 19.000479 19.000479 19.000479 0.367792 0.367792 0.367792
5300 19.000479 19.000479 19.000479 0.367792 0.367792 0.367792
5310 19.000479 19.000479 19.000479 0.367792 0.367792 0.367792
5320 19.000479 19.000479 19.000479 0.367792 0.367792 0.367792
5330 19.000479 19.000479 19.000479 0.367792 0.367792 0.367792
5340 19.000479 19.000479 19.000479 0.367792 0.367792 0.367792
5350 19.000479 19.000479 19.000479 0.367792 0.367792 0.367792
5360 19.000479 19.000479 19.000479 0.367792 0.367792 0.367792
5370 19.000479 19.000479 19.000479 0.367792 0.367792 0.367792
5380 19.000479 19.000479 19.000479 0.367792 0.367792 0.367792
5390 19.000479 19.000479 19.000479 0.367792 0.367792 0.367792
5400 19.000479 19.000479 19.000479 0.367792 0.367792 0.367792
5410 19.000479 19.000479 19.000479 0.367792 0.367792 0.367792
5420 19.000479 19.000479 19.000479 0.367792 0.367792 0.367792
5430 19.000479 19.000479 19.000479 0.367792 0.367792 0.367792
5440 19.000479 19.000479 19.000479 0.367792 0.367792 0.367792
5450 19.000479 19.000479 19.000479 0.367792 0.367792 0.367792
5460 19.000479 19.000479 19.000479 0.367792 0.367792 0.367792
5470 19.000479 19.000479 19.000479 0.367792 0.367792 0.367792
5480 19.000479 19.000479 19.000479 0.367792 0.367792 0.367792
5490 19.000479 19.000479 19.000479 0.367792 0.367792 0.367792
5500 19.000479 19.000479 19.000479 0.367792 0.367792 0.367792
5510 19.000479 19.000479 19.000479 0.367792 0.367792 0.367792
5520 19.000479 19.000479 19.000479 0.367792 0.367792 0.367792
5530 19.000479 19.000479 19.000479 0.367792 0.367792 0.367792
5540 19.000479 19.000479 19.000479 0.367792 0.367792 0.367792
5550 19.000479 19.000479 19.000479 0.367792 0.367792 0.367792
5560 19.000479 19.000479 19.000479 0.367792 0.367792 0.367792
5570 19.000479 19.000479 19.000479 0.367792 0.367792 0.367792
5580 19.000479 19.000479 19.000479 0.367792 0.367792 0.367792
5590 19.000479 19.000479 19.000479 0.367792 0.367792 0.367792
5600 19.000479 19.000479 19.000479 0.367792 0.367792 0.367792
5610 19.000479 19.000479 19.000479 0.367792 0.367792 0.367792
5620 19.000479 19.000479 19.000479 0.367792 0.367792 0.367792
5630 19.000479 19.000479 19.000479 0.367792 0.367792 0.367792
5640 19.000479 19.000479 19.000479 0.367792 0.367792 0.367792
5650 19.000479 19.000479 19.000479 0.367792 0.367792 0.367792
5660 19.000479 19.000479 19.000479 0.367792 0.367792 0.367792
5670 19.000479 19.000479 19.000479 0.367792 0.367792 0.367792
5680 19.000479 19.000479 19.000479 0.367792 0.367792 0.367792
5690 19.000479 19.000479 19.000479 0.367792 0.367792 0.367792
5700 19.000479 19.000479 19.000479 0.367792 0.367792 0.367792
5710 19.000479 19.000479 19.000479 0.367792 0.367792 0.367792
5720 19.000479 19.000479 19.000479 0.367792 0.367792 0.367792
5730 19.000479 19.000479 19.000479 0.367792 0.367792 0.367792
5740 19.000479 19.000479 19.000479 0.367792 0.367792 0.367792
5750 19.000479 19.000479 19.000479 0.367792 0.367792 0.367792
5760 19.000479 19.000479 19.000479 0.367792 0.367792 0.367792
5770 19.000479 19.000479 19.000479 0.367792 0.367792 0.367792
5780 19.000479 19.000479 19.000479 0.367792 0.367792 0.367792
5790 19.000479 19.000479 19.000479 0.367792 0.367792 0.367792
5800 19.000479 19.000479 19.000479 0.367792 0.367792 0.367792
5810 19.000479 19.000479 19.000479 0.367792 0.367792 0.367792
5820 19.000479 19.000479 19.000479 0.367792 0.367792 0.367792
5830 19.000479 19.000479 19.000479 0.367792 0.367792 0.367792
5840 19.000479 19.000479 19.000479 0.367792 0.367792 0.367792
5850 19.000479 19.000479 19.000479 0.367792 0.367792 0.367792
5860 19.000479 19.000479 19.000479 0.367792 0.367792 0.367792
5870 19.000479 19.000479 19.000479 0.367792 0.367792 0.367792
5880 19.000479 19.000479 19.000479 0.367792 0.367792 0.367792
5890 19.000479 19.000479 19.000479 0.367792 0.367792 0.367792
5900 19.000479 19.000479 19.000479 0.367792 0.367792 0.367792
5910 19.000479 19.000479 19.000479 0.367792 0.367792 0.367792
5920 19.000479 19.000479 19.000479 0.367792 0.367792 0.367792
5930 19.000479 19.000479 19.000479 0.367792 0.367792 0.367792
5940 19.000479 19.000479 19.000479 0.367792 0.367792 0.367792
5950 19.000479 19.000479 19.000479 0.367792 0.367792 0.367792
5960 19.000479 19.000479 19.000479 0.367792 0.367792 0.367792
5970 19.000479 19.000479 19.000479 0.367792 0.367792 0.367792
5980 19.000479 19.000479 19.000479 0.367792 0.367792 0.367792
5990 19.000479 19.000479 19.000479 0.367792 0.367792 0.367792
6000 19.000479 19.000479 19.000479 0.367792 0.367792 0.367792
6010 19.000479 19.000479 19.000479 0.367792 0.367792 0.367792
6020 19.000479 19.000479 19.000479 0.367792 0.367792 0.367792
6030 19.000479 19.000479 19.000479 0.367792 0.367792 0.367792
6040 19.000479 19.000479 19.000479 0.367792 0.367792 0.367792
6050 19.000479 19.000479 19.000479 0.367792 0.367792 0.367792
6060 19.000479 19.000479 19.000479 0.367792 0.367792 0.367792
6070 19.000479 19.000479 19.000479 0.367792 0.367792 0.367792
6080 19.000479 19.000479 19.000479 0.367792 0.367792 0.367792
6090 19.000479 19.000479 19.000479 0.367792 0.367792 0.367792
6100 19.000479 19.000479 19.000479 0.367792 0.367792 0.367792
6110 19.000479 19.000479 19.000479 0.367792 0.367792 0.367792
6120 19.000479 19.000479 19.000479 0.367792 0.367792 0.367792
6130 19.000479 19.000479 19.000479 0.367792 0.367792 0.367792
6140 19.000479 19.000479 19.000479 0.367792 0.367792 0.367792
6150 19.000479 19.000479 19.000479 0.367792 0.367792 0.367792
6160 19.000479 19.000479 19.000479 0.367792 0.367792 0.367792
6170 19.000479 19.000479 19.000479 0.367792 0.367792 0.367792
6180 19.000479 19.000479 19.000479 0.367792 0.367792 0.367792
6190 19.000479 19.000479 19.000479 0.367792 0.367792 0.367792
6200 19.000479 19.000479 19.000479 0.367792 0.367792 0.367792
6210 19.000479 19.000479 19.000479 0.367792 0.367792 0.367792
6220 19.000479 19.000479 19.000479 0.367792 0.367792 0.367792
6230 19.000479 19.000479 19.000479 0.367792 0.367792 0.367792
6240 19.000479 19.000479 19.000479 0.367792 0.367792 0.367792
6250 19.000479 19.000479 19.000479 0.367792 0.367792 0.367792
6260 19.000479 19.000479 19.000479 0.367792 0.367792 0.367792
6270 19.000479 19.000479 19.000479 0.367792 0.367792 0.367792
6280 19.000479 19.000479 19.000479 0.367792 0.367792 0.367792
6290 19.000479 19.000479 19.000479 0.367792 0.367792 0.367792
6300 19.000479 19.000479 19.000479 0.367792 0.367792 0.367792
6310 19.000479 19.000479 19.000479 0.367792 0.367792 0.367792
6320 19.000479 19.000479 19.000479 0.367792 0.367792 0.367792
6330 19.000479 19.000479 19.000479 0.367792 0.367792 0.367792
6340 19.000479 19.000479 19.000479 0.367792 0.367792 0.367792
6350 19.000479 19.000479 19.000479 0.367792 0.367792 0.367792
6360 19.000479 19.000479 19.000479 0.367792 0.367792 0.367792
6370 19.000479 19.000479 19.000479 0.367792 0.367792 0.367792
6380 19.000479 19.000479 19.000479 0.367792 0.367792 0.367792
6390 19.000479 19.000479 19.000479 0.367792 0.367792 0.367792
6400 19.000479 19.000479 19.000479 0.367792 0.367792 0.367792
6410 19.000479 19.000479 19.000479 0.367792 0.367792 0.367792
6420 19.000479 19.000479 19.000479 0.367792 0.367792 0.367792
6430 19.000479 19.000479 19.000479 0.367792 0.367792 0.367792
6440 19.000479 19.000479 19.000479 0.367792 0.367792 0.367792
6450 19.000479 19.000479 19.000479 0.367792 0.367792 0.367792
6460 19.000479 19.000479 19.000479 0.367792 0.367792 0.367792
6470 19.000479 19.000479 19.000479 0.367792 0.367792 0.367792
6480 19.000479 19.000479 19.000479 0.367792 0.367792 0.367792
6490 19.000479 19.000479 19.000479 0.367792 0.367792 0.367792
6500 19.000479 19.000479 19.000479 0.367792 0.367792 0.367792
6510 19.000479 19.000479 19.000479 0.367792 0.367792 0.367792
6520 19.000479 19.000479 19.000479 0.367792 0.367792 0.367792
6530 19.000479 19.000479 19.000479 0.367792 0.367792 0.367792
6540 19.000479 19.000479 19.000479 0.367792 0.367792 0.367792
6550 19.000479 19.000479 19.000479 0.367792 0.367792 0.367792
6560 19.000479 19.000479 19.000479 0.367792 0.367792 0.367792
6570 19.000479 19.000479 19.000479 0.367792 0.367792 0.367792
6580 19.000479 19.000479 19.000479 0.367792 0.367792 0.367792
6590 19.000479 19.000479 19.000479 0.367792 0.367792 0.367792
6600 19.000479 19.000479 19.000479 0.367792 0.367792 0.367792
6610 19.000479 19.000479 19.000479 0.367792 0.367792 0.367792
6620 19.000479 19.000479 19.000479 0.367792 0.367792 0.367792
6630 19.000479 19.000479 19.000479 0.367792 0.367792 0.367792
6640 19.000479 19.000479 19.000479 0.367792 0.367792 0.367792
6650 19.000479 19.000479 19.000479 0.367792 0.367792 0.367792
6660 19.000479 19.000479 19.000479 0.367792 0.367792 0.367792
6670 19.000479 19.000479 19.000479 0.367792 0.367792 0.367792
6680 19.000479 19.000479 19.000479 0.367792 0.367792 0.367792
6690 19.000479 19.000479 19.000479 0.367792 0.367792 0.367792
6700 19.000479 19.000479 19.000479 0.367792 0.367792 0.367792
6710 19.000479 19.000479 19.000479 0.367792 0.367792 0.367792
6720 19.000479 19.000479 19.000479 0.367792 0.367792 0.367792
6730 19.000479 19.000479 19.000479 0.367792 0.367792 0.367792
6740 19.000479 19.000479 19.000479 0.367792 0.367792 0.367792
6750 19.000479 19.000479 19.000479 0.367792 0.367792 0.367792
6760 19.000479 19.000479 19.000479 0.367792 0.367792 0.367792
6770 19.000479 19.000479 19.000479 0.367792 0.367792 0.367792
6780 19.000479 19.000479 19.000479 0.367792 0.367792 0.367792
6790 19.000479 19.000479 19.000479 0.367792 0.367792 0.367792
6800 19.000479 19.000479 19.000479 0.367792 0.367792 0.367792
6810 19.000479 19.000479 19.000479 0.367792 0.367792 0.367792
6820 19.000479 19.000479 19.000479 0.367792 0.367792 0.367792
6830 19.000479 19.000479 19.000479 0.367792 0.367792 0.367792
6840 19.000479 19.000479 19.000479 0.367792 0.367792 0.367792
6850 19.000479 19.000479 19.000479 0.367792 0.367792 0.367792
6860 19.000479 19.000479 19.000479 0.367792 0.367792 0.367792
6870 19.000479 19.000479 19.000479 0.367792 0.367792 0.367792
6880 19.000479 19.000479 19.000479 0.367792 0.367792 0.367792
6890 19.000479 19.000479 19.000479 0.367792 0.367792 0.367792
6900 19.000479 19.000479 19.000479 0.367792 0.367792 0.367792
6910 19.000479 19.000479 19.000479 0.367792 0.367792 0.367792
6920 19.000479 19.000479 19.000479 0.367792 0.367792 0.367792
6930 19.000479 19.000479 19.000479 0.367792 0.367792 0.367792
6940 19.000479 19.000479 19.000479 0.367792 0.367792 0.367792
6950 19.000479 19.000479 19.000479 0.367792 0.367792 0.367792
6960 19.000479 19.000479 19.000479 0.367792 0.367792 0.367792
6970 19.000479 19.000479 19.000479 0.367792 0.367792 0.367792
6980 19.000479 19.000479 19.000479 0.367792 0.367792 0.367792
6990 19.000479 19.000479 19.000479 0.367792 0.367792 0.367792
7000 19.000479 19.000479 19.000479 0.367792 0.367792 0.367792
7010 19.000479 19.000479 19.000479 0.367792 0.367792 0.367792
7020 19.000479 19.000479 19.000479 0.367792 0.367792 0.367792
7030 19.000479 19.000479 19.000479 0.367792 0.367792 0.367792
7040 19.000479 19.000479 19.000479 0.367792 0.367792 0.367792
7050 19.000479 19.000479 19.000479 0.367792 0.367792 0.367792
7060 19.000479 19.000479 19.000479 0.367792 0.367792 0.367792
7070 19.000479 19.000479 19.000479 0.367792 0.367792 0.367792
7080 19.000479 19.000479 19.000479 0.367792 0.367792 0.367792
7090 19.000479 19.000479 19.000479 0.367792 0.367792 0.367792
7100 19.000479 19.000479 19.000479 0.367792 0.367792 0.367792
7110 19.000479 19.000479 19.000479 0.367792 0.367792 0.367792
7120 19.000479 19.000479 19.000479 0.367792 0.367792 0.367792
7130 19.000479 19.000479 19.000479 0.367792 0.367792 0.367792
7140 19.000479 19.000479 19.000479 0.367792 0.367792 0.367792
7150 19.000479 19.000479 19.000479 0.367792 0.367792 0.367792
7160 19.000479 19.000479 19.000479 0.367792 0.367792 0.367792
7170 19.000479 19.000479 19.000479 0.367792 0.367792 0.367792
7180 19.000479 19.000479 19.000479 0.367792 0.367792 0.367792
7190 19.000479 19.000479 19.000479 0.367792 0.367792 0.367792
7200 19.000479 19.000479 19.000479 0.367792 0.367792 0.367792
7210 19.000479 19.000479 19.000479 0.367792 0.367792 0.367792
7220 19.000479 19.000479 19.000479 0.367792 0.367792 0.367792
7230 19.000479 19.000479 19.000479 0.367792 0.367792 0.367792
7240 19.000479 19.000479 19.000479 0.367792 0.367792 0.367792
7250 19.000479 19.000479 19.000479 0.367792 0.367792 0.367792
7260 19.000479 19.000479 19.000479 0.367792 0.367792 0.367792
7270 19.000479 19.000479 19.000479 0.367792 0.367792 0.367792
7280 19.000479 19.000479 19.000479 0.367792 0.367792 0.367792
7290 19.000479 19.000479 19.000479 0.367792 0.367792 0.367792
7300 19.000479 19.000479 19.000479 0.367792 0.367792 0.367792
7310 19.000479 19.000479 19.000479 0.367792 0.367792 0.367792
7320 19.000479 19.000479 19.000479 0.367792 0.367792 0.367792
7330 19.000479 19.000479 19.000479 0.367792 0.367792 0.367792
7340 19.000479 19.000479 19.000479 0.367792 0.367792 0.367792
7350 19.000479 19.000479 19.000479 0.367792 0.367792 0.367792
7360 19.000479 19.000479 19.000479 0.367792 0.367792 0.367792
7370 19.000479 19.000479 19.000479 0.367792 0.367792 0.367792
7380 19.000479 19.000479 19.000479 0.367792 0.367792 0.367792
7390 19.000479 19.000479 19.000479 0.367792 0.367792 0.367792
7400 19.000479 19.000479 19.000479 0.367792 0.367792 0.367792
7410 19.000479 19.000479 19.000479 0.367792 0.367792 0.367792
7420 19.000479 19.000479 19.000479 0.367792 0.367792 0.367792
7430 19.000479 19.000479 19.000479 0.367792 0.367792 0.367792
7440 19.000479 19.000479 19.000479 0.367792 0.367792 0.367792
7450 19.000479 19.000479 19.000479 0.367792 0.367792 0.367792
7460 19.000479 19.000479 19.000479 0.367792 0.367792 0.367792
7470 19.000479 19.000479 19.000479 0.367792 0.367792 0.367792
7480 19.000479 19.000479 19.000479 0.367792 0.367792 0.367792
7490 19.000479 19.000479 19.000479 0.367792 0.367792 0.367792
7500 19.000479 19.000479 19.000479 0.367792 0.367792 0.367792
7510 19.000479 19.000479 19.000479 0.367792 0.367792 0.367792
7520 19.000479 19.000479 19.000479 0.367792 0.367792 0.367792
7530 19.000479 19.000479 19.000479 0.367792 0.367792 0.367792
7540 19.000479 19.000479 19.000479 0.367792 0.367792 0.367792
7550 19.000479 19.000479 19.000479 0.367792 0.367792 0.367792
7560 19.000479 19.000479 19.000479 0.367792 0.367792 0.367792
7570 19.000479 19.000479 19.000479 0.367792 0.367792 0.367792
7580 19.000479 19.000479 19.000479 0.367792 0.367792 0.367792
7590 19.000479 19.000479 19.000479 0.367792 0.367792 0.367792
7600 19.000479 19.000479 19.000479 0.367792 0.367792 0.367792
7610 19.000479 19.000479 19.000479 0.367792 0.367792 0.367792
7620 19.000479 19.000479 19.000479 0.367792 0.367792 0.367792
7630 19.000479 19.000479 19.000479 0.367792 0.367792 0.367792
7640 19.000479 19.000479 19.000479 0.367792 0.367792 0.367792
7650 19.000479 19.000479 19.000479 0.367792 0.367792 0.367792
7660 19.000479 19.000479 19.000479 0.367792 0.367792 0.367792
7670 19.000479 19.000479 19.000479 0.367792 0.367792 0.367792
7680 19.000479 19.000479 19.000479 0.367792 0.367792 0.367792
7690 19.000479 19.000479 19.000479 0.367792 0.367792 0.367792
7700 19.000479 19.000479 19.000479 0.367792 0.367792 0.367792
7710 19.000479 19.000479 19.000479 0.367792 0.367792 0.367792
7720 19.000479 19.000479 19.000479 0.367792 0.367792 0.367792
7730 19.000479 19.000479 19.000479 0.367792 0.367792 0.367792
7740 19.000479 19.000479 19.000479 0.367792 0.367792 0.367792
7750 19.000479 19.000479 19.000479 0.367792 0.367792 0.367792
7760 19.000479 19.000479 19.000479 0.367792 0.367792 0.367792
7770 19.000479 19.000479 19.000479 0.367792 0.367792 0.367792
7780 19.000479 19.000479 19.000479 0.367792 0.367792 0.367792
7790 19.000479 19.000479 19.000479 0.367792 0.367792 0.367792
7800 19.000479 19.000479 19.000479 0.367792 0.367792 0.367792
7810 19.000479 19.000479 19.000479 0.367792 0.367792 0.367792
7820 19.000479 19.000479 19.000479 0.367792 0.367792 0.367792
7830 19.000479 19.000479 19.000479 0.367792 0.367792 0.367792
7840 19.000479 19.000479 19.000479 0.367792 0.367792 0.367792
7850 19.000479 19.000479 19.000479 0.367792 0.367792 0.367792
7860 19.000479 19.000479 19.000479 0.367792 0.367792 0.367792
7870 19.000479 19.000479 19.000479 0.367792 0.367792 0.367792
7880 19.000479 19.000479 19.000479 0.367792 0.367792 0.367792
7890 19.000479 19.000479 19.000479 0.367792 0.367792 0.367792
7900 19.000479 19.000479 19.000479 0.367792 0.367792 0.367792
7910 19.000479 19.000479 19.000479 0.367792 0.367792 0.367792
7920 19.000479 19.000479 19.000479 0.367792 0.367792 0.367792
7930 19.000479 19.000479 19.000479 0.367792 0.367792 0.367792
7940 19.000479 19.000479 19.000479 0.367792 0.367792 0.367792
7950 19.000479 19.000479 19.000479 0.367792 0.367792 0.367792
7960 19.000479 19.000479 19.000479 0.367792 0.367792 0.367792
7970 19.000479 19.000479 19.000479 0.367792 0.367792 0.367792
7980 19.000479 19.000479 19.000479 0.367792 0.367792 0.367792
7990 19.000479 19.000479 19.000479 0.367792 0.367792 0.367792
8000 19.000479 19.000479 19.000479 0.367792 0.367792 0.367792
8010 19.000479 19.000479 19.000479 0.367792 0.367792 0.367792
8020 19.000479 19.000479 19.000479 0.367792 0.367792 0.367792
8030 19.000479 19.000479 19.000479 0.367792 0.367792 0.367792
8040 19.000479 19.000479 19.000479 0.367792 0.367792 0.367792
8050 19.000479 19.000479 19.000479 0.367792 0.367792 0.367792
8060 19.000479 19.000479 19.000479 0.367792 0.367792 0.367792
8070 19.000479 19.000479 19.000479 0.367792 0.367792 0.367792
8080 19.000479 19.000479 19.000479 0.367792 0.367792 0.367792
8090 19.000479 19.000479 19.000479 0.367792 0.367792 0.367792
8100 19.000479 19.000479 19.000479 0.367792 0.367792 0.367792
8110 19.000479 19.000479 19.000479 0.367792 0.367792 0.367792
8120 19.000479 19.000479 19.000479 0.367792 0.367792 0.367792
8130 19.000479 19.000479 19.000479 0.367792 0.367792 0.367792
8140 19.000479 19.000479 19.000479 0.367792 0.367792 0.367792
8150 19.000479 19.000479 19.000479 0.367792 0.367792 0.367792
8160 19.000479 19.000479 19.000479 0.367792 0.367792 0.367792
8170 19.000479 19.000479 19.000479 0.367792 0.367792 0.367792
8180 19.000479 19.000479 19.000479 0.367792 0.367792 0.367792
8190 19.000479 19.000479 19.000479 0.367792 0.367792 0.367792
8200 19.000479 19.000479 19.000479 0.367792 0.367792 0.367792
8210 19.000479 19.000479 19.000479 0.367792 0.367792 0.367792
8220 19.000479 19.000479 19.000479 0.367792 0.367792 0.367792
8230 19.000479 19.000479 19.000479 0.367792 0.367792 0.367792
8240 19.000479 19.000479 19.000479 0.367792 0.367792 0.367792
8250 19.000479 19.000479 19.000479 0.367792 0.367792 0.367792
8260 19.000479 19.000479 19.000479 0.367792 0.367792 0.367792
8270 19.000479 19.000479 19.000479 0.367792 0.367792 0.367792
8280 19.000479 19.000479 19.000479 0.367792 0.367792 0.367792
8290 19.000479 19.000479 19.000479 0.367792 0.367792 0.367792
8300 19.000479 19.000479 19.000479 0.367792 0.367792 0.367792
8310 19.000479 19.000479 19.000479 0.367792 0.367792 0.367792
8320 19.000479 19.000479 19.000479 0.367792 0.367792 0.367792
8330 19.000479 19.000479 19.000479 0.367792 0.367792 0.367792
8340 19.000479 19.000479 19.000479 0.367792 0.367792 0.367792
8350 19.000479 19.000479 19.000479 0.367792 0.367792 0.367792
8360 19.000479 19.000479 19.000479 0.367792 0.367792 0.367792
8370 19.000479 19.000479 19.000479 0.367792 0.367792 0.367792
8380 19.000479 19.000479 19.000479 0.367792 0.367792 0.367792
8390 19.000479 19.000479 19.000479 0.367792 0.367792 0.367792
8400 19.000479 19.000479 19.000479 0.367792 0.367792 0.367792
8410 19.000479 19.000479 19.000479 0.367792 0.367792 0.367792
8420 19.000479 19.000479 19.000479 0.367792 0.367792 0.367792
8430 19.000479 19.000479 19.000479 0.367792 0.367792 0.367792
8440 19.000479 19.000479 19.000479 0.367792 0.367792 0.367792
8450 19.000479 19.000479 19.000479 0.367792 0.367792 0.367792
8460 19.000479 19.000479 19.000479 0.367792 0.367792 0.367792
8470 19.000479 19.000479 19.000479 0.367792 0.367792 0.367792
8480 19.000479 19.000479 19.000479 0.367792 0.367792 0.367792
8490 19.000479 19.000479 19.000479 0.367792 0.367792 0.367792
8500 19.000479 19.000479 19.000479 0.367792 0.367792 0.367792
8510 19.000479 19.000479 19.000479 0.367792 0.367792 0.367792
8520 19.000479 19.000479 19.000479 0.367792 0.367792 0.367792
8530 19.000479 19.000479 19.000479 0.367792 0.367792 0.367792
8540 19.000479 19.000479 19.000479 0.367792 0.367792 0.367792
8550 19.000479 19.000479 19.000479 0.367792 0.367792 0.367792
8560 19.000479 19.000479 19.000479 0.367792 0.367792 0.367792
8570 19.000479 19.000479 19.000479 0.367792 0.367792 0.367792
8580 19.000479 19.000479 19.000479 0.367792 0.367792 0.367792
8590 19.000479 19.000479 19.000479 0.367792 0.367792 0.367792
8600 19.000479 19.000479 19.000479 0.367792 0.367792 0.367792
8610 19.000479 19.000479 19.000479 0.367792 0.367792 0.367792
8620 19.000479 19.000479 19.000479 0.367792 0.367792 0.367792
8630 19.000479 19.000479 19.000479 0.367792 0.367792 0.367792
8640 19.000479 19.000479 19.000479 0.367792 0.367792 0.367792
8650 19.000479 19.000479 19.000479 0.367792 0.367792 0.367792
8660 19.000479 19.000479 19.000479 0.367792 0.367792 0.367792
8670 19.000479 19.000479 19.000479 0.367792 0.367792 0.367792
8680 19.000479 19.000479 19.000479 0.367792 0.367792 0.367792
8690 19.000479 19.000479 19.000479 0.367792 0.367792 0.367792
8700 19.000479 19.000479 19.000479 0.367792 0.367792 0.367792
8710 19.000479 19.000479 19.000479 0.367792 0.367792 0.367792
8720 19.000479 19.000479 19.000479 0.367792 0.367792 0.367792
8730 19.000479 19.000479 19.000479 0.367792 0.367792 0.367792
8740 19.000479 19.000479 19.000479 0.367792 0.367792 0.367792
8750 19.000479 19.000479 19.000479 0.367792 0.367792 0.367792
8760 19.000479 19.000479 19.000479 0.367792 0.367792 0.367792
8770 19.000479 19.000479 19.000479 0.367792 0.367792 0.367792
8780 19.000479 19.000479 19.000479 0.367792 0.367792 0.367792
8790 19.000479 19.000479 19.000479 0.367792 0.367792 0.367792
8800 19.000479 19.000479 19.000479 0.367792 0.367792 0.367792
8810 19.000479 19.000479 19.000479 0.367792 0.367792 0.367792
8820 19.000479 19.000479 19.000479 0.367792 0.367792 0.367792
8830 19.000479 19.000479 19.000479 0.367792 0.367792 0.367792
8840 19.000479 19.000479 19.000479 0.367792 0.367792 0.367792
8850 19.000479 19.000479 19.000479 0.367792 0.367792 0.367792
8860 19.000479 19.000479 19.000479 0.367792 0.367792 0.367792
8870 19.000479 19.000479 19.000479 0.367792 0.367792 0.367792
8880 19.000479 19.000479 19.000479 0.367792 0.367792 0.367792
8890 19.000479 19.000479 19.000479 0.367792 0.367792 0.367792
8900 19.000479 19.000479 19.000479 0.367792 0.367792 0.367792
8910 19.000479 19.000479 19.000479 0.367792 0.367792 0.367792
8920 19.000479 19.000479 19.000479 0.367792 0.367792 0.367792
8930 19.000479 19.000479 19.000479 0.367792 0.367792 0.367792
8940 19.000479 19.000479 19.000479 0.367792 0.367792 0.367792
8950 19.000479 19.000479 19.000479 0.367792 0.367792 0.367792
8960 19.000479 19.000479 19.000479 0.367792 0.367792 0.367792
8970 19.000479 19.000479 19.000479 0.367792 0.367792 0.367792
8980 19.000479 19.000479 19.000479 0.367792 0.367792 0.367792
8990 19.000479 19.000479 19.000479 0.367792 0.367792 0.367792
9000 19.000479 19.000479 19.000479 0.367792 0.367792 0.367792
9010 19.000479 19.000479 19.000479 0.367792 0.367792 0.367792
9020 19.000479 19.000479 19.000479 0.367792 0.367792 0.367792
9030 19.000479 19.000479 19.000479 0.367792 0.367792 0.367792
9040 19.000479 19.000479 19.000479 0.367792 0.367792 0.367792
9050 19.000479 19.000479 19.000479 0.367792 0.367792 0.367792
9060 19.000479 19.000479 19.000479 0.367792 0.367792 0.367792
9070 19.000479 19.000479 19.000479 0.367792 0.367792 0.367792
9080 19.000479 19.000479 19.000479 0.367792 0.367792 0.367792
9090 19.000479 19.000479 19.000479 0.367792 0.367792 0.367792
9100 19.000479 19.000479 19.000479 0.367792 0.367792 0.367792
9110 19.000479 19.000479 19.000479 0.367792 0.367792 0.367792
9120 19.000479 19.000479 19.000479 0.367792 0.367792 0.367792
9130 19.000479 19.000479 19.000479 0.367792 0.367792 0.367792
9140 19.000479 19.000479 19.000479 0.367792 0.367792 0.367792
9150 19.000479 19.000479 19.000479 0.367792 0.367792 0.367792
9160 19.000479 19.000479 19.000479 0.367792 0.367792 0.367792
9170 19.000479 19.000479 19.000479 0.367792 0.367792 0.367792
9180 19.000479 19.000479 19.000479 0.367792 0.367792 0.367792
9190 19.000479 19.000479 19.000479 0.367792 0.367792 0.367792
9200 19.000479 19.000479 19.000479 0.367792 0.367792 0.367792
9210 19.000479 19.000479 19.000479 0.367792 0.367792 0.367792
9220 19.000479 19.000479 19.000479 0.367792 0.367792 0.367792
9230 19.000479 19.000479 19.000479 0.367792 0.367792 0.367792
9240 19.000479 19.000479 19.000479 0.367792 0.367792 0.367792
9250 19.000479 19.000479 19.000479 0.367792 0.367792 0.367792
9260 19.000479 19.000479 19.000479 0.367792 0.367792 0.367792
9270 19.000479 19.000479 19.000479 0.367792 0.367792 0.367792
9280 19.000479 19.000479 19.000479 0.367792 0.367792 0.367792
9290 19.000479 19.000479 19.000479 0.367792 0.367792 0.367792
9300 19.000479 19.000479 19.000479 0.367792 0.367792 0.367792
9310 19.000479 19.000479 19.000479 0.367792 0.367792 0.367792
9320 19.000479 19.000479 19.000479 0.367792 0.367792 0.367792
9330 19.000479 19.000479 19.000479 0.367792 0.367792 0.367792
9340 19.000479 19.000479 19.000479 0.367792 0.367792 0.367792
9350 19.000479 19.000479 19.000479 0.367792 0.367792 0.367792
9360 19.000479 19.000479 19.000479 0.367792 0.367792 0.367792
9370 19.000479 19.000479 19.000479 0.367792 0.367792 0.367792
9380 19.000479 19.000479 19.000479 0.367792 0.367792 0.367792
9390 19.000479 19.000479 19.000479 0.367792 0.367792 0.367792
9400 19.000479 19.000479 19.000479 0.367792 0.367792 0.367792
9410 19.000479 19.000479 19.000479 0.367792 0.367792 0.367792
9420 19.000479 19.000479 19.000479 0.367792 0.367792 0.367792
9430 19.000479 19.000479 19.000479 0.367792 0.367792 0.367792
9440 19.000479 19.000479 19.000479 0.367792 0.367792 0.367792
9450 19.000479 19.000479 19.000479 0.367792 0.367792 0.367792
9460 19.000479 19.000479 19.000479 0.367792 0.367792 0.367792
9470 19.000479 19.000479 19.000479 0.367792 0.367792 0.367792
9480 19.000479 19.000479 19.000479 0.367792 0.367792 0.367792
9490 19.000479 19.000479 19.000479 0.367792 0.367792 0.367792
9500 19.000479 19.000479 19.000479 0.367792 0.367792 0.367792
9510 19.000479 19.000479 19.000479 0.367792 0.367792 0.367792
9520 19.000479 19.000479 19.000479 0.367792 0.367792 0.367792
9530 19.000479 19.000479 19.000479 0.367792 0.367792 0.367792
9540 19.000479 19.000479 19.000479 0.367792 0.367792 0.367792
9550 19.000479 19.000479 19.000479 0.367792 0.367792 0.367792
9560 19.000479 19.000479 19.000479 0.367792 0.367792 0.367792
9570 19.000479 19.000479 19.000479 0.367792 0.367792 0.367792
9580 19.000479 19.000479 19.000479 0.367792 0.367792 0.367792
9590 19.000479 19.000479 19.000479 0.367792 0.367792 0.367792
9600 19.000479 19.000479 19.000479 0.367792 0.367792 0.367792
9610 19.000479 19.000479 19.000479 0.367792 0.367792 0.367792
9620 19.000479 19.000479 19.000479 0.367792 0.367792 0.367792
9630 19.000479 19.000479 19.000479 0.367792 0.367792 0.367792
9640 19.000479 19.000479 19.000479 0.367792 0.367792 0.367792
9650 19.000479 19.000479 19.000479 0.367792 0.367792 0.367792
9660 19.000479 19.000479 19.000479 0.367792 0.367792 0.367792
9670 19.000479 19.000479 19.000479 0.367792 0.367792 0.367792
9680 19.000479 19.000479 19.000479 0.367792 0.367792 0.367792
9690 19.000479 19.000479 19.000479 0.367792 0.367792 0.367792
9700 19.000479 19.000479 19.000479 0.367792 0.367792 0.367792
9710 19.000479 19.000479 19.000479 0.367792 0.367792 0.367792
9720 19.000479 19.000479 19.000479 0.367792 0.367792 0.367792
9730 19.000479 19.000479 19.000479 0.367792 0.367792 0.367792
9740 19.000479 19.000479 19.000479 0.367792 0.367792 0.367792
9750 19.000479 19.000479 19.000479 0.367792 0.367792 0.367792
9760 19.000479 19.000479 19.000479 0.367792 0.367792 0.367792
9770 19.000479 19.000479 19.000479 0.367792 0.367792 0.367792
9780 19.000479 19.000479 19.000479 0.367792 0.367792 0.367792
9790 19.000479 19.000479 19.000479 0.367792 0.367792 0.367792
9800 19.000479 19.000479 19.000479 0.367792 0.367792 0.367792
9810 19.000479 19.000479 19.000479 0.367792 0.367792 0.367792
9820 19.000479 19.000479 19.000479 0.367792 0.367792 0.367792
9830 19.000479 19.000479 19.000479 0.367792 0.367792 0.367792
9840 19.000479 19.000479 19.000479 0.367792 0.367792 0.367792
9850 19.000479 19.000479 19.000479 0.367792 0.367792 0.367792
9860 19.000479 19.000479 19.000479 0.367792 0.367792 0.367792
9870 19.000479 19.000479 19.000479 0.367792 0.367792 0.367792
9880 19.000479 19.000479 19.000479 0.367792 0.367792 0.367792
9890 19.000479 19.000479 19.000479 0.367792 0.367792 0.367792
9900 19.000479 19.000479 19.000479 0.367792 0.367792 0.367792
9910 19.000479 19.000479 19.000479 0.367792 0.367792 0.367792
9920 19.000479 19.000479 19.000479 0.367792 0.367792 0.367792
9930 19.000479 19.000479 19.000479 0.367792 0.367792 0.367792
9940 19.000479 19.000479 19.000479 0.367792 0.367792 0.367792
9950 19.000479 19.000479 19.000479 0.367792 0.367792 0.367792
9960 19.000479 19.000479 19.000479 0.367792 0.367792 0.367792
9970 19.000479 19.000479 19.000479 0.367792 0.367792 0.367792
9980 19.000479 19.000479 19.000479 0.367792 0.367792 0.367792
9990 19.000479 19.000479 19.000479 0.367792 0.367792 0.367792
10000 19.000479 19.000479 19.000479 0.367792 0.367792 0.367792
