# generation power_min power_avg power_max util_min util_avg util_max
1 8.282518 10.028233 11.780787 0.442054 0.662453 0.865879
10 7.814376 9.817412 11.090416 0.442054 0.666855 0.855524
20 7.814376 9.636319 10.695064 0.442054 0.666674 0.855524
30 7.814376 9.453533 10.346750 0.442054 0.670957 0.855524
40 7.814376 9.307554 10.154348 0.496501 0.678914 0.855524
50 7.324256 9.117421 10.046141 0.496501 0.672201 0.855524
60 7.223484 8.939217 9.780149 0.496501 0.667062 0.855524
70 7.223484 8.769138 9.641753 0.444561 0.663471 0.855524
80 7.204643 8.605551 9.524312 0.444561 0.654289 0.855524
90 7.204643 8.461275 9.344368 0.444561 0.651041 0.855524
100 7.119270 8.304490 9.221038 0.444561 0.644228 0.834949
110 6.888916 8.150751 9.033452 0.444561 0.635433 0.834949
120 6.888916 8.009262 8.840360 0.444561 0.627281 0.834949
130 6.888916 7.880473 8.579377 0.444561 0.619841 0.834949
140 6.888916 7.740411 8.499564 0.444561 0.612997 0.834949
150 6.782575 7.611736 8.298541 0.444561 0.602364 0.826707
160 6.480255 7.459388 8.216174 0.444561 0.600354 0.826707
170 6.470382 7.335957 8.113011 0.444561 0.593929 0.826707
180 6.470382 7.214160 7.929105 0.444561 0.583476 0.799594
190 6.357402 7.097600 7.748442 0.444561 0.578440 0.792148
200 6.112555 6.988819 7.611811 0.444561 0.582185 0.792148
210 6.112555 6.872170 7.427363 0.468024 0.583842 0.792148
220 5.883980 6.775677 7.302122 0.468024 0.584488 0.714976
230 5.883980 6.684842 7.203224 0.469749 0.587232 0.714976
240 5.713814 6.577164 7.049188 0.464315 0.583635 0.714976
250 5.713814 6.489215 6.984082 0.464315 0.583325 0.711528
260 5.713814 6.406457 6.923707 0.454184 0.578157 0.711528
270 5.646682 6.305860 6.812866 0.443863 0.578917 0.711528
280 5.339078 6.198946 6.746760 0.443863 0.580549 0.711528
290 5.339078 6.112566 6.608701 0.426752 0.577166 0.711528
300 5.339078 6.023675 6.517166 0.426752 0.570344 0.687561
310 5.279280 5.936430 6.446877 0.426752 0.563431 0.675547
320 5.145327 5.848919 6.324785 0.426752 0.555648 0.670906
330 5.145327 5.776808 6.215061 0.420679 0.549289 0.663649
340 5.145327 5.704817 6.102927 0.420679 0.548969 0.663649
350 5.034886 5.629744 5.991524 0.419269 0.550132 0.663649
360 4.922361 5.564133 5.931363 0.419269 0.550430 0.681591
370 4.922361 5.500143 5.835156 0.419269 0.551539 0.681591
380 4.922361 5.436766 5.788001 0.418124 0.547302 0.681591
390 4.922361 5.374180 5.723607 0.418124 0.544192 0.681591
400 4.802650 5.305560 5.667379 0.418124 0.540186 0.681591
410 4.796448 5.239562 5.600186 0.393867 0.540754 0.682893
420 4.717930 5.176944 5.490058 0.393867 0.541870 0.769056
430 4.632427 5.119284 5.399394 0.393867 0.537838 0.769056
440 4.593716 5.068957 5.352715 0.393867 0.534528 0.769056
450 4.505313 5.020973 5.298927 0.393867 0.532145 0.769056
460 4.505313 4.971378 5.240352 0.393867 0.532877 0.682893
470 4.505313 4.924443 5.185983 0.393867 0.529489 0.682893
480 4.505313 4.877332 5.145327 0.393867 0.529905 0.682893
490 4.473249 4.825686 5.082257 0.429523 0.529332 0.682893
500 4.336838 4.776331 5.026003 0.429523 0.528708 0.682893
510 4.336838 4.732179 4.979688 0.463134 0.529178 0.682893
520 4.336838 4.686842 4.934485 0.463134 0.530792 0.682893
530 4.306781 4.646869 4.881422 0.463134 0.530617 0.682893
540 4.264086 4.603796 4.862640 0.463134 0.530196 0.682893
550 4.264086 4.564378 4.805440 0.463134 0.530549 0.682893
560 4.184507 4.525236 4.769541 0.473826 0.530729 0.677372
570 4.173958 4.487767 4.692531 0.473826 0.526495 0.670817
580 4.173958 4.463206 4.632427 0.473826 0.526358 0.670817
590 4.153595 4.430774 4.609055 0.473826 0.526462 0.670817
600 4.144677 4.404385 4.542270 0.489088 0.525959 0.670817
610 4.144677 4.384157 4.506349 0.489088 0.526934 0.634071
620 4.138586 4.354768 4.501641 0.489088 0.529821 0.634071
630 4.015976 4.324081 4.473249 0.489088 0.530887 0.634071
640 4.015976 4.297663 4.447888 0.489088 0.530967 0.634071
650 3.983754 4.264701 4.423759 0.489088 0.532076 0.634071
660 3.947697 4.233773 4.400835 0.489088 0.532591 0.634071
670 3.947697 4.209052 4.359533 0.489088 0.534786 0.634071
680 3.905790 4.177478 4.335888 0.472163 0.534372 0.620434
690 3.899578 4.146099 4.307935 0.472163 0.536898 0.620434
700 3.836408 4.106733 4.293240 0.472163 0.539714 0.620434
710 3.807010 4.074367 4.265409 0.472163 0.541319 0.620434
720 3.751431 4.036618 4.213063 0.472163 0.544444 0.620434
730 3.685551 4.007048 4.184507 0.472163 0.547966 0.646165
740 3.685551 3.979917 4.157022 0.472163 0.552391 0.646165
750 3.685551 3.946823 4.138586 0.472163 0.554935 0.646165
760 3.685551 3.919460 4.106630 0.472163 0.558735 0.646165
770 3.685551 3.890704 4.042377 0.469846 0.562532 0.646165
780 3.685551 3.869894 4.015976 0.469846 0.564959 0.646165
790 3.652655 3.844954 3.983754 0.469846 0.569944 0.646165
800 3.652655 3.820453 3.951805 0.469846 0.574453 0.646165
810 3.652655 3.799596 3.916307 0.469846 0.578650 0.646165
820 3.652655 3.778423 3.905500 0.469846 0.583562 0.646165
830 3.652655 3.759028 3.870954 0.469846 0.587424 0.646165
840 3.628547 3.740436 3.847557 0.513026 0.593675 0.646165
850 3.628547 3.723952 3.820868 0.539987 0.598062 0.646165
860 3.628547 3.708729 3.787526 0.539987 0.602169 0.646165
870 3.628547 3.696572 3.769630 0.539987 0.605027 0.646165
880 3.628547 3.685117 3.761631 0.539987 0.608195 0.646165
890 3.628547 3.675059 3.749511 0.539987 0.610926 0.646165
900 3.628547 3.665509 3.723106 0.539987 0.610079 0.646165
910 3.628547 3.658617 3.713921 0.571963 0.614908 0.646165
920 3.610743 3.651745 3.691207 0.579256 0.614556 0.646165
930 3.610743 3.647018 3.662694 0.579256 0.612751 0.622245
940 3.610743 3.645620 3.652655 0.594529 0.612319 0.620360
950 3.598729 3.643326 3.652655 0.568806 0.610682 0.620360
960 3.598729 3.641389 3.652655 0.568806 0.608768 0.620360
970 3.598729 3.639044 3.652655 0.568806 0.606656 0.620360
980 3.598729 3.636633 3.652655 0.568806 0.604264 0.620360
990 3.598729 3.633809 3.652655 0.568806 0.601892 0.620360
1000 3.598729 3.630148 3.652655 0.568806 0.598767 0.620360
1010 3.598729 3.626839 3.651877 0.568806 0.595903 0.620360
1020 3.598729 3.623596 3.634851 0.568806 0.592745 0.620360
1030 3.598729 3.622716 3.628547 0.568806 0.592263 0.596440
1040 3.598729 3.621110 3.628547 0.568806 0.591567 0.596440
1050 3.598729 3.619383 3.628547 0.568806 0.590596 0.596440
1060 3.580925 3.616940 3.628547 0.568806 0.588833 0.596440
1070 3.580925 3.614737 3.628547 0.568806 0.587623 0.596440
1080 3.580925 3.611461 3.628547 0.568806 0.585661 0.596440
1090 3.580925 3.608185 3.628547 0.568806 0.583699 0.596440
1100 3.580925 3.604789 3.628547 0.568806 0.581460 0.596440
1110 3.580925 3.601750 3.628547 0.568806 0.579183 0.596440
1120 3.580925 3.599124 3.610743 0.568806 0.576572 0.596440
1130 3.580925 3.597032 3.610743 0.568806 0.573905 0.596440
1140 3.580925 3.594763 3.610743 0.568806 0.571256 0.596440
1150 3.580925 3.592497 3.598729 0.568806 0.569474 0.570716
1160 3.580925 3.591073 3.598729 0.568806 0.569627 0.570716
1170 3.580925 3.589293 3.598729 0.568806 0.569818 0.570716
1180 3.580925 3.587512 3.598729 0.568806 0.570009 0.570716
1190 3.580925 3.585732 3.598729 0.568806 0.570200 0.570716
1200 3.580925 3.583952 3.598729 0.568806 0.570391 0.570716
1210 3.580925 3.582171 3.598729 0.568806 0.570582 0.570716
1220 3.580925 3.580925 3.580925 0.570716 0.570716 0.570716
1230 3.580925 3.580925 3.580925 0.570716 0.570716 0.570716
1240 3.580925 3.580925 3.580925 0.570716 0.570716 0.570716
1250 3.580925 3.580925 3.580925 0.570716 0.570716 0.570716
1260 3.580925 3.580925 3.580925 0.570716 0.570716 0.570716
1270 3.580925 3.580925 3.580925 0.570716 0.570716 0.570716
1280 3.580925 3.580925 3.580925 0.570716 0.570716 0.570716
1290 3.580925 3.580925 3.580925 0.570716 0.570716 0.570716
1300 3.580925 3.580925 3.580925 0.570716 0.570716 0.570716
1310 3.580925 3.580925 3.580925 0.570716 0.570716 0.570716
1320 3.580925 3.580925 3.580925 0.570716 0.570716 0.570716
1330 3.580925 3.580925 3.580925 0.570716 0.570716 0.570716
1340 3.580925 3.580925 3.580925 0.570716 0.570716 0.570716
1350 3.580925 3.580925 3.580925 0.570716 0.570716 0.570716
1360 3.580925 3.580925 3.580925 0.570716 0.570716 0.570716
1370 3.580925 3.580925 3.580925 0.570716 0.570716 0.570716
1380 3.580925 3.580925 3.580925 0.570716 0.570716 0.570716
1390 3.580925 3.580925 3.580925 0.570716 0.570716 0.570716
1400 3.580925 3.580925 3.580925 0.570716 0.570716 0.570716
1410 3.580925 3.580925 3.580925 0.570716 0.570716 0.570716
1420 3.580925 3.580925 3.580925 0.570716 0.570716 0.570716
1430 3.580925 3.580925 3.580925 0.570716 0.570716 0.570716
1440 3.580925 3.580925 3.580925 0.570716 0.570716 0.570716
1450 3.580925 3.580925 3.580925 0.570716 0.570716 0.570716
1460 3.580925 3.580925 3.580925 0.570716 0.570716 0.570716
1470 3.580925 3.580925 3.580925 0.570716 0.570716 0.570716
1480 3.580925 3.580925 3.580925 0.570716 0.570716 0.570716
1490 3.580925 3.580925 3.580925 0.570716 0.570716 0.570716
1500 3.580925 3.580925 3.580925 0.570716 0.570716 0.570716
1510 3.580925 3.580925 3.580925 0.570716 0.570716 0.570716
1520 3.580925 3.580925 3.580925 0.570716 0.570716 0.570716
1530 3.580925 3.580925 3.580925 0.570716 0.570716 0.570716
1540 3.580925 3.580925 3.580925 0.570716 0.570716 0.570716
1550 3.580925 3.580925 3.580925 0.570716 0.570716 0.570716
1560 3.580925 3.580925 3.580925 0.570716 0.570716 0.570716
1570 3.580925 3.580925 3.580925 0.570716 0.570716 0.570716
1580 3.580925 3.580925 3.580925 0.570716 0.570716 0.570716
1590 3.580925 3.580925 3.580925 0.570716 0.570716 0.570716
1600 3.580925 3.580925 3.580925 0.570716 0.570716 0.570716
1610 3.580925 3.580925 3.580925 0.570716 0.570716 0.570716
1620 3.580925 3.580925 3.580925 0.570716 0.570716 0.570716
1630 3.580925 3.580925 3.580925 0.570716 0.570716 0.570716
1640 3.580925 3.580925 3.580925 0.570716 0.570716 0.570716
1650 3.580925 3.580925 3.580925 0.570716 0.570716 0.570716
1660 3.580925 3.580925 3.580925 0.570716 0.570716 0.570716
1670 3.580925 3.580925 3.580925 0.570716 0.570716 0.570716
1680 3.580925 3.580925 3.580925 0.570716 0.570716 0.570716
1690 3.580925 3.580925 3.580925 0.570716 0.570716 0.570716
1700 3.580925 3.580925 3.580925 0.570716 0.570716 0.570716
1710 3.580925 3.580925 3.580925 0.570716 0.570716 0.570716
1720 3.580925 3.580925 3.580925 0.570716 0.570716 0.570716
1730 3.580925 3.580925 3.580925 0.570716 0.570716 0.570716
1740 3.580925 3.580925 3.580925 0.570716 0.570716 0.570716
1750 3.580925 3.580925 3.580925 0.570716 0.570716 0.570716
1760 3.580925 3.580925 3.580925 0.570716 0.570716 0.570716
1770 3.580925 3.580925 3.580925 0.570716 0.570716 0.570716
1780 3.580925 3.580925 3.580925 0.570716 0.570716 0.570716
1790 3.580925 3.580925 3.580925 0.570716 0.570716 0.570716
1800 3.580925 3.580925 3.580925 0.570716 0.570716 0.570716
1810 3.580925 3.580925 3.580925 0.570716 0.570716 0.570716
1820 3.580925 3.580925 3.580925 0.570716 0.570716 0.570716
1830 3.580925 3.580925 3.580925 0.570716 0.570716 0.570716
1840 3.580925 3.580925 3.580925 0.570716 0.570716 0.570716
1850 3.580925 3.580925 3.580925 0.570716 0.570716 0.570716
1860 3.580925 3.580925 3.580925 0.570716 0.570716 0.570716
1870 3.580925 3.580925 3.580925 0.570716 0.570716 0.570716
1880 3.580925 3.580925 3.580925 0.570716 0.570716 0.570716
1890 3.580925 3.580925 3.580925 0.570716 0.570716 0.570716
1900 3.580925 3.580925 3.580925 0.570716 0.570716 0.570716
1910 3.580925 3.580925 3.580925 0.570716 0.570716 0.570716
1920 3.580925 3.580925 3.580925 0.570716 0.570716 0.570716
1930 3.580925 3.580925 3.580925 0.570716 0.570716 0.570716
1940 3.580925 3.580925 3.580925 0.570716 0.570716 0.570716
1950 3.580925 3.580925 3.580925 0.570716 0.570716 0.570716
1960 3.580925 3.580925 3.580925 0.570716 0.570716 0.570716
1970 3.580925 3.580925 3.580925 0.570716 0.570716 0.570716
1980 3.580925 3.580925 3.580925 0.570716 0.570716 0.570716
1990 3.580925 3.580925 3.580925 0.570716 0.570716 0.570716
2000 3.580925 3.580925 3.580925 0.570716 0.570716 0.570716
2010 3.580925 3.580925 3.580925 0.570716 0.570716 0.570716
2020 3.580925 3.580925 3.580925 0.570716 0.570716 0.570716
2030 3.580925 3.580925 3.580925 0.570716 0.570716 0.570716
2040 3.580925 3.580925 3.580925 0.570716 0.570716 0.570716
2050 3.580925 3.580925 3.580925 0.570716 0.570716 0.570716
2060 3.580925 3.580925 3.580925 0.570716 0.570716 0.570716
2070 3.580925 3.580925 3.580925 0.570716 0.570716 0.570716
2080 3.580925 3.580925 3.580925 0.570716 0.570716 0.570716
2090 3.580925 3.580925 3.580925 0.570716 0.570716 0.570716
2100 3.580925 3.580925 3.580925 0.570716 0.570716 0.570716
2110 3.580925 3.580925 3.580925 0.570716 0.570716 0.570716
2120 3.580925 3.580925 3.580925 0.570716 0.570716 0.570716
2130 3.580925 3.580925 3.580925 0.570716 0.570716 0.570716
2140 3.580925 3.580925 3.580925 0.570716 0.570716 0.570716
2150 3.580925 3.580925 3.580925 0.570716 0.570716 0.570716
2160 3.580925 3.580925 3.580925 0.570716 0.570716 0.570716
2170 3.580925 3.580925 3.580925 0.570716 0.570716 0.570716
2180 3.580925 3.580925 3.580925 0.570716 0.570716 0.570716
2190 3.580925 3.580925 3.580925 0.570716 0.570716 0.570716
2200 3.580925 3.580925 3.580925 0.570716 0.570716 0.570716
2210 3.580925 3.580925 3.580925 0.570716 0.570716 0.570716
2220 3.580925 3.580925 3.580925 0.570716 0.570716 0.570716
2230 3.580925 3.580925 3.580925 0.570716 0.570716 0.570716
2240 3.580925 3.580925 3.580925 0.570716 0.570716 0.570716
2250 3.580925 3.580925 3.580925 0.570716 0.570716 0.570716
2260 3.580925 3.580925 3.580925 0.570716 0.570716 0.570716
2270 3.580925 3.580925 3.580925 0.570716 0.570716 0.570716
2280 3.580925 3.580925 3.580925 0.570716 0.570716 0.570716
2290 3.580925 3.580925 3.580925 0.570716 0.570716 0.570716
2300 3.580925 3.580925 3.580925 0.570716 0.570716 0.570716
2310 3.580925 3.580925 3.580925 0.570716 0.570716 0.570716
2320 3.580925 3.580925 3.580925 0.570716 0.570716 0.570716
2330 3.580925 3.580925 3.580925 0.570716 0.570716 0.570716
2340 3.580925 3.580925 3.580925 0.570716 0.570716 0.570716
2350 3.580925 3.580925 3.580925 0.570716 0.570716 0.570716
2360 3.580925 3.580925 3.580925 0.570716 0.570716 0.570716
2370 3.580925 3.580925 3.580925 0.570716 0.570716 0.570716
2380 3.580925 3.580925 3.580925 0.570716 0.570716 0.570716
2390 3.580925 3.580925 3.580925 0.570716 0.570716 0.570716
2400 3.580925 3.580925 3.580925 0.570716 0.570716 0.570716
2410 3.580925 3.580925 3.580925 0.570716 0.570716 0.570716
2420 3.580925 3.580925 3.580925 0.570716 0.570716 0.570716
2430 3.580925 3.580925 3.580925 0.570716 0.570716 0.570716
2440 3.580925 3.580925 3.580925 0.570716 0.570716 0.570716
2450 3.580925 3.580925 3.580925 0.570716 0.570716 0.570716
2460 3.580925 3.580925 3.580925 0.570716 0.570716 0.570716
2470 3.580925 3.580925 3.580925 0.570716 0.570716 0.570716
2480 3.580925 3.580925 3.580925 0.570716 0.570716 0.570716
2490 3.580925 3.580925 3.580925 0.570716 0.570716 0.570716
2500 3.580925 3.580925 3.580925 0.570716 0.570716 0.570716
2510 3.580925 3.580925 3.580925 0.570716 0.570716 0.570716
2520 3.580925 3.580925 3.580925 0.570716 0.570716 0.570716
2530 3.580925 3.580925 3.580925 0.570716 0.570716 0.570716
2540 3.580925 3.580925 3.580925 0.570716 0.570716 0.570716
2550 3.580925 3.580925 3.580925 0.570716 0.570716 0.570716
2560 3.580925 3.580925 3.580925 0.570716 0.570716 0.570716
2570 3.580925 3.580925 3.580925 0.570716 0.570716 0.570716
2580 3.580925 3.580925 3.580925 0.570716 0.570716 0.570716
2590 3.580925 3.580925 3.580925 0.570716 0.570716 0.570716
2600 3.580925 3.580925 3.580925 0.570716 0.570716 0.570716
2610 3.580925 3.580925 3.580925 0.570716 0.570716 0.570716
2620 3.580925 3.580925 3.580925 0.570716 0.570716 0.570716
2630 3.580925 3.580925 3.580925 0.570716 0.570716 0.570716
2640 3.580925 3.580925 3.580925 0.570716 0.570716 0.570716
2650 3.580925 3.580925 3.580925 0.570716 0.570716 0.570716
2660 3.580925 3.580925 3.580925 0.570716 0.570716 0.570716
2670 3.580925 3.580925 3.580925 0.570716 0.570716 0.570716
2680 3.580925 3.580925 3.580925 0.570716 0.570716 0.570716
2690 3.580925 3.580925 3.580925 0.570716 0.570716 0.570716
2700 3.580925 3.580925 3.580925 0.570716 0.570716 0.570716
2710 3.580925 3.580925 3.580925 0.570716 0.570716 0.570716
2720 3.580925 3.580925 3.580925 0.570716 0.570716 0.570716
2730 3.580925 3.580925 3.580925 0.570716 0.570716 0.570716
2740 3.580925 3.580925 3.580925 0.570716 0.570716 0.570716
2750 3.580925 3.580925 3.580925 0.570716 0.570716 0.570716
2760 3.580925 3.580925 3.580925 0.570716 0.570716 0.570716
2770 3.580925 3.580925 3.580925 0.570716 0.570716 0.570716
2780 3.580925 3.580925 3.580925 0.570716 0.570716 0.570716
2790 3.580925 3.580925 3.580925 0.570716 0.570716 0.570716
2800 3.580925 3.580925 3.580925 0.570716 0.570716 0.570716
2810 3.580925 3.580925 3.580925 0.570716 0.570716 0.570716
2820 3.580925 3.580925 3.580925 0.570716 0.570716 0.570716
2830 3.580925 3.580925 3.580925 0.570716 0.570716 0.570716
2840 3.580925 3.580925 3.580925 0.570716 0.570716 0.570716
2850 3.580925 3.580925 3.580925 0.570716 0.570716 0.570716
2860 3.580925 3.580925 3.580925 0.570716 0.570716 0.570716
2870 3.580925 3.580925 3.580925 0.570716 0.570716 0.570716
2880 3.580925 3.580925 3.580925 0.570716 0.570716 0.570716
2890 3.580925 3.580925 3.580925 0.570716 0.570716 0.570716
2900 3.580925 3.580925 3.580925 0.570716 0.570716 0.570716
2910 3.580925 3.580925 3.580925 0.570716 0.570716 0.570716
2920 3.580925 3.580925 3.580925 0.570716 0.570716 0.570716
2930 3.580925 3.580925 3.580925 0.570716 0.570716 0.570716
2940 3.580925 3.580925 3.580925 0.570716 0.570716 0.570716
2950 3.580925 3.580925 3.580925 0.570716 0.570716 0.570716
2960 3.580925 3.580925 3.580925 0.570716 0.570716 0.570716
2970 3.580925 3.580925 3.580925 0.570716 0.570716 0.570716
2980 3.580925 3.580925 3.580925 0.570716 0.570716 0.570716
2990 3.580925 3.580925 3.580925 0.570716 0.570716 0.570716
3000 3.580925 3.580925 3.580925 0.570716 0.570716 0.570716
3010 3.580925 3.580925 3.580925 0.570716 0.570716 0.570716
3020 3.580925 3.580925 3.580925 0.570716 0.570716 0.570716
3030 3.580925 3.580925 3.580925 0.570716 0.570716 0.570716
3040 3.580925 3.580925 3.580925 0.570716 0.570716 0.570716
3050 3.580925 3.580925 3.580925 0.570716 0.570716 0.570716
3060 3.580925 3.580925 3.580925 0.570716 0.570716 0.570716
3070 3.580925 3.580925 3.580925 0.570716 0.570716 0.570716
3080 3.580925 3.580925 3.580925 0.570716 0.570716 0.570716
3090 3.580925 3.580925 3.580925 0.570716 0.570716 0.570716
3100 3.580925 3.580925 3.580925 0.570716 0.570716 0.570716
3110 3.580925 3.580925 3.580925 0.570716 0.570716 0.570716
3120 3.580925 3.580925 3.580925 0.570716 0.570716 0.570716
3130 3.580925 3.580925 3.580925 0.570716 0.570716 0.570716
3140 3.580925 3.580925 3.580925 0.570716 0.570716 0.570716
3150 3.580925 3.580925 3.580925 0.570716 0.570716 0.570716
3160 3.580925 3.580925 3.580925 0.570716 0.570716 0.570716
3170 3.580925 3.580925 3.580925 0.570716 0.570716 0.570716
3180 3.580925 3.580925 3.580925 0.570716 0.570716 0.570716
3190 3.580925 3.580925 3.580925 0.570716 0.570716 0.570716
3200 3.580925 3.580925 3.580925 0.570716 0.570716 0.570716
3210 3.580925 3.580925 3.580925 0.570716 0.570716 0.570716
3220 3.580925 3.580925 3.580925 0.570716 0.570716 0.570716
3230 3.580925 3.580925 3.580925 0.570716 0.570716 0.570716
3240 3.580925 3.580925 3.580925 0.570716 0.570716 0.570716
3250 3.580925 3.580925 3.580925 0.570716 0.570716 0.570716
3260 3.580925 3.580925 3.580925 0.570716 0.570716 0.570716
3270 3.580925 3.580925 3.580925 0.570716 0.570716 0.570716
3280 3.580925 3.580925 3.580925 0.570716 0.570716 0.570716
3290 3.580925 3.580925 3.580925 0.570716 0.570716 0.570716
3300 3.580925 3.580925 3.580925 0.570716 0.570716 0.570716
3310 3.580925 3.580925 3.580925 0.570716 0.570716 0.570716
3320 3.580925 3.580925 3.580925 0.570716 0.570716 0.570716
3330 3.580925 3.580925 3.580925 0.570716 0.570716 0.570716
3340 3.580925 3.580925 3.580925 0.570716 0.570716 0.570716
3350 3.580925 3.580925 3.580925 0.570716 0.570716 0.570716
3360 3.580925 3.580925 3.580925 0.570716 0.570716 0.570716
3370 3.580925 3.580925 3.580925 0.570716 0.570716 0.570716
3380 3.580925 3.580925 3.580925 0.570716 0.570716 0.570716
3390 3.580925 3.580925 3.580925 0.570716 0.570716 0.570716
3400 3.580925 3.580925 3.580925 0.570716 0.570716 0.570716
3410 3.580925 3.580925 3.580925 0.570716 0.570716 0.570716
3420 3.580925 3.580925 3.580925 0.570716 0.570716 0.570716
3430 3.580925 3.580925 3.580925 0.570716 0.570716 0.570716
3440 3.580925 3.580925 3.580925 0.570716 0.570716 0.570716
3450 3.580925 3.580925 3.580925 0.570716 0.570716 0.570716
3460 3.580925 3.580925 3.580925 0.570716 0.570716 0.570716
3470 3.580925 3.580925 3.580925 0.570716 0.570716 0.570716
3480 3.580925 3.580925 3.580925 0.570716 0.570716 0.570716
3490 3.580925 3.580925 3.580925 0.570716 0.570716 0.570716
3500 3.580925 3.580925 3.580925 0.570716 0.570716 0.570716
3510 3.580925 3.580925 3.580925 0.570716 0.570716 0.570716
3520 3.580925 3.580925 3.580925 0.570716 0.570716 0.570716
3530 3.580925 3.580925 3.580925 0.570716 0.570716 0.570716
3540 3.580925 3.580925 3.580925 0.570716 0.570716 0.570716
3550 3.580925 3.580925 3.580925 0.570716 0.570716 0.570716
3560 3.580925 3.580925 3.580925 0.570716 0.570716 0.570716
3570 3.580925 3.580925 3.580925 0.570716 0.570716 0.570716
3580 3.580925 3.580925 3.580925 0.570716 0.570716 0.570716
3590 3.580925 3.580925 3.580925 0.570716 0.570716 0.570716
3600 3.580925 3.580925 3.580925 0.570716 0.570716 0.570716
3610 3.580925 3.580925 3.580925 0.570716 0.570716 0.570716
3620 3.580925 3.580925 3.580925 0.570716 0.570716 0.570716
3630 3.580925 3.580925 3.580925 0.570716 0.570716 0.570716
3640 3.580925 3.580925 3.580925 0.570716 0.570716 0.570716
3650 3.580925 3.580925 3.580925 0.570716 0.570716 0.570716
3660 3.580925 3.580925 3.580925 0.570716 0.570716 0.570716
3670 3.580925 3.580925 3.580925 0.570716 0.570716 0.570716
3680 3.580925 3.580925 3.580925 0.570716 0.570716 0.570716
3690 3.580925 3.580925 3.580925 0.570716 0.570716 0.570716
3700 3.580925 3.580925 3.580925 0.570716 0.570716 0.570716
3710 3.580925 3.580925 3.580925 0.570716 0.570716 0.570716
3720 3.580925 3.580925 3.580925 0.570716 0.570716 0.570716
3730 3.580925 3.580925 3.580925 0.570716 0.570716 0.570716
3740 3.580925 3.580925 3.580925 0.570716 0.570716 0.570716
3750 3.580925 3.580925 3.580925 0.570716 0.570716 0.570716
3760 3.580925 3.580925 3.580925 0.570716 0.570716 0.570716
3770 3.580925 3.580925 3.580925 0.570716 0.570716 0.570716
3780 3.580925 3.580925 3.580925 0.570716 0.570716 0.570716
3790 3.580925 3.580925 3.580925 0.570716 0.570716 0.570716
3800 3.580925 3.580925 3.580925 0.570716 0.570716 0.570716
3810 3.580925 3.580925 3.580925 0.570716 0.570716 0.570716
3820 3.580925 3.580925 3.580925 0.570716 0.570716 0.570716
3830 3.580925 3.580925 3.580925 0.570716 0.570716 0.570716
3840 3.580925 3.580925 3.580925 0.570716 0.570716 0.570716
3850 3.580925 3.580925 3.580925 0.570716 0.570716 0.570716
3860 3.580925 3.580925 3.580925 0.570716 0.570716 0.570716
3870 3.580925 3.580925 3.580925 0.570716 0.570716 0.570716
3880 3.580925 3.580925 3.580925 0.570716 0.570716 0.570716
3890 3.580925 3.580925 3.580925 0.570716 0.570716 0.570716
3900 3.580925 3.580925 3.580925 0.570716 0.570716 0.570716
3910 3.580925 3.580925 3.580925 0.570716 0.570716 0.570716
3920 3.580925 3.580925 3.580925 0.570716 0.570716 0.570716
3930 3.580925 3.580925 3.580925 0.570716 0.570716 0.570716
3940 3.580925 3.580925 3.580925 0.570716 0.570716 0.570716
3950 3.580925 3.580925 3.580925 0.570716 0.570716 0.570716
3960 3.580925 3.580925 3.580925 0.570716 0.570716 0.570716
3970 3.580925 3.580925 3.580925 0.570716 0.570716 0.570716
3980 3.580925 3.580925 3.580925 0.570716 0.570716 0.570716
3990 3.580925 3.580925 3.580925 0.570716 0.570716 0.570716
4000 3.580925 3.580925 3.580925 0.570716 0.570716 0.570716
4010 3.580925 3.580925 3.580925 0.570716 0.570716 0.570716
4020 3.580925 3.580925 3.580925 0.570716 0.570716 0.570716
4030 3.580925 3.580925 3.580925 0.570716 0.570716 0.570716
4040 3.580925 3.580925 3.580925 0.570716 0.570716 0.570716
4050 3.580925 3.580925 3.580925 0.570716 0.570716 0.570716
4060 3.580925 3.580925 3.580925 0.570716 0.570716 0.570716
4070 3.580925 3.580925 3.580925 0.570716 0.570716 0.570716
4080 3.580925 3.580925 3.580925 0.570716 0.570716 0.570716
4090 3.580925 3.580925 3.580925 0.570716 0.570716 0.570716
4100 3.580925 3.580925 3.580925 0.570716 0.570716 0.570716
4110 3.580925 3.580925 3.580925 0.570716 0.570716 0.570716
4120 3.580925 3.580925 3.580925 0.570716 0.570716 0.570716
4130 3.580925 3.580925 3.580925 0.570716 0.570716 0.570716
4140 3.580925 3.580925 3.580925 0.570716 0.570716 0.570716
4150 3.580925 3.580925 3.580925 0.570716 0.570716 0.570716
4160 3.580925 3.580925 3.580925 0.570716 0.570716 0.570716
4170 3.580925 3.580925 3.580925 0.570716 0.570716 0.570716
4180 3.580925 3.580925 3.580925 0.570716 0.570716 0.570716
4190 3.580925 3.580925 3.580925 0.570716 0.570716 0.570716
4200 3.580925 3.580925 3.580925 0.570716 0.570716 0.570716
4210 3.580925 3.580925 3.580925 0.570716 0.570716 0.570716
4220 3.580925 3.580925 3.580925 0.570716 0.570716 0.570716
4230 3.580925 3.580925 3.580925 0.570716 0.570716 0.570716
4240 3.580925 3.580925 3.580925 0.570716 0.570716 0.570716
4250 3.580925 3.580925 3.580925 0.570716 0.570716 0.570716
4260 3.580925 3.580925 3.580925 0.570716 0.570716 0.570716
4270 3.580925 3.580925 3.580925 0.570716 0.570716 0.570716
4280 3.580925 3.580925 3.580925 0.570716 0.570716 0.570716
4290 3.580925 3.580925 3.580925 0.570716 0.570716 0.570716
4300 3.580925 3.580925 3.580925 0.570716 0.570716 0.570716
4310 3.580925 3.580925 3.580925 0.570716 0.570716 0.570716
4320 3.580925 3.580925 3.580925 0.570716 0.570716 0.570716
4330 3.580925 3.580925 3.580925 0.570716 0.570716 0.570716
4340 3.580925 3.580925 3.580925 0.570716 0.570716 0.570716
4350 3.580925 3.580925 3.580925 0.570716 0.570716 0.570716
4360 3.580925 3.580925 3.580925 0.570716 0.570716 0.570716
4370 3.580925 3.580925 3.580925 0.570716 0.570716 0.570716
4380 3.580925 3.580925 3.580925 0.570716 0.570716 0.570716
4390 3.580925 3.580925 3.580925 0.570716 0.570716 0.570716
4400 3.580925 3.580925 3.580925 0.570716 0.570716 0.570716
4410 3.580925 3.580925 3.580925 0.570716 0.570716 0.570716
4420 3.580925 3.580925 3.580925 0.570716 0.570716 0.570716
4430 3.580925 3.580925 3.580925 0.570716 0.570716 0.570716
4440 3.580925 3.580925 3.580925 0.570716 0.570716 0.570716
4450 3.580925 3.580925 3.580925 0.570716 0.570716 0.570716
4460 3.580925 3.580925 3.580925 0.570716 0.570716 0.570716
4470 3.580925 3.580925 3.580925 0.570716 0.570716 0.570716
4480 3.580925 3.580925 3.580925 0.570716 0.570716 0.570716
4490 3.580925 3.580925 3.580925 0.570716 0.570716 0.570716
4500 3.580925 3.580925 3.580925 0.570716 0.570716 0.570716
4510 3.580925 3.580925 3.580925 0.570716 0.570716 0.570716
4520 3.580925 3.580925 3.580925 0.570716 0.570716 0.570716
4530 3.580925 3.580925 3.580925 0.570716 0.570716 0.570716
4540 3.580925 3.580925 3.580925 0.570716 0.570716 0.570716
4550 3.580925 3.580925 3.580925 0.570716 0.570716 0.570716
4560 3.580925 3.580925 3.580925 0.570716 0.570716 0.570716
4570 3.580925 3.580925 3.580925 0.570716 0.570716 0.570716
4580 3.580925 3.580925 3.580925 0.570716 0.570716 0.570716
4590 3.580925 3.580925 3.580925 0.570716 0.570716 0.570716
4600 3.580925 3.580925 3.580925 0.570716 0.570716 0.570716
4610 3.580925 3.580925 3.580925 0.570716 0.570716 0.570716
4620 3.580925 3.580925 3.580925 0.570716 0.570716 0.570716
4630 3.580925 3.580925 3.580925 0.570716 0.570716 0.570716
4640 3.580925 3.580925 3.580925 0.570716 0.570716 0.570716
4650 3.580925 3.580925 3.580925 0.570716 0.570716 0.570716
4660 3.580925 3.580925 3.580925 0.570716 0.570716 0.570716
4670 3.580925 3.580925 3.580925 0.570716 0.570716 0.570716
4680 3.580925 3.580925 3.580925 0.570716 0.570716 0.570716
4690 3.580925 3.580925 3.580925 0.570716 0.570716 0.570716
4700 3.580925 3.580925 3.580925 0.570716 0.570716 0.570716
4710 3.580925 3.580925 3.580925 0.570716 0.570716 0.570716
4720 3.580925 3.580925 3.580925 0.570716 0.570716 0.570716
4730 3.580925 3.580925 3.580925 0.570716 0.570716 0.570716
4740 3.580925 3.580925 3.580925 0.570716 0.570716 0.570716
4750 3.580925 3.580925 3.580925 0.570716 0.570716 0.570716
4760 3.580925 3.580925 3.580925 0.570716 0.570716 0.570716
4770 3.580925 3.580925 3.580925 0.570716 0.570716 0.570716
4780 3.580925 3.580925 3.580925 0.570716 0.570716 0.570716
4790 3.580925 3.580925 3.580925 0.570716 0.570716 0.570716
4800 3.580925 3.580925 3.580925 0.570716 0.570716 0.570716
4810 3.580925 3.580925 3.580925 0.570716 0.570716 0.570716
4820 3.580925 3.580925 3.580925 0.570716 0.570716 0.570716
4830 3.580925 3.580925 3.580925 0.570716 0.570716 0.570716
4840 3.580925 3.580925 3.580925 0.570716 0.570716 0.570716
4850 3.580925 3.580925 3.580925 0.570716 0.570716 0.570716
4860 3.580925 3.580925 3.580925 0.570716 0.570716 0.570716
4870 3.580925 3.580925 3.580925 0.570716 0.570716 0.570716
4880 3.580925 3.580925 3.580925 0.570716 0.570716 0.570716
4890 3.580925 3.580925 3.580925 0.570716 0.570716 0.570716
4900 3.580925 3.580925 3.580925 0.570716 0.570716 0.570716
4910 3.580925 3.580925 3.580925 0.570716 0.570716 0.570716
4920 3.580925 3.580925 3.580925 0.570716 0.570716 0.570716
4930 3.580925 3.580925 3.580925 0.570716 0.570716 0.570716
4940 3.580925 3.580925 3.580925 0.570716 0.570716 0.570716
4950 3.580925 3.580925 3.580925 0.570716 0.570716 0.570716
4960 3.580925 3.580925 3.580925 0.570716 0.570716 0.570716
4970 3.580925 3.580925 3.580925 0.570716 0.570716 0.570716
4980 3.580925 3.580925 3.580925 0.570716 0.570716 0.570716
4990 3.580925 3.580925 3.580925 0.570716 0.570716 0.570716
5000 3.580925 3.580925 3.580925 0.570716 0.570716 0.570716
5010 3.580925 3.580925 3.580925 0.570716 0.570716 0.570716
5020 3.580925 3.580925 3.580925 0.570716 0.570716 0.570716
5030 3.580925 3.580925 3.580925 0.570716 0.570716 0.570716
5040 3.580925 3.580925 3.580925 0.570716 0.570716 0.570716
5050 3.580925 3.580925 3.580925 0.570716 0.570716 0.570716
5060 3.580925 3.580925 3.580925 0.570716 0.570716 0.570716
5070 3.580925 3.580925 3.580925 0.570716 0.570716 0.570716
5080 3.580925 3.580925 3.580925 0.570716 0.570716 0.570716
5090 3.580925 3.580925 3.580925 0.570716 0.570716 0.570716
5100 3.580925 3.580925 3.580925 0.570716 0.570716 0.570716
5110 3.580925 3.580925 3.580925 0.570716 0.570716 0.570716
5120 3.580925 3.580925 3.580925 0.570716 0.570716 0.570716
5130 3.580925 3.580925 3.580925 0.570716 0.570716 0.570716
5140 3.580925 3.580925 3.580925 0.570716 0.570716 0.570716
5150 3.580925 3.580925 3.580925 0.570716 0.570716 0.570716
5160 3.580925 3.580925 3.580925 0.570716 0.570716 0.570716
5170 3.580925 3.580925 3.580925 0.570716 0.570716 0.570716
5180 3.580925 3.580925 3.580925 0.570716 0.570716 0.570716
5190 3.580925 3.580925 3.580925 0.570716 0.570716 0.570716
5200 3.580925 3.580925 3.580925 0.570716 0.570716 0.570716
5210 3.580925 3.580925 3.580925 0.570716 0.570716 0.570716
5220 3.580925 3.580925 3.580925 0.570716 0.570716 0.570716
5230 3.580925 3.580925 3.580925 0.570716 0.570716 0.570716
5240 3.580925 3.580925 3.580925 0.570716 0.570716 0.570716
5250 3.580925 3.580925 3.580925 0.570716 0.570716 0.570716
5260 3.580925 3.580925 3.580925 0.570716 0.570716 0.570716
5270 3.580925 3.580925 3.580925 0.570716 0.570716 0.570716
5280 3.580925 3.580925 3.580925 0.570716 0.570716 0.570716
5290 3.580925 3.580925 3.580925 0.570716 0.570716 0.570716
5300 3.580925 3.580925 3.580925 0.570716 0.570716 0.570716
5310 3.580925 3.580925 3.580925 0.570716 0.570716 0.570716
5320 3.580925 3.580925 3.580925 0.570716 0.570716 0.570716
5330 3.580925 3.580925 3.580925 0.570716 0.570716 0.570716
5340 3.580925 3.580925 3.580925 0.570716 0.570716 0.570716
5350 3.580925 3.580925 3.580925 0.570716 0.570716 0.570716
5360 3.580925 3.580925 3.580925 0.570716 0.570716 0.570716
5370 3.580925 3.580925 3.580925 0.570716 0.570716 0.570716
5380 3.580925 3.580925 3.580925 0.570716 0.570716 0.570716
5390 3.580925 3.580925 3.580925 0.570716 0.570716 0.570716
5400 3.580925 3.580925 3.580925 0.570716 0.570716 0.570716
5410 3.580925 3.580925 3.580925 0.570716 0.570716 0.570716
5420 3.580925 3.580925 3.580925 0.570716 0.570716 0.570716
5430 3.580925 3.580925 3.580925 0.570716 0.570716 0.570716
5440 3.580925 3.580925 3.580925 0.570716 0.570716 0.570716
5450 3.580925 3.580925 3.580925 0.570716 0.570716 0.570716
5460 3.580925 3.580925 3.580925 0.570716 0.570716 0.570716
5470 3.580925 3.580925 3.580925 0.570716 0.570716 0.570716
5480 3.580925 3.580925 3.580925 0.570716 0.570716 0.570716
5490 3.580925 3.580925 3.580925 0.570716 0.570716 0.570716
5500 3.580925 3.580925 3.580925 0.570716 0.570716 0.570716
5510 3.580925 3.580925 3.580925 0.570716 0.570716 0.570716
5520 3.580925 3.580925 3.580925 0.570716 0.570716 0.570716
5530 3.580925 3.580925 3.580925 0.570716 0.570716 0.570716
5540 3.580925 3.580925 3.580925 0.570716 0.570716 0.570716
5550 3.580925 3.580925 3.580925 0.570716 0.570716 0.570716
5560 3.580925 3.580925 3.580925 0.570716 0.570716 0.570716
5570 3.580925 3.580925 3.580925 0.570716 0.570716 0.570716
5580 3.580925 3.580925 3.580925 0.570716 0.570716 0.570716
5590 3.580925 3.580925 3.580925 0.570716 0.570716 0.570716
5600 3.580925 3.580925 3.580925 0.570716 0.570716 0.570716
5610 3.580925 3.580925 3.580925 0.570716 0.570716 0.570716
5620 3.580925 3.580925 3.580925 0.570716 0.570716 0.570716
5630 3.580925 3.580925 3.580925 0.570716 0.570716 0.570716
5640 3.580925 3.580925 3.580925 0.570716 0.570716 0.570716
5650 3.580925 3.580925 3.580925 0.570716 0.570716 0.570716
5660 3.580925 3.580925 3.580925 0.570716 0.570716 0.570716
5670 3.580925 3.580925 3.580925 0.570716 0.570716 0.570716
5680 3.580925 3.580925 3.580925 0.570716 0.570716 0.570716
5690 3.580925 3.580925 3.580925 0.570716 0.570716 0.570716
5700 3.580925 3.580925 3.580925 0.570716 0.570716 0.570716
5710 3.580925 3.580925 3.580925 0.570716 0.570716 0.570716
5720 3.580925 3.580925 3.580925 0.570716 0.570716 0.570716
5730 3.580925 3.580925 3.580925 0.570716 0.570716 0.570716
5740 3.580925 3.580925 3.580925 0.570716 0.570716 0.570716
5750 3.580925 3.580925 3.580925 0.570716 0.570716 0.570716
5760 3.580925 3.580925 3.580925 0.570716 0.570716 0.570716
5770 3.580925 3.580925 3.580925 0.570716 0.570716 0.570716
5780 3.580925 3.580925 3.580925 0.570716 0.570716 0.570716
5790 3.580925 3.580925 3.580925 0.570716 0.570716 0.570716
5800 3.580925 3.580925 3.580925 0.570716 0.570716 0.570716
5810 3.580925 3.580925 3.580925 0.570716 0.570716 0.570716
5820 3.580925 3.580925 3.580925 0.570716 0.570716 0.570716
5830 3.580925 3.580925 3.580925 0.570716 0.570716 0.570716
5840 3.580925 3.580925 3.580925 0.570716 0.570716 0.570716
5850 3.580925 3.580925 3.580925 0.570716 0.570716 0.570716
5860 3.580925 3.580925 3.580925 0.570716 0.570716 0.570716
5870 3.580925 3.580925 3.580925 0.570716 0.570716 0.570716
5880 3.580925 3.580925 3.580925 0.570716 0.570716 0.570716
5890 3.580925 3.580925 3.580925 0.570716 0.570716 0.570716
5900 3.580925 3.580925 3.580925 0.570716 0.570716 0.570716
5910 3.580925 3.580925 3.580925 0.570716 0.570716 0.570716
5920 3.580925 3.580925 3.580925 0.570716 0.570716 0.570716
5930 3.580925 3.580925 3.580925 0.570716 0.570716 0.570716
5940 3.580925 3.580925 3.580925 0.570716 0.570716 0.570716
5950 3.580925 3.580925 3.580925 0.570716 0.570716 0.570716
5960 3.580925 3.580925 3.580925 0.570716 0.570716 0.570716
5970 3.580925 3.580925 3.580925 0.570716 0.570716 0.570716
5980 3.580925 3.580925 3.580925 0.570716 0.570716 0.570716
5990 3.580925 3.580925 3.580925 0.570716 0.570716 0.570716
6000 3.580925 3.580925 3.580925 0.570716 0.570716 0.570716
6010 3.580925 3.580925 3.580925 0.570716 0.570716 0.570716
6020 3.580925 3.580925 3.580925 0.570716 0.570716 0.570716
6030 3.580925 3.580925 3.580925 0.570716 0.570716 0.570716
6040 3.580925 3.580925 3.580925 0.570716 0.570716 0.570716
6050 3.580925 3.580925 3.580925 0.570716 0.570716 0.570716
6060 3.580925 3.580925 3.580925 0.570716 0.570716 0.570716
6070 3.580925 3.580925 3.580925 0.570716 0.570716 0.570716
6080 3.580925 3.580925 3.580925 0.570716 0.570716 0.570716
6090 3.580925 3.580925 3.580925 0.570716 0.570716 0.570716
6100 3.580925 3.580925 3.580925 0.570716 0.570716 0.570716
6110 3.580925 3.580925 3.580925 0.570716 0.570716 0.570716
6120 3.580925 3.580925 3.580925 0.570716 0.570716 0.570716
6130 3.580925 3.580925 3.580925 0.570716 0.570716 0.570716
6140 3.580925 3.580925 3.580925 0.570716 0.570716 0.570716
6150 3.580925 3.580925 3.580925 0.570716 0.570716 0.570716
6160 3.580925 3.580925 3.580925 0.570716 0.570716 0.570716
6170 3.580925 3.580925 3.580925 0.570716 0.570716 0.570716
6180 3.580925 3.580925 3.580925 0.570716 0.570716 0.570716
6190 3.580925 3.580925 3.580925 0.570716 0.570716 0.570716
6200 3.580925 3.580925 3.580925 0.570716 0.570716 0.570716
6210 3.580925 3.580925 3.580925 0.570716 0.570716 0.570716
6220 3.580925 3.580925 3.580925 0.570716 0.570716 0.570716
6230 3.580925 3.580925 3.580925 0.570716 0.570716 0.570716
6240 3.580925 3.580925 3.580925 0.570716 0.570716 0.570716
6250 3.580925 3.580925 3.580925 0.570716 0.570716 0.570716
6260 3.580925 3.580925 3.580925 0.570716 0.570716 0.570716
6270 3.580925 3.580925 3.580925 0.570716 0.570716 0.570716
6280 3.580925 3.580925 3.580925 0.570716 0.570716 0.570716
6290 3.580925 3.580925 3.580925 0.570716 0.570716 0.570716
6300 3.580925 3.580925 3.580925 0.570716 0.570716 0.570716
6310 3.580925 3.580925 3.580925 0.570716 0.570716 0.570716
6320 3.580925 3.580925 3.580925 0.570716 0.570716 0.570716
6330 3.580925 3.580925 3.580925 0.570716 0.570716 0.570716
6340 3.580925 3.580925 3.580925 0.570716 0.570716 0.570716
6350 3.580925 3.580925 3.580925 0.570716 0.570716 0.570716
6360 3.580925 3.580925 3.580925 0.570716 0.570716 0.570716
6370 3.580925 3.580925 3.580925 0.570716 0.570716 0.570716
6380 3.580925 3.580925 3.580925 0.570716 0.570716 0.570716
6390 3.580925 3.580925 3.580925 0.570716 0.570716 0.570716
6400 3.580925 3.580925 3.580925 0.570716 0.570716 0.570716
6410 3.580925 3.580925 3.580925 0.570716 0.570716 0.570716
6420 3.580925 3.580925 3.580925 0.570716 0.570716 0.570716
6430 3.580925 3.580925 3.580925 0.570716 0.570716 0.570716
6440 3.580925 3.580925 3.580925 0.570716 0.570716 0.570716
6450 3.580925 3.580925 3.580925 0.570716 0.570716 0.570716
6460 3.580925 3.580925 3.580925 0.570716 0.570716 0.570716
6470 3.580925 3.580925 3.580925 0.570716 0.570716 0.570716
6480 3.580925 3.580925 3.580925 0.570716 0.570716 0.570716
6490 3.580925 3.580925 3.580925 0.570716 0.570716 0.570716
6500 3.580925 3.580925 3.580925 0.570716 0.570716 0.570716
6510 3.580925 3.580925 3.580925 0.570716 0.570716 0.570716
6520 3.580925 3.580925 3.580925 0.570716 0.570716 0.570716
6530 3.580925 3.580925 3.580925 0.570716 0.570716 0.570716
6540 3.580925 3.580925 3.580925 0.570716 0.570716 0.570716
6550 3.580925 3.580925 3.580925 0.570716 0.570716 0.570716
6560 3.580925 3.580925 3.580925 0.570716 0.570716 0.570716
6570 3.580925 3.580925 3.580925 0.570716 0.570716 0.570716
6580 3.580925 3.580925 3.580925 0.570716 0.570716 0.570716
6590 3.580925 3.580925 3.580925 0.570716 0.570716 0.570716
6600 3.580925 3.580925 3.580925 0.570716 0.570716 0.570716
6610 3.580925 3.580925 3.580925 0.570716 0.570716 0.570716
6620 3.580925 3.580925 3.580925 0.570716 0.570716 0.570716
6630 3.580925 3.580925 3.580925 0.570716 0.570716 0.570716
6640 3.580925 3.580925 3.580925 0.570716 0.570716 0.570716
6650 3.580925 3.580925 3.580925 0.570716 0.570716 0.570716
6660 3.580925 3.580925 3.580925 0.570716 0.570716 0.570716
6670 3.580925 3.580925 3.580925 0.570716 0.570716 0.570716
6680 3.580925 3.580925 3.580925 0.570716 0.570716 0.570716
6690 3.580925 3.580925 3.580925 0.570716 0.570716 0.570716
6700 3.580925 3.580925 3.580925 0.570716 0.570716 0.570716
6710 3.580925 3.580925 3.580925 0.570716 0.570716 0.570716
6720 3.580925 3.580925 3.580925 0.570716 0.570716 0.570716
6730 3.580925 3.580925 3.580925 0.570716 0.570716 0.570716
6740 3.580925 3.580925 3.580925 0.570716 0.570716 0.570716
6750 3.580925 3.580925 3.580925 0.570716 0.570716 0.570716
6760 3.580925 3.580925 3.580925 0.570716 0.570716 0.570716
6770 3.580925 3.580925 3.580925 0.570716 0.570716 0.570716
6780 3.580925 3.580925 3.580925 0.570716 0.570716 0.570716
6790 3.580925 3.580925 3.580925 0.570716 0.570716 0.570716
6800 3.580925 3.580925 3.580925 0.570716 0.570716 0.570716
6810 3.580925 3.580925 3.580925 0.570716 0.570716 0.570716
6820 3.580925 3.580925 3.580925 0.570716 0.570716 0.570716
6830 3.580925 3.580925 3.580925 0.570716 0.570716 0.570716
6840 3.580925 3.580925 3.580925 0.570716 0.570716 0.570716
6850 3.580925 3.580925 3.580925 0.570716 0.570716 0.570716
6860 3.580925 3.580925 3.580925 0.570716 0.570716 0.570716
6870 3.580925 3.580925 3.580925 0.570716 0.570716 0.570716
6880 3.580925 3.580925 3.580925 0.570716 0.570716 0.570716
6890 3.580925 3.580925 3.580925 0.570716 0.570716 0.570716
6900 3.580925 3.580925 3.580925 0.570716 0.570716 0.570716
6910 3.580925 3.580925 3.580925 0.570716 0.570716 0.570716
6920 3.580925 3.580925 3.580925 0.570716 0.570716 0.570716
6930 3.580925 3.580925 3.580925 0.570716 0.570716 0.570716
6940 3.580925 3.580925 3.580925 0.570716 0.570716 0.570716
6950 3.580925 3.580925 3.580925 0.570716 0.570716 0.570716
6960 3.580925 3.580925 3.580925 0.570716 0.570716 0.570716
6970 3.580925 3.580925 3.580925 0.570716 0.570716 0.570716
6980 3.580925 3.580925 3.580925 0.570716 0.570716 0.570716
6990 3.580925 3.580925 3.580925 0.570716 0.570716 0.570716
7000 3.580925 3.580925 3.580925 0.570716 0.570716 0.570716
7010 3.580925 3.580925 3.580925 0.570716 0.570716 0.570716
7020 3.580925 3.580925 3.580925 0.570716 0.570716 0.570716
7030 3.580925 3.580925 3.580925 0.570716 0.570716 0.570716
7040 3.580925 3.580925 3.580925 0.570716 0.570716 0.570716
7050 3.580925 3.580925 3.580925 0.570716 0.570716 0.570716
7060 3.580925 3.580925 3.580925 0.570716 0.570716 0.570716
7070 3.580925 3.580925 3.580925 0.570716 0.570716 0.570716
7080 3.580925 3.580925 3.580925 0.570716 0.570716 0.570716
7090 3.580925 3.580925 3.580925 0.570716 0.570716 0.570716
7100 3.580925 3.580925 3.580925 0.570716 0.570716 0.570716
7110 3.580925 3.580925 3.580925 0.570716 0.570716 0.570716
7120 3.580925 3.580925 3.580925 0.570716 0.570716 0.570716
7130 3.580925 3.580925 3.580925 0.570716 0.570716 0.570716
7140 3.580925 3.580925 3.580925 0.570716 0.570716 0.570716
7150 3.580925 3.580925 3.580925 0.570716 0.570716 0.570716
7160 3.580925 3.580925 3.580925 0.570716 0.570716 0.570716
7170 3.580925 3.580925 3.580925 0.570716 0.570716 0.570716
7180 3.580925 3.580925 3.580925 0.570716 0.570716 0.570716
7190 3.580925 3.580925 3.580925 0.570716 0.570716 0.570716
7200 3.580925 3.580925 3.580925 0.570716 0.570716 0.570716
7210 3.580925 3.580925 3.580925 0.570716 0.570716 0.570716
7220 3.580925 3.580925 3.580925 0.570716 0.570716 0.570716
7230 3.580925 3.580925 3.580925 0.570716 0.570716 0.570716
7240 3.580925 3.580925 3.580925 0.570716 0.570716 0.570716
7250 3.580925 3.580925 3.580925 0.570716 0.570716 0.570716
7260 3.580925 3.580925 3.580925 0.570716 0.570716 0.570716
7270 3.580925 3.580925 3.580925 0.570716 0.570716 0.570716
7280 3.580925 3.580925 3.580925 0.570716 0.570716 0.570716
7290 3.580925 3.580925 3.580925 0.570716 0.570716 0.570716
7300 3.580925 3.580925 3.580925 0.570716 0.570716 0.570716
7310 3.580925 3.580925 3.580925 0.570716 0.570716 0.570716
7320 3.580925 3.580925 3.580925 0.570716 0.570716 0.570716
7330 3.580925 3.580925 3.580925 0.570716 0.570716 0.570716
7340 3.580925 3.580925 3.580925 0.570716 0.570716 0.570716
7350 3.580925 3.580925 3.580925 0.570716 0.570716 0.570716
7360 3.580925 3.580925 3.580925 0.570716 0.570716 0.570716
7370 3.580925 3.580925 3.580925 0.570716 0.570716 0.570716
7380 3.580925 3.580925 3.580925 0.570716 0.570716 0.570716
7390 3.580925 3.580925 3.580925 0.570716 0.570716 0.570716
7400 3.580925 3.580925 3.580925 0.570716 0.570716 0.570716
7410 3.580925 3.580925 3.580925 0.570716 0.570716 0.570716
7420 3.580925 3.580925 3.580925 0.570716 0.570716 0.570716
7430 3.580925 3.580925 3.580925 0.570716 0.570716 0.570716
7440 3.580925 3.580925 3.580925 0.570716 0.570716 0.570716
7450 3.580925 3.580925 3.580925 0.570716 0.570716 0.570716
7460 3.580925 3.580925 3.580925 0.570716 0.570716 0.570716
7470 3.580925 3.580925 3.580925 0.570716 0.570716 0.570716
7480 3.580925 3.580925 3.580925 0.570716 0.570716 0.570716
7490 3.580925 3.580925 3.580925 0.570716 0.570716 0.570716
7500 3.580925 3.580925 3.580925 0.570716 0.570716 0.570716
7510 3.580925 3.580925 3.580925 0.570716 0.570716 0.570716
7520 3.580925 3.580925 3.580925 0.570716 0.570716 0.570716
7530 3.580925 3.580925 3.580925 0.570716 0.570716 0.570716
7540 3.580925 3.580925 3.580925 0.570716 0.570716 0.570716
7550 3.580925 3.580925 3.580925 0.570716 0.570716 0.570716
7560 3.580925 3.580925 3.580925 0.570716 0.570716 0.570716
7570 3.580925 3.580925 3.580925 0.570716 0.570716 0.570716
7580 3.580925 3.580925 3.580925 0.570716 0.570716 0.570716
7590 3.580925 3.580925 3.580925 0.570716 0.570716 0.570716
7600 3.580925 3.580925 3.580925 0.570716 0.570716 0.570716
7610 3.580925 3.580925 3.580925 0.570716 0.570716 0.570716
7620 3.580925 3.580925 3.580925 0.570716 0.570716 0.570716
7630 3.580925 3.580925 3.580925 0.570716 0.570716 0.570716
7640 3.580925 3.580925 3.580925 0.570716 0.570716 0.570716
7650 3.580925 3.580925 3.580925 0.570716 0.570716 0.570716
7660 3.580925 3.580925 3.580925 0.570716 0.570716 0.570716
7670 3.580925 3.580925 3.580925 0.570716 0.570716 0.570716
7680 3.580925 3.580925 3.580925 0.570716 0.570716 0.570716
7690 3.580925 3.580925 3.580925 0.570716 0.570716 0.570716
7700 3.580925 3.580925 3.580925 0.570716 0.570716 0.570716
7710 3.580925 3.580925 3.580925 0.570716 0.570716 0.570716
7720 3.580925 3.580925 3.580925 0.570716 0.570716 0.570716
7730 3.580925 3.580925 3.580925 0.570716 0.570716 0.570716
7740 3.580925 3.580925 3.580925 0.570716 0.570716 0.570716
7750 3.580925 3.580925 3.580925 0.570716 0.570716 0.570716
7760 3.580925 3.580925 3.580925 0.570716 0.570716 0.570716
7770 3.580925 3.580925 3.580925 0.570716 0.570716 0.570716
7780 3.580925 3.580925 3.580925 0.570716 0.570716 0.570716
7790 3.580925 3.580925 3.580925 0.570716 0.570716 0.570716
7800 3.580925 3.580925 3.580925 0.570716 0.570716 0.570716
7810 3.580925 3.580925 3.580925 0.570716 0.570716 0.570716
7820 3.580925 3.580925 3.580925 0.570716 0.570716 0.570716
7830 3.580925 3.580925 3.580925 0.570716 0.570716 0.570716
7840 3.580925 3.580925 3.580925 0.570716 0.570716 0.570716
7850 3.580925 3.580925 3.580925 0.570716 0.570716 0.570716
7860 3.580925 3.580925 3.580925 0.570716 0.570716 0.570716
7870 3.580925 3.580925 3.580925 0.570716 0.570716 0.570716
7880 3.580925 3.580925 3.580925 0.570716 0.570716 0.570716
7890 3.580925 3.580925 3.580925 0.570716 0.570716 0.570716
7900 3.580925 3.580925 3.580925 0.570716 0.570716 0.570716
7910 3.580925 3.580925 3.580925 0.570716 0.570716 0.570716
7920 3.580925 3.580925 3.580925 0.570716 0.570716 0.570716
7930 3.580925 3.580925 3.580925 0.570716 0.570716 0.570716
7940 3.580925 3.580925 3.580925 0.570716 0.570716 0.570716
7950 3.580925 3.580925 3.580925 0.570716 0.570716 0.570716
7960 3.580925 3.580925 3.580925 0.570716 0.570716 0.570716
7970 3.580925 3.580925 3.580925 0.570716 0.570716 0.570716
7980 3.580925 3.580925 3.580925 0.570716 0.570716 0.570716
7990 3.580925 3.580925 3.580925 0.570716 0.570716 0.570716
8000 3.580925 3.580925 3.580925 0.570716 0.570716 0.570716
8010 3.580925 3.580925 3.580925 0.570716 0.570716 0.570716
8020 3.580925 3.580925 3.580925 0.570716 0.570716 0.570716
8030 3.580925 3.580925 3.580925 0.570716 0.570716 0.570716
8040 3.580925 3.580925 3.580925 0.570716 0.570716 0.570716
8050 3.580925 3.580925 3.580925 0.570716 0.570716 0.570716
8060 3.580925 3.580925 3.580925 0.570716 0.570716 0.570716
8070 3.580925 3.580925 3.580925 0.570716 0.570716 0.570716
8080 3.580925 3.580925 3.580925 0.570716 0.570716 0.570716
8090 3.580925 3.580925 3.580925 0.570716 0.570716 0.570716
8100 3.580925 3.580925 3.580925 0.570716 0.570716 0.570716
8110 3.580925 3.580925 3.580925 0.570716 0.570716 0.570716
8120 3.580925 3.580925 3.580925 0.570716 0.570716 0.570716
8130 3.580925 3.580925 3.580925 0.570716 0.570716 0.570716
8140 3.580925 3.580925 3.580925 0.570716 0.570716 0.570716
8150 3.580925 3.580925 3.580925 0.570716 0.570716 0.570716
8160 3.580925 3.580925 3.580925 0.570716 0.570716 0.570716
8170 3.580925 3.580925 3.580925 0.570716 0.570716 0.570716
8180 3.580925 3.580925 3.580925 0.570716 0.570716 0.570716
8190 3.580925 3.580925 3.580925 0.570716 0.570716 0.570716
8200 3.580925 3.580925 3.580925 0.570716 0.570716 0.570716
8210 3.580925 3.580925 3.580925 0.570716 0.570716 0.570716
8220 3.580925 3.580925 3.580925 0.570716 0.570716 0.570716
8230 3.580925 3.580925 3.580925 0.570716 0.570716 0.570716
8240 3.580925 3.580925 3.580925 0.570716 0.570716 0.570716
8250 3.580925 3.580925 3.580925 0.570716 0.570716 0.570716
8260 3.580925 3.580925 3.580925 0.570716 0.570716 0.570716
8270 3.580925 3.580925 3.580925 0.570716 0.570716 0.570716
8280 3.580925 3.580925 3.580925 0.570716 0.570716 0.570716
8290 3.580925 3.580925 3.580925 0.570716 0.570716 0.570716
8300 3.580925 3.580925 3.580925 0.570716 0.570716 0.570716
8310 3.580925 3.580925 3.580925 0.570716 0.570716 0.570716
8320 3.580925 3.580925 3.580925 0.570716 0.570716 0.570716
8330 3.580925 3.580925 3.580925 0.570716 0.570716 0.570716
8340 3.580925 3.580925 3.580925 0.570716 0.570716 0.570716
8350 3.580925 3.580925 3.580925 0.570716 0.570716 0.570716
8360 3.580925 3.580925 3.580925 0.570716 0.570716 0.570716
8370 3.580925 3.580925 3.580925 0.570716 0.570716 0.570716
8380 3.580925 3.580925 3.580925 0.570716 0.570716 0.570716
8390 3.580925 3.580925 3.580925 0.570716 0.570716 0.570716
8400 3.580925 3.580925 3.580925 0.570716 0.570716 0.570716
8410 3.580925 3.580925 3.580925 0.570716 0.570716 0.570716
8420 3.580925 3.580925 3.580925 0.570716 0.570716 0.570716
8430 3.580925 3.580925 3.580925 0.570716 0.570716 0.570716
8440 3.580925 3.580925 3.580925 0.570716 0.570716 0.570716
8450 3.580925 3.580925 3.580925 0.570716 0.570716 0.570716
8460 3.580925 3.580925 3.580925 0.570716 0.570716 0.570716
8470 3.580925 3.580925 3.580925 0.570716 0.570716 0.570716
8480 3.580925 3.580925 3.580925 0.570716 0.570716 0.570716
8490 3.580925 3.580925 3.580925 0.570716 0.570716 0.570716
8500 3.580925 3.580925 3.580925 0.570716 0.570716 0.570716
8510 3.580925 3.580925 3.580925 0.570716 0.570716 0.570716
8520 3.580925 3.580925 3.580925 0.570716 0.570716 0.570716
8530 3.580925 3.580925 3.580925 0.570716 0.570716 0.570716
8540 3.580925 3.580925 3.580925 0.570716 0.570716 0.570716
8550 3.580925 3.580925 3.580925 0.570716 0.570716 0.570716
8560 3.580925 3.580925 3.580925 0.570716 0.570716 0.570716
8570 3.580925 3.580925 3.580925 0.570716 0.570716 0.570716
8580 3.580925 3.580925 3.580925 0.570716 0.570716 0.570716
8590 3.580925 3.580925 3.580925 0.570716 0.570716 0.570716
8600 3.580925 3.580925 3.580925 0.570716 0.570716 0.570716
8610 3.580925 3.580925 3.580925 0.570716 0.570716 0.570716
8620 3.580925 3.580925 3.580925 0.570716 0.570716 0.570716
8630 3.580925 3.580925 3.580925 0.570716 0.570716 0.570716
8640 3.580925 3.580925 3.580925 0.570716 0.570716 0.570716
8650 3.580925 3.580925 3.580925 0.570716 0.570716 0.570716
8660 3.580925 3.580925 3.580925 0.570716 0.570716 0.570716
8670 3.580925 3.580925 3.580925 0.570716 0.570716 0.570716
8680 3.580925 3.580925 3.580925 0.570716 0.570716 0.570716
8690 3.580925 3.580925 3.580925 0.570716 0.570716 0.570716
8700 3.580925 3.580925 3.580925 0.570716 0.570716 0.570716
8710 3.580925 3.580925 3.580925 0.570716 0.570716 0.570716
8720 3.580925 3.580925 3.580925 0.570716 0.570716 0.570716
8730 3.580925 3.580925 3.580925 0.570716 0.570716 0.570716
8740 3.580925 3.580925 3.580925 0.570716 0.570716 0.570716
8750 3.580925 3.580925 3.580925 0.570716 0.570716 0.570716
8760 3.580925 3.580925 3.580925 0.570716 0.570716 0.570716
8770 3.580925 3.580925 3.580925 0.570716 0.570716 0.570716
8780 3.580925 3.580925 3.580925 0.570716 0.570716 0.570716
8790 3.580925 3.580925 3.580925 0.570716 0.570716 0.570716
8800 3.580925 3.580925 3.580925 0.570716 0.570716 0.570716
8810 3.580925 3.580925 3.580925 0.570716 0.570716 0.570716
8820 3.580925 3.580925 3.580925 0.570716 0.570716 0.570716
8830 3.580925 3.580925 3.580925 0.570716 0.570716 0.570716
8840 3.580925 3.580925 3.580925 0.570716 0.570716 0.570716
8850 3.580925 3.580925 3.580925 0.570716 0.570716 0.570716
8860 3.580925 3.580925 3.580925 0.570716 0.570716 0.570716
8870 3.580925 3.580925 3.580925 0.570716 0.570716 0.570716
8880 3.580925 3.580925 3.580925 0.570716 0.570716 0.570716
8890 3.580925 3.580925 3.580925 0.570716 0.570716 0.570716
8900 3.580925 3.580925 3.580925 0.570716 0.570716 0.570716
8910 3.580925 3.580925 3.580925 0.570716 0.570716 0.570716
8920 3.580925 3.580925 3.580925 0.570716 0.570716 0.570716
8930 3.580925 3.580925 3.580925 0.570716 0.570716 0.570716
8940 3.580925 3.580925 3.580925 0.570716 0.570716 0.570716
8950 3.580925 3.580925 3.580925 0.570716 0.570716 0.570716
8960 3.580925 3.580925 3.580925 0.570716 0.570716 0.570716
8970 3.580925 3.580925 3.580925 0.570716 0.570716 0.570716
8980 3.580925 3.580925 3.580925 0.570716 0.570716 0.570716
8990 3.580925 3.580925 3.580925 0.570716 0.570716 0.570716
9000 3.580925 3.580925 3.580925 0.570716 0.570716 0.570716
9010 3.580925 3.580925 3.580925 0.570716 0.570716 0.570716
9020 3.580925 3.580925 3.580925 0.570716 0.570716 0.570716
9030 3.580925 3.580925 3.580925 0.570716 0.570716 0.570716
9040 3.580925 3.580925 3.580925 0.570716 0.570716 0.570716
9050 3.580925 3.580925 3.580925 0.570716 0.570716 0.570716
9060 3.580925 3.580925 3.580925 0.570716 0.570716 0.570716
9070 3.580925 3.580925 3.580925 0.570716 0.570716 0.570716
9080 3.580925 3.580925 3.580925 0.570716 0.570716 0.570716
9090 3.580925 3.580925 3.580925 0.570716 0.570716 0.570716
9100 3.580925 3.580925 3.580925 0.570716 0.570716 0.570716
9110 3.580925 3.580925 3.580925 0.570716 0.570716 0.570716
9120 3.580925 3.580925 3.580925 0.570716 0.570716 0.570716
9130 3.580925 3.580925 3.580925 0.570716 0.570716 0.570716
9140 3.580925 3.580925 3.580925 0.570716 0.570716 0.570716
9150 3.580925 3.580925 3.580925 0.570716 0.570716 0.570716
9160 3.580925 3.580925 3.580925 0.570716 0.570716 0.570716
9170 3.580925 3.580925 3.580925 0.570716 0.570716 0.570716
9180 3.580925 3.580925 3.580925 0.570716 0.570716 0.570716
9190 3.580925 3.580925 3.580925 0.570716 0.570716 0.570716
9200 3.580925 3.580925 3.580925 0.570716 0.570716 0.570716
9210 3.580925 3.580925 3.580925 0.570716 0.570716 0.570716
9220 3.580925 3.580925 3.580925 0.570716 0.570716 0.570716
9230 3.580925 3.580925 3.580925 0.570716 0.570716 0.570716
9240 3.580925 3.580925 3.580925 0.570716 0.570716 0.570716
9250 3.580925 3.580925 3.580925 0.570716 0.570716 0.570716
9260 3.580925 3.580925 3.580925 0.570716 0.570716 0.570716
9270 3.580925 3.580925 3.580925 0.570716 0.570716 0.570716
9280 3.580925 3.580925 3.580925 0.570716 0.570716 0.570716
9290 3.580925 3.580925 3.580925 0.570716 0.570716 0.570716
9300 3.580925 3.580925 3.580925 0.570716 0.570716 0.570716
9310 3.580925 3.580925 3.580925 0.570716 0.570716 0.570716
9320 3.580925 3.580925 3.580925 0.570716 0.570716 0.570716
9330 3.580925 3.580925 3.580925 0.570716 0.570716 0.570716
9340 3.580925 3.580925 3.580925 0.570716 0.570716 0.570716
9350 3.580925 3.580925 3.580925 0.570716 0.570716 0.570716
9360 3.580925 3.580925 3.580925 0.570716 0.570716 0.570716
9370 3.580925 3.580925 3.580925 0.570716 0.570716 0.570716
9380 3.580925 3.580925 3.580925 0.570716 0.570716 0.570716
9390 3.580925 3.580925 3.580925 0.570716 0.570716 0.570716
9400 3.580925 3.580925 3.580925 0.570716 0.570716 0.570716
9410 3.580925 3.580925 3.580925 0.570716 0.570716 0.570716
9420 3.580925 3.580925 3.580925 0.570716 0.570716 0.570716
9430 3.580925 3.580925 3.580925 0.570716 0.570716 0.570716
9440 3.580925 3.580925 3.580925 0.570716 0.570716 0.570716
9450 3.580925 3.580925 3.580925 0.570716 0.570716 0.570716
9460 3.580925 3.580925 3.580925 0.570716 0.570716 0.570716
9470 3.580925 3.580925 3.580925 0.570716 0.570716 0.570716
9480 3.580925 3.580925 3.580925 0.570716 0.570716 0.570716
9490 3.580925 3.580925 3.580925 0.570716 0.570716 0.570716
9500 3.580925 3.580925 3.580925 0.570716 0.570716 0.570716
9510 3.580925 3.580925 3.580925 0.570716 0.570716 0.570716
9520 3.580925 3.580925 3.580925 0.570716 0.570716 0.570716
9530 3.580925 3.580925 3.580925 0.570716 0.570716 0.570716
9540 3.580925 3.580925 3.580925 0.570716 0.570716 0.570716
9550 3.580925 3.580925 3.580925 0.570716 0.570716 0.570716
9560 3.580925 3.580925 3.580925 0.570716 0.570716 0.570716
9570 3.580925 3.580925 3.580925 0.570716 0.570716 0.570716
9580 3.580925 3.580925 3.580925 0.570716 0.570716 0.570716
9590 3.580925 3.580925 3.580925 0.570716 0.570716 0.570716
9600 3.580925 3.580925 3.580925 0.570716 0.570716 0.570716
9610 3.580925 3.580925 3.580925 0.570716 0.570716 0.570716
9620 3.580925 3.580925 3.580925 0.570716 0.570716 0.570716
9630 3.580925 3.580925 3.580925 0.570716 0.570716 0.570716
9640 3.580925 3.580925 3.580925 0.570716 0.570716 0.570716
9650 3.580925 3.580925 3.580925 0.570716 0.570716 0.570716
9660 3.580925 3.580925 3.580925 0.570716 0.570716 0.570716
9670 3.580925 3.580925 3.580925 0.570716 0.570716 0.570716
9680 3.580925 3.580925 3.580925 0.570716 0.570716 0.570716
9690 3.580925 3.580925 3.580925 0.570716 0.570716 0.570716
9700 3.580925 3.580925 3.580925 0.570716 0.570716 0.570716
9710 3.580925 3.580925 3.580925 0.570716 0.570716 0.570716
9720 3.580925 3.580925 3.580925 0.570716 0.570716 0.570716
9730 3.580925 3.580925 3.580925 0.570716 0.570716 0.570716
9740 3.580925 3.580925 3.580925 0.570716 0.570716 0.570716
9750 3.580925 3.580925 3.580925 0.570716 0.570716 0.570716
9760 3.580925 3.580925 3.580925 0.570716 0.570716 0.570716
9770 3.580925 3.580925 3.580925 0.570716 0.570716 0.570716
9780 3.580925 3.580925 3.580925 0.570716 0.570716 0.570716
9790 3.580925 3.580925 3.580925 0.570716 0.570716 0.570716
9800 3.580925 3.580925 3.580925 0.570716 0.570716 0.570716
9810 3.580925 3.580925 3.580925 0.570716 0.570716 0.570716
9820 3.580925 3.580925 3.580925 0.570716 0.570716 0.570716
9830 3.580925 3.580925 3.580925 0.570716 0.570716 0.570716
9840 3.580925 3.580925 3.580925 0.570716 0.570716 0.570716
9850 3.580925 3.580925 3.580925 0.570716 0.570716 0.570716
9860 3.580925 3.580925 3.580925 0.570716 0.570716 0.570716
9870 3.580925 3.580925 3.580925 0.570716 0.570716 0.570716
9880 3.580925 3.580925 3.580925 0.570716 0.570716 0.570716
9890 3.580925 3.580925 3.580925 0.570716 0.570716 0.570716
9900 3.580925 3.580925 3.580925 0.570716 0.570716 0.570716
9910 3.580925 3.580925 3.580925 0.570716 0.570716 0.570716
9920 3.580925 3.580925 3.580925 0.570716 0.570716 0.570716
9930 3.580925 3.580925 3.580925 0.570716 0.570716 0.570716
9940 3.580925 3.580925 3.580925 0.570716 0.570716 0.570716
9950 3.580925 3.580925 3.580925 0.570716 0.570716 0.570716
9960 3.580925 3.580925 3.580925 0.570716 0.570716 0.570716
9970 3.580925 3.580925 3.580925 0.570716 0.570716 0.570716
9980 3.580925 3.580925 3.580925 0.570716 0.570716 0.570716
9990 3.580925 3.580925 3.580925 0.570716 0.570716 0.570716
10000 3.580925 3.580925 3.580925 0.570716 0.570716 0.570716
