# generation power_min power_avg power_max util_min util_avg util_max
1 12.693970 14.729090 17.019304 0.144895 0.179690 0.225454
10 12.386834 14.479590 15.849728 0.132103 0.174896 0.208209
20 11.646880 14.221535 15.476922 0.127362 0.171188 0.208209
30 11.015318 13.988234 15.196604 0.124093 0.168282 0.202618
40 11.015318 13.784880 14.936411 0.124093 0.165760 0.197654
50 11.015318 13.547022 14.733396 0.119149 0.162099 0.196360
60 11.015318 13.338893 14.528150 0.119149 0.158434 0.190679
70 11.015318 13.117401 14.302722 0.117187 0.155385 0.190679
80 11.015318 12.894005 14.054672 0.117187 0.152083 0.181570
90 11.015318 12.674180 13.825614 0.117187 0.148545 0.181570
100 10.562927 12.472199 13.710482 0.110010 0.145153 0.178603
110 10.562927 12.250381 13.466659 0.110010 0.141482 0.176478
120 10.562927 12.028447 13.206516 0.110010 0.137934 0.168429
130 10.562927 11.838672 12.880295 0.110010 0.134976 0.160713
140 10.127822 11.648500 12.689840 0.099118 0.132239 0.160682
150 10.035441 11.455476 12.362544 0.099118 0.128908 0.160682
160 9.708271 11.282789 12.256808 0.099118 0.126294 0.154929
170 9.708271 11.118357 12.008031 0.099118 0.123616 0.143391
180 9.688377 10.963894 11.804078 0.099118 0.121496 0.139210
190 9.535094 10.800141 11.653112 0.099118 0.119444 0.139210
200 9.535094 10.646914 11.568870 0.090805 0.117354 0.134016
210 9.505955 10.496385 11.328780 0.090805 0.115716 0.134016
220 9.396878 10.360156 11.132044 0.090805 0.113722 0.134016
230 9.306015 10.223949 11.015318 0.089348 0.111855 0.134016
240 9.145696 10.070293 10.842728 0.089348 0.109998 0.130562
250 9.113581 9.956243 10.678306 0.089348 0.108056 0.128158
260 8.636859 9.838699 10.562927 0.088659 0.106325 0.127245
270 8.636859 9.720022 10.342596 0.088659 0.105219 0.123806
280 8.636859 9.595733 10.160117 0.088659 0.103604 0.120591
290 8.609872 9.494548 10.045895 0.082425 0.102344 0.119795
300 8.483216 9.403324 9.991846 0.082425 0.101073 0.119679
310 8.483216 9.295772 9.843298 0.082425 0.099831 0.119679
320 8.327727 9.195600 9.757137 0.082425 0.098189 0.119679
330 8.287956 9.093285 9.650768 0.082425 0.096851 0.115909
340 8.287956 8.987193 9.539456 0.082425 0.095708 0.111362
350 8.287956 8.900006 9.425170 0.082425 0.094769 0.108286
360 8.262257 8.810110 9.316040 0.082425 0.094008 0.108286
370 7.953053 8.725901 9.288566 0.082425 0.093288 0.108286
380 7.697010 8.631241 9.136236 0.077061 0.092365 0.106515
390 7.577919 8.546950 8.973303 0.077061 0.091437 0.102155
400 7.577919 8.466619 8.904649 0.077061 0.090644 0.099884
410 7.577919 8.390772 8.749701 0.077061 0.089791 0.098307
420 7.577919 8.324223 8.685930 0.077061 0.088998 0.098206
430 7.577919 8.276633 8.611059 0.077061 0.088123 0.097673
440 7.577919 8.217187 8.557136 0.077061 0.087515 0.097673
450 7.472401 8.140118 8.476111 0.075547 0.086109 0.097302
460 7.472401 8.068600 8.455058 0.075547 0.084854 0.097302
470 7.472401 7.991604 8.380118 0.075547 0.083719 0.095077
480 7.472401 7.926912 8.331180 0.075547 0.082972 0.093740
490 7.472401 7.853527 8.262257 0.075547 0.082214 0.093740
500 7.110742 7.776755 8.237184 0.075547 0.080935 0.090505
510 7.110742 7.706163 8.121505 0.075547 0.079849 0.089391
520 7.110742 7.639082 8.042350 0.075547 0.079155 0.088504
530 7.110742 7.588979 7.898642 0.075547 0.078447 0.088504
540 7.110742 7.529678 7.802592 0.075547 0.078067 0.088504
550 7.110742 7.491854 7.697010 0.075547 0.077365 0.084831
560 7.105682 7.450392 7.687242 0.075547 0.077297 0.084831
570 7.105682 7.417938 7.606854 0.075547 0.077043 0.084831
580 7.031574 7.384129 7.567911 0.075547 0.076965 0.084831
590 7.001557 7.346379 7.553605 0.075547 0.077180 0.084831
600 6.988031 7.303177 7.519887 0.076243 0.077362 0.084831
610 6.976168 7.262790 7.471551 0.076243 0.077306 0.084831
620 6.892183 7.224556 7.430680 0.076243 0.077413 0.084831
630 6.892183 7.185083 7.410701 0.076243 0.077592 0.084831
640 6.892183 7.147952 7.410701 0.076243 0.077764 0.084831
650 6.818647 7.106516 7.337913 0.076243 0.077836 0.084831
660 6.818647 7.073164 7.329795 0.076243 0.077987 0.084831
670 6.818647 7.039876 7.226569 0.076243 0.077891 0.078667
680 6.818647 7.017491 7.110742 0.077280 0.077922 0.078667
690 6.793037 6.996399 7.110742 0.077280 0.077929 0.078667
700 6.793037 6.975893 7.110742 0.077280 0.077922 0.078667
710 6.793037 6.953513 7.106946 0.077280 0.077929 0.078667
720 6.703709 6.930785 7.031182 0.077280 0.077936 0.078667
730 6.703709 6.915382 7.001557 0.077280 0.077936 0.078667
740 6.703709 6.902902 7.001557 0.077280 0.077929 0.078667
750 6.703709 6.885267 6.976168 0.077280 0.077915 0.078667
760 6.703709 6.866327 6.921996 0.077280 0.078004 0.078667
770 6.703709 6.855582 6.912229 0.077280 0.078025 0.078667
780 6.703709 6.843195 6.912229 0.077280 0.078053 0.078667
790 6.703709 6.826172 6.912229 0.077280 0.078060 0.078667
800 6.703709 6.810645 6.892183 0.077280 0.078081 0.078667
810 6.703709 6.797866 6.892183 0.077280 0.078095 0.078667
820 6.703709 6.781005 6.892183 0.077280 0.078095 0.078667
830 6.703709 6.763051 6.892183 0.077280 0.078095 0.078667
840 6.703709 6.744992 6.818647 0.077961 0.078095 0.078667
850 6.703709 6.733610 6.813082 0.077961 0.078038 0.078667
860 6.703709 6.723889 6.793037 0.077961 0.078038 0.078667
870 6.703709 6.714956 6.793037 0.077961 0.078038 0.078667
880 6.703709 6.706563 6.739087 0.077961 0.078031 0.078667
890 6.703709 6.703807 6.713476 0.077961 0.077961 0.077961
900 6.703709 6.703709 6.703709 0.077961 0.077961 0.077961
910 6.703709 6.703709 6.703709 0.077961 0.077961 0.077961
920 6.703709 6.703709 6.703709 0.077961 0.077961 0.077961
930 6.703709 6.703709 6.703709 0.077961 0.077961 0.077961
940 6.703709 6.703709 6.703709 0.077961 0.077961 0.077961
950 6.703709 6.703709 6.703709 0.077961 0.077961 0.077961
960 6.703709 6.703709 6.703709 0.077961 0.077961 0.077961
970 6.703709 6.703709 6.703709 0.077961 0.077961 0.077961
980 6.703709 6.703709 6.703709 0.077961 0.077961 0.077961
990 6.703709 6.703709 6.703709 0.077961 0.077961 0.077961
1000 6.703709 6.703709 6.703709 0.077961 0.077961 0.077961
1010 6.703709 6.703709 6.703709 0.077961 0.077961 0.077961
1020 6.703709 6.703709 6.703709 0.077961 0.077961 0.077961
1030 6.703709 6.703709 6.703709 0.077961 0.077961 0.077961
1040 6.703709 6.703709 6.703709 0.077961 0.077961 0.077961
1050 6.703709 6.703709 6.703709 0.077961 0.077961 0.077961
1060 6.703709 6.703709 6.703709 0.077961 0.077961 0.077961
1070 6.703709 6.703709 6.703709 0.077961 0.077961 0.077961
1080 6.703709 6.703709 6.703709 0.077961 0.077961 0.077961
1090 6.703709 6.703709 6.703709 0.077961 0.077961 0.077961
1100 6.703709 6.703709 6.703709 0.077961 0.077961 0.077961
1110 6.703709 6.703709 6.703709 0.077961 0.077961 0.077961
1120 6.703709 6.703709 6.703709 0.077961 0.077961 0.077961
1130 6.703709 6.703709 6.703709 0.077961 0.077961 0.077961
1140 6.703709 6.703709 6.703709 0.077961 0.077961 0.077961
1150 6.703709 6.703709 6.703709 0.077961 0.077961 0.077961
1160 6.703709 6.703709 6.703709 0.077961 0.077961 0.077961
1170 6.703709 6.703709 6.703709 0.077961 0.077961 0.077961
1180 6.703709 6.703709 6.703709 0.077961 0.077961 0.077961
1190 6.703709 6.703709 6.703709 0.077961 0.077961 0.077961
1200 6.703709 6.703709 6.703709 0.077961 0.077961 0.077961
1210 6.703709 6.703709 6.703709 0.077961 0.077961 0.077961
1220 6.703709 6.703709 6.703709 0.077961 0.077961 0.077961
1230 6.703709 6.703709 6.703709 0.077961 0.077961 0.077961
1240 6.703709 6.703709 6.703709 0.077961 0.077961 0.077961
1250 6.703709 6.703709 6.703709 0.077961 0.077961 0.077961
1260 6.703709 6.703709 6.703709 0.077961 0.077961 0.077961
1270 6.703709 6.703709 6.703709 0.077961 0.077961 0.077961
1280 6.703709 6.703709 6.703709 0.077961 0.077961 0.077961
1290 6.703709 6.703709 6.703709 0.077961 0.077961 0.077961
1300 6.703709 6.703709 6.703709 0.077961 0.077961 0.077961
1310 6.703709 6.703709 6.703709 0.077961 0.077961 0.077961
1320 6.703709 6.703709 6.703709 0.077961 0.077961 0.077961
1330 6.703709 6.703709 6.703709 0.077961 0.077961 0.077961
1340 6.703709 6.703709 6.703709 0.077961 0.077961 0.077961
1350 6.703709 6.703709 6.703709 0.077961 0.077961 0.077961
1360 6.703709 6.703709 6.703709 0.077961 0.077961 0.077961
1370 6.703709 6.703709 6.703709 0.077961 0.077961 0.077961
1380 6.703709 6.703709 6.703709 0.077961 0.077961 0.077961
1390 6.703709 6.703709 6.703709 0.077961 0.077961 0.077961
1400 6.703709 6.703709 6.703709 0.077961 0.077961 0.077961
1410 6.703709 6.703709 6.703709 0.077961 0.077961 0.077961
1420 6.703709 6.703709 6.703709 0.077961 0.077961 0.077961
1430 6.703709 6.703709 6.703709 0.077961 0.077961 0.077961
1440 6.703709 6.703709 6.703709 0.077961 0.077961 0.077961
1450 6.703709 6.703709 6.703709 0.077961 0.077961 0.077961
1460 6.703709 6.703709 6.703709 0.077961 0.077961 0.077961
1470 6.703709 6.703709 6.703709 0.077961 0.077961 0.077961
1480 6.703709 6.703709 6.703709 0.077961 0.077961 0.077961
1490 6.703709 6.703709 6.703709 0.077961 0.077961 0.077961
1500 6.703709 6.703709 6.703709 0.077961 0.077961 0.077961
1510 6.703709 6.703709 6.703709 0.077961 0.077961 0.077961
1520 6.703709 6.703709 6.703709 0.077961 0.077961 0.077961
1530 6.703709 6.703709 6.703709 0.077961 0.077961 0.077961
1540 6.703709 6.703709 6.703709 0.077961 0.077961 0.077961
1550 6.703709 6.703709 6.703709 0.077961 0.077961 0.077961
1560 6.703709 6.703709 6.703709 0.077961 0.077961 0.077961
1570 6.703709 6.703709 6.703709 0.077961 0.077961 0.077961
1580 6.703709 6.703709 6.703709 0.077961 0.077961 0.077961
1590 6.703709 6.703709 6.703709 0.077961 0.077961 0.077961
1600 6.703709 6.703709 6.703709 0.077961 0.077961 0.077961
1610 6.703709 6.703709 6.703709 0.077961 0.077961 0.077961
1620 6.703709 6.703709 6.703709 0.077961 0.077961 0.077961
1630 6.703709 6.703709 6.703709 0.077961 0.077961 0.077961
1640 6.703709 6.703709 6.703709 0.077961 0.077961 0.077961
1650 6.703709 6.703709 6.703709 0.077961 0.077961 0.077961
1660 6.703709 6.703709 6.703709 0.077961 0.077961 0.077961
1670 6.703709 6.703709 6.703709 0.077961 0.077961 0.077961
1680 6.703709 6.703709 6.703709 0.077961 0.077961 0.077961
1690 6.703709 6.703709 6.703709 0.077961 0.077961 0.077961
1700 6.703709 6.703709 6.703709 0.077961 0.077961 0.077961
1710 6.703709 6.703709 6.703709 0.077961 0.077961 0.077961
1720 6.703709 6.703709 6.703709 0.077961 0.077961 0.077961
1730 6.703709 6.703709 6.703709 0.077961 0.077961 0.077961
1740 6.703709 6.703709 6.703709 0.077961 0.077961 0.077961
1750 6.703709 6.703709 6.703709 0.077961 0.077961 0.077961
1760 6.703709 6.703709 6.703709 0.077961 0.077961 0.077961
1770 6.703709 6.703709 6.703709 0.077961 0.077961 0.077961
1780 6.703709 6.703709 6.703709 0.077961 0.077961 0.077961
1790 6.703709 6.703709 6.703709 0.077961 0.077961 0.077961
1800 6.703709 6.703709 6.703709 0.077961 0.077961 0.077961
1810 6.703709 6.703709 6.703709 0.077961 0.077961 0.077961
1820 6.703709 6.703709 6.703709 0.077961 0.077961 0.077961
1830 6.703709 6.703709 6.703709 0.077961 0.077961 0.077961
1840 6.703709 6.703709 6.703709 0.077961 0.077961 0.077961
1850 6.703709 6.703709 6.703709 0.077961 0.077961 0.077961
1860 6.703709 6.703709 6.703709 0.077961 0.077961 0.077961
1870 6.703709 6.703709 6.703709 0.077961 0.077961 0.077961
1880 6.703709 6.703709 6.703709 0.077961 0.077961 0.077961
1890 6.703709 6.703709 6.703709 0.077961 0.077961 0.077961
1900 6.703709 6.703709 6.703709 0.077961 0.077961 0.077961
1910 6.703709 6.703709 6.703709 0.077961 0.077961 0.077961
1920 6.703709 6.703709 6.703709 0.077961 0.077961 0.077961
1930 6.703709 6.703709 6.703709 0.077961 0.077961 0.077961
1940 6.703709 6.703709 6.703709 0.077961 0.077961 0.077961
1950 6.703709 6.703709 6.703709 0.077961 0.077961 0.077961
1960 6.703709 6.703709 6.703709 0.077961 0.077961 0.077961
1970 6.703709 6.703709 6.703709 0.077961 0.077961 0.077961
1980 6.703709 6.703709 6.703709 0.077961 0.077961 0.077961
1990 6.703709 6.703709 6.703709 0.077961 0.077961 0.077961
2000 6.703709 6.703709 6.703709 0.077961 0.077961 0.077961
2010 6.703709 6.703709 6.703709 0.077961 0.077961 0.077961
2020 6.703709 6.703709 6.703709 0.077961 0.077961 0.077961
2030 6.703709 6.703709 6.703709 0.077961 0.077961 0.077961
2040 6.703709 6.703709 6.703709 0.077961 0.077961 0.077961
2050 6.703709 6.703709 6.703709 0.077961 0.077961 0.077961
2060 6.703709 6.703709 6.703709 0.077961 0.077961 0.077961
2070 6.703709 6.703709 6.703709 0.077961 0.077961 0.077961
2080 6.703709 6.703709 6.703709 0.077961 0.077961 0.077961
2090 6.703709 6.703709 6.703709 0.077961 0.077961 0.077961
2100 6.703709 6.703709 6.703709 0.077961 0.077961 0.077961
2110 6.703709 6.703709 6.703709 0.077961 0.077961 0.077961
2120 6.703709 6.703709 6.703709 0.077961 0.077961 0.077961
2130 6.703709 6.703709 6.703709 0.077961 0.077961 0.077961
2140 6.703709 6.703709 6.703709 0.077961 0.077961 0.077961
2150 6.703709 6.703709 6.703709 0.077961 0.077961 0.077961
2160 6.703709 6.703709 6.703709 0.077961 0.077961 0.077961
2170 6.703709 6.703709 6.703709 0.077961 0.077961 0.077961
2180 6.703709 6.703709 6.703709 0.077961 0.077961 0.077961
2190 6.703709 6.703709 6.703709 0.077961 0.077961 0.077961
2200 6.703709 6.703709 6.703709 0.077961 0.077961 0.077961
2210 6.703709 6.703709 6.703709 0.077961 0.077961 0.077961
2220 6.703709 6.703709 6.703709 0.077961 0.077961 0.077961
2230 6.703709 6.703709 6.703709 0.077961 0.077961 0.077961
2240 6.703709 6.703709 6.703709 0.077961 0.077961 0.077961
2250 6.703709 6.703709 6.703709 0.077961 0.077961 0.077961
2260 6.703709 6.703709 6.703709 0.077961 0.077961 0.077961
2270 6.703709 6.703709 6.703709 0.077961 0.077961 0.077961
2280 6.703709 6.703709 6.703709 0.077961 0.077961 0.077961
2290 6.703709 6.703709 6.703709 0.077961 0.077961 0.077961
2300 6.703709 6.703709 6.703709 0.077961 0.077961 0.077961
2310 6.703709 6.703709 6.703709 0.077961 0.077961 0.077961
2320 6.703709 6.703709 6.703709 0.077961 0.077961 0.077961
2330 6.703709 6.703709 6.703709 0.077961 0.077961 0.077961
2340 6.703709 6.703709 6.703709 0.077961 0.077961 0.077961
2350 6.703709 6.703709 6.703709 0.077961 0.077961 0.077961
2360 6.703709 6.703709 6.703709 0.077961 0.077961 0.077961
2370 6.703709 6.703709 6.703709 0.077961 0.077961 0.077961
2380 6.703709 6.703709 6.703709 0.077961 0.077961 0.077961
2390 6.703709 6.703709 6.703709 0.077961 0.077961 0.077961
2400 6.703709 6.703709 6.703709 0.077961 0.077961 0.077961
2410 6.703709 6.703709 6.703709 0.077961 0.077961 0.077961
2420 6.703709 6.703709 6.703709 0.077961 0.077961 0.077961
2430 6.703709 6.703709 6.703709 0.077961 0.077961 0.077961
2440 6.703709 6.703709 6.703709 0.077961 0.077961 0.077961
2450 6.703709 6.703709 6.703709 0.077961 0.077961 0.077961
2460 6.703709 6.703709 6.703709 0.077961 0.077961 0.077961
2470 6.703709 6.703709 6.703709 0.077961 0.077961 0.077961
2480 6.703709 6.703709 6.703709 0.077961 0.077961 0.077961
2490 6.703709 6.703709 6.703709 0.077961 0.077961 0.077961
2500 6.703709 6.703709 6.703709 0.077961 0.077961 0.077961
2510 6.703709 6.703709 6.703709 0.077961 0.077961 0.077961
2520 6.703709 6.703709 6.703709 0.077961 0.077961 0.077961
2530 6.703709 6.703709 6.703709 0.077961 0.077961 0.077961
2540 6.703709 6.703709 6.703709 0.077961 0.077961 0.077961
2550 6.703709 6.703709 6.703709 0.077961 0.077961 0.077961
2560 6.703709 6.703709 6.703709 0.077961 0.077961 0.077961
2570 6.703709 6.703709 6.703709 0.077961 0.077961 0.077961
2580 6.703709 6.703709 6.703709 0.077961 0.077961 0.077961
2590 6.703709 6.703709 6.703709 0.077961 0.077961 0.077961
2600 6.703709 6.703709 6.703709 0.077961 0.077961 0.077961
2610 6.703709 6.703709 6.703709 0.077961 0.077961 0.077961
2620 6.703709 6.703709 6.703709 0.077961 0.077961 0.077961
2630 6.703709 6.703709 6.703709 0.077961 0.077961 0.077961
2640 6.703709 6.703709 6.703709 0.077961 0.077961 0.077961
2650 6.703709 6.703709 6.703709 0.077961 0.077961 0.077961
2660 6.703709 6.703709 6.703709 0.077961 0.077961 0.077961
2670 6.703709 6.703709 6.703709 0.077961 0.077961 0.077961
2680 6.703709 6.703709 6.703709 0.077961 0.077961 0.077961
2690 6.703709 6.703709 6.703709 0.077961 0.077961 0.077961
2700 6.703709 6.703709 6.703709 0.077961 0.077961 0.077961
2710 6.703709 6.703709 6.703709 0.077961 0.077961 0.077961
2720 6.703709 6.703709 6.703709 0.077961 0.077961 0.077961
2730 6.703709 6.703709 6.703709 0.077961 0.077961 0.077961
2740 6.703709 6.703709 6.703709 0.077961 0.077961 0.077961
2750 6.703709 6.703709 6.703709 0.077961 0.077961 0.077961
2760 6.703709 6.703709 6.703709 0.077961 0.077961 0.077961
2770 6.703709 6.703709 6.703709 0.077961 0.077961 0.077961
2780 6.703709 6.703709 6.703709 0.077961 0.077961 0.077961
2790 6.703709 6.703709 6.703709 0.077961 0.077961 0.077961
2800 6.703709 6.703709 6.703709 0.077961 0.077961 0.077961
2810 6.703709 6.703709 6.703709 0.077961 0.077961 0.077961
2820 6.703709 6.703709 6.703709 0.077961 0.077961 0.077961
2830 6.703709 6.703709 6.703709 0.077961 0.077961 0.077961
2840 6.703709 6.703709 6.703709 0.077961 0.077961 0.077961
2850 6.703709 6.703709 6.703709 0.077961 0.077961 0.077961
2860 6.703709 6.703709 6.703709 0.077961 0.077961 0.077961
2870 6.703709 6.703709 6.703709 0.077961 0.077961 0.077961
2880 6.703709 6.703709 6.703709 0.077961 0.077961 0.077961
2890 6.703709 6.703709 6.703709 0.077961 0.077961 0.077961
2900 6.703709 6.703709 6.703709 0.077961 0.077961 0.077961
2910 6.703709 6.703709 6.703709 0.077961 0.077961 0.077961
2920 6.703709 6.703709 6.703709 0.077961 0.077961 0.077961
2930 6.703709 6.703709 6.703709 0.077961 0.077961 0.077961
2940 6.703709 6.703709 6.703709 0.077961 0.077961 0.077961
2950 6.703709 6.703709 6.703709 0.077961 0.077961 0.077961
2960 6.703709 6.703709 6.703709 0.077961 0.077961 0.077961
2970 6.703709 6.703709 6.703709 0.077961 0.077961 0.077961
2980 6.703709 6.703709 6.703709 0.077961 0.077961 0.077961
2990 6.703709 6.703709 6.703709 0.077961 0.077961 0.077961
3000 6.703709 6.703709 6.703709 0.077961 0.077961 0.077961
3010 6.703709 6.703709 6.703709 0.077961 0.077961 0.077961
3020 6.703709 6.703709 6.703709 0.077961 0.077961 0.077961
3030 6.703709 6.703709 6.703709 0.077961 0.077961 0.077961
3040 6.703709 6.703709 6.703709 0.077961 0.077961 0.077961
3050 6.703709 6.703709 6.703709 0.077961 0.077961 0.077961
3060 6.703709 6.703709 6.703709 0.077961 0.077961 0.077961
3070 6.703709 6.703709 6.703709 0.077961 0.077961 0.077961
3080 6.703709 6.703709 6.703709 0.077961 0.077961 0.077961
3090 6.703709 6.703709 6.703709 0.077961 0.077961 0.077961
3100 6.703709 6.703709 6.703709 0.077961 0.077961 0.077961
3110 6.703709 6.703709 6.703709 0.077961 0.077961 0.077961
3120 6.703709 6.703709 6.703709 0.077961 0.077961 0.077961
3130 6.703709 6.703709 6.703709 0.077961 0.077961 0.077961
3140 6.703709 6.703709 6.703709 0.077961 0.077961 0.077961
3150 6.703709 6.703709 6.703709 0.077961 0.077961 0.077961
3160 6.703709 6.703709 6.703709 0.077961 0.077961 0.077961
3170 6.703709 6.703709 6.703709 0.077961 0.077961 0.077961
3180 6.703709 6.703709 6.703709 0.077961 0.077961 0.077961
3190 6.703709 6.703709 6.703709 0.077961 0.077961 0.077961
3200 6.703709 6.703709 6.703709 0.077961 0.077961 0.077961
3210 6.703709 6.703709 6.703709 0.077961 0.077961 0.077961
3220 6.703709 6.703709 6.703709 0.077961 0.077961 0.077961
3230 6.703709 6.703709 6.703709 0.077961 0.077961 0.077961
3240 6.703709 6.703709 6.703709 0.077961 0.077961 0.077961
3250 6.703709 6.703709 6.703709 0.077961 0.077961 0.077961
3260 6.703709 6.703709 6.703709 0.077961 0.077961 0.077961
3270 6.703709 6.703709 6.703709 0.077961 0.077961 0.077961
3280 6.703709 6.703709 6.703709 0.077961 0.077961 0.077961
3290 6.703709 6.703709 6.703709 0.077961 0.077961 0.077961
3300 6.703709 6.703709 6.703709 0.077961 0.077961 0.077961
3310 6.703709 6.703709 6.703709 0.077961 0.077961 0.077961
3320 6.703709 6.703709 6.703709 0.077961 0.077961 0.077961
3330 6.703709 6.703709 6.703709 0.077961 0.077961 0.077961
3340 6.703709 6.703709 6.703709 0.077961 0.077961 0.077961
3350 6.703709 6.703709 6.703709 0.077961 0.077961 0.077961
3360 6.703709 6.703709 6.703709 0.077961 0.077961 0.077961
3370 6.703709 6.703709 6.703709 0.077961 0.077961 0.077961
3380 6.703709 6.703709 6.703709 0.077961 0.077961 0.077961
3390 6.703709 6.703709 6.703709 0.077961 0.077961 0.077961
3400 6.703709 6.703709 6.703709 0.077961 0.077961 0.077961
3410 6.703709 6.703709 6.703709 0.077961 0.077961 0.077961
3420 6.703709 6.703709 6.703709 0.077961 0.077961 0.077961
3430 6.703709 6.703709 6.703709 0.077961 0.077961 0.077961
3440 6.703709 6.703709 6.703709 0.077961 0.077961 0.077961
3450 6.703709 6.703709 6.703709 0.077961 0.077961 0.077961
3460 6.703709 6.703709 6.703709 0.077961 0.077961 0.077961
3470 6.703709 6.703709 6.703709 0.077961 0.077961 0.077961
3480 6.703709 6.703709 6.703709 0.077961 0.077961 0.077961
3490 6.703709 6.703709 6.703709 0.077961 0.077961 0.077961
3500 6.703709 6.703709 6.703709 0.077961 0.077961 0.077961
3510 6.703709 6.703709 6.703709 0.077961 0.077961 0.077961
3520 6.703709 6.703709 6.703709 0.077961 0.077961 0.077961
3530 6.703709 6.703709 6.703709 0.077961 0.077961 0.077961
3540 6.703709 6.703709 6.703709 0.077961 0.077961 0.077961
3550 6.703709 6.703709 6.703709 0.077961 0.077961 0.077961
3560 6.703709 6.703709 6.703709 0.077961 0.077961 0.077961
3570 6.703709 6.703709 6.703709 0.077961 0.077961 0.077961
3580 6.703709 6.703709 6.703709 0.077961 0.077961 0.077961
3590 6.703709 6.703709 6.703709 0.077961 0.077961 0.077961
3600 6.703709 6.703709 6.703709 0.077961 0.077961 0.077961
3610 6.703709 6.703709 6.703709 0.077961 0.077961 0.077961
3620 6.703709 6.703709 6.703709 0.077961 0.077961 0.077961
3630 6.703709 6.703709 6.703709 0.077961 0.077961 0.077961
3640 6.703709 6.703709 6.703709 0.077961 0.077961 0.077961
3650 6.703709 6.703709 6.703709 0.077961 0.077961 0.077961
3660 6.703709 6.703709 6.703709 0.077961 0.077961 0.077961
3670 6.703709 6.703709 6.703709 0.077961 0.077961 0.077961
3680 6.703709 6.703709 6.703709 0.077961 0.077961 0.077961
3690 6.703709 6.703709 6.703709 0.077961 0.077961 0.077961
3700 6.703709 6.703709 6.703709 0.077961 0.077961 0.077961
3710 6.703709 6.703709 6.703709 0.077961 0.077961 0.077961
3720 6.703709 6.703709 6.703709 0.077961 0.077961 0.077961
3730 6.703709 6.703709 6.703709 0.077961 0.077961 0.077961
3740 6.703709 6.703709 6.703709 0.077961 0.077961 0.077961
3750 6.703709 6.703709 6.703709 0.077961 0.077961 0.077961
3760 6.703709 6.703709 6.703709 0.077961 0.077961 0.077961
3770 6.703709 6.703709 6.703709 0.077961 0.077961 0.077961
3780 6.703709 6.703709 6.703709 0.077961 0.077961 0.077961
3790 6.703709 6.703709 6.703709 0.077961 0.077961 0.077961
3800 6.703709 6.703709 6.703709 0.077961 0.077961 0.077961
3810 6.703709 6.703709 6.703709 0.077961 0.077961 0.077961
3820 6.703709 6.703709 6.703709 0.077961 0.077961 0.077961
3830 6.703709 6.703709 6.703709 0.077961 0.077961 0.077961
3840 6.703709 6.703709 6.703709 0.077961 0.077961 0.077961
3850 6.703709 6.703709 6.703709 0.077961 0.077961 0.077961
3860 6.703709 6.703709 6.703709 0.077961 0.077961 0.077961
3870 6.703709 6.703709 6.703709 0.077961 0.077961 0.077961
3880 6.703709 6.703709 6.703709 0.077961 0.077961 0.077961
3890 6.703709 6.703709 6.703709 0.077961 0.077961 0.077961
3900 6.703709 6.703709 6.703709 0.077961 0.077961 0.077961
3910 6.703709 6.703709 6.703709 0.077961 0.077961 0.077961
3920 6.703709 6.703709 6.703709 0.077961 0.077961 0.077961
3930 6.703709 6.703709 6.703709 0.077961 0.077961 0.077961
3940 6.703709 6.703709 6.703709 0.077961 0.077961 0.077961
3950 6.703709 6.703709 6.703709 0.077961 0.077961 0.077961
3960 6.703709 6.703709 6.703709 0.077961 0.077961 0.077961
3970 6.703709 6.703709 6.703709 0.077961 0.077961 0.077961
3980 6.703709 6.703709 6.703709 0.077961 0.077961 0.077961
3990 6.703709 6.703709 6.703709 0.077961 0.077961 0.077961
4000 6.703709 6.703709 6.703709 0.077961 0.077961 0.077961
4010 6.703709 6.703709 6.703709 0.077961 0.077961 0.077961
4020 6.703709 6.703709 6.703709 0.077961 0.077961 0.077961
4030 6.703709 6.703709 6.703709 0.077961 0.077961 0.077961
4040 6.703709 6.703709 6.703709 0.077961 0.077961 0.077961
4050 6.703709 6.703709 6.703709 0.077961 0.077961 0.077961
4060 6.703709 6.703709 6.703709 0.077961 0.077961 0.077961
4070 6.703709 6.703709 6.703709 0.077961 0.077961 0.077961
4080 6.703709 6.703709 6.703709 0.077961 0.077961 0.077961
4090 6.703709 6.703709 6.703709 0.077961 0.077961 0.077961
4100 6.703709 6.703709 6.703709 0.077961 0.077961 0.077961
4110 6.703709 6.703709 6.703709 0.077961 0.077961 0.077961
4120 6.703709 6.703709 6.703709 0.077961 0.077961 0.077961
4130 6.703709 6.703709 6.703709 0.077961 0.077961 0.077961
4140 6.703709 6.703709 6.703709 0.077961 0.077961 0.077961
4150 6.703709 6.703709 6.703709 0.077961 0.077961 0.077961
4160 6.703709 6.703709 6.703709 0.077961 0.077961 0.077961
4170 6.703709 6.703709 6.703709 0.077961 0.077961 0.077961
4180 6.703709 6.703709 6.703709 0.077961 0.077961 0.077961
4190 6.703709 6.703709 6.703709 0.077961 0.077961 0.077961
4200 6.703709 6.703709 6.703709 0.077961 0.077961 0.077961
4210 6.703709 6.703709 6.703709 0.077961 0.077961 0.077961
4220 6.703709 6.703709 6.703709 0.077961 0.077961 0.077961
4230 6.703709 6.703709 6.703709 0.077961 0.077961 0.077961
4240 6.703709 6.703709 6.703709 0.077961 0.077961 0.077961
4250 6.703709 6.703709 6.703709 0.077961 0.077961 0.077961
4260 6.703709 6.703709 6.703709 0.077961 0.077961 0.077961
4270 6.703709 6.703709 6.703709 0.077961 0.077961 0.077961
4280 6.703709 6.703709 6.703709 0.077961 0.077961 0.077961
4290 6.703709 6.703709 6.703709 0.077961 0.077961 0.077961
4300 6.703709 6.703709 6.703709 0.077961 0.077961 0.077961
4310 6.703709 6.703709 6.703709 0.077961 0.077961 0.077961
4320 6.703709 6.703709 6.703709 0.077961 0.077961 0.077961
4330 6.703709 6.703709 6.703709 0.077961 0.077961 0.077961
4340 6.703709 6.703709 6.703709 0.077961 0.077961 0.077961
4350 6.703709 6.703709 6.703709 0.077961 0.077961 0.077961
4360 6.703709 6.703709 6.703709 0.077961 0.077961 0.077961
4370 6.703709 6.703709 6.703709 0.077961 0.077961 0.077961
4380 6.703709 6.703709 6.703709 0.077961 0.077961 0.077961
4390 6.703709 6.703709 6.703709 0.077961 0.077961 0.077961
4400 6.703709 6.703709 6.703709 0.077961 0.077961 0.077961
4410 6.703709 6.703709 6.703709 0.077961 0.077961 0.077961
4420 6.703709 6.703709 6.703709 0.077961 0.077961 0.077961
4430 6.703709 6.703709 6.703709 0.077961 0.077961 0.077961
4440 6.703709 6.703709 6.703709 0.077961 0.077961 0.077961
4450 6.703709 6.703709 6.703709 0.077961 0.077961 0.077961
4460 6.703709 6.703709 6.703709 0.077961 0.077961 0.077961
4470 6.703709 6.703709 6.703709 0.077961 0.077961 0.077961
4480 6.703709 6.703709 6.703709 0.077961 0.077961 0.077961
4490 6.703709 6.703709 6.703709 0.077961 0.077961 0.077961
4500 6.703709 6.703709 6.703709 0.077961 0.077961 0.077961
4510 6.703709 6.703709 6.703709 0.077961 0.077961 0.077961
4520 6.703709 6.703709 6.703709 0.077961 0.077961 0.077961
4530 6.703709 6.703709 6.703709 0.077961 0.077961 0.077961
4540 6.703709 6.703709 6.703709 0.077961 0.077961 0.077961
4550 6.703709 6.703709 6.703709 0.077961 0.077961 0.077961
4560 6.703709 6.703709 6.703709 0.077961 0.077961 0.077961
4570 6.703709 6.703709 6.703709 0.077961 0.077961 0.077961
4580 6.703709 6.703709 6.703709 0.077961 0.077961 0.077961
4590 6.703709 6.703709 6.703709 0.077961 0.077961 0.077961
4600 6.703709 6.703709 6.703709 0.077961 0.077961 0.077961
4610 6.703709 6.703709 6.703709 0.077961 0.077961 0.077961
4620 6.703709 6.703709 6.703709 0.077961 0.077961 0.077961
4630 6.703709 6.703709 6.703709 0.077961 0.077961 0.077961
4640 6.703709 6.703709 6.703709 0.077961 0.077961 0.077961
4650 6.703709 6.703709 6.703709 0.077961 0.077961 0.077961
4660 6.703709 6.703709 6.703709 0.077961 0.077961 0.077961
4670 6.703709 6.703709 6.703709 0.077961 0.077961 0.077961
4680 6.703709 6.703709 6.703709 0.077961 0.077961 0.077961
4690 6.703709 6.703709 6.703709 0.077961 0.077961 0.077961
4700 6.703709 6.703709 6.703709 0.077961 0.077961 0.077961
4710 6.703709 6.703709 6.703709 0.077961 0.077961 0.077961
4720 6.703709 6.703709 6.703709 0.077961 0.077961 0.077961
4730 6.703709 6.703709 6.703709 0.077961 0.077961 0.077961
4740 6.703709 6.703709 6.703709 0.077961 0.077961 0.077961
4750 6.703709 6.703709 6.703709 0.077961 0.077961 0.077961
4760 6.703709 6.703709 6.703709 0.077961 0.077961 0.077961
4770 6.703709 6.703709 6.703709 0.077961 0.077961 0.077961
4780 6.703709 6.703709 6.703709 0.077961 0.077961 0.077961
4790 6.703709 6.703709 6.703709 0.077961 0.077961 0.077961
4800 6.703709 6.703709 6.703709 0.077961 0.077961 0.077961
4810 6.703709 6.703709 6.703709 0.077961 0.077961 0.077961
4820 6.703709 6.703709 6.703709 0.077961 0.077961 0.077961
4830 6.703709 6.703709 6.703709 0.077961 0.077961 0.077961
4840 6.703709 6.703709 6.703709 0.077961 0.077961 0.077961
4850 6.703709 6.703709 6.703709 0.077961 0.077961 0.077961
4860 6.703709 6.703709 6.703709 0.077961 0.077961 0.077961
4870 6.703709 6.703709 6.703709 0.077961 0.077961 0.077961
4880 6.703709 6.703709 6.703709 0.077961 0.077961 0.077961
4890 6.703709 6.703709 6.703709 0.077961 0.077961 0.077961
4900 6.703709 6.703709 6.703709 0.077961 0.077961 0.077961
4910 6.703709 6.703709 6.703709 0.077961 0.077961 0.077961
4920 6.703709 6.703709 6.703709 0.077961 0.077961 0.077961
4930 6.703709 6.703709 6.703709 0.077961 0.077961 0.077961
4940 6.703709 6.703709 6.703709 0.077961 0.077961 0.077961
4950 6.703709 6.703709 6.703709 0.077961 0.077961 0.077961
4960 6.703709 6.703709 6.703709 0.077961 0.077961 0.077961
4970 6.703709 6.703709 6.703709 0.077961 0.077961 0.077961
4980 6.703709 6.703709 6.703709 0.077961 0.077961 0.077961
4990 6.703709 6.703709 6.703709 0.077961 0.077961 0.077961
5000 6.703709 6.703709 6.703709 0.077961 0.077961 0.077961
5010 6.703709 6.703709 6.703709 0.077961 0.077961 0.077961
5020 6.703709 6.703709 6.703709 0.077961 0.077961 0.077961
5030 6.703709 6.703709 6.703709 0.077961 0.077961 0.077961
5040 6.703709 6.703709 6.703709 0.077961 0.077961 0.077961
5050 6.703709 6.703709 6.703709 0.077961 0.077961 0.077961
5060 6.703709 6.703709 6.703709 0.077961 0.077961 0.077961
5070 6.703709 6.703709 6.703709 0.077961 0.077961 0.077961
5080 6.703709 6.703709 6.703709 0.077961 0.077961 0.077961
5090 6.703709 6.703709 6.703709 0.077961 0.077961 0.077961
5100 6.703709 6.703709 6.703709 0.077961 0.077961 0.077961
5110 6.703709 6.703709 6.703709 0.077961 0.077961 0.077961
5120 6.703709 6.703709 6.703709 0.077961 0.077961 0.077961
5130 6.703709 6.703709 6.703709 0.077961 0.077961 0.077961
5140 6.703709 6.703709 6.703709 0.077961 0.077961 0.077961
5150 6.703709 6.703709 6.703709 0.077961 0.077961 0.077961
5160 6.703709 6.703709 6.703709 0.077961 0.077961 0.077961
5170 6.703709 6.703709 6.703709 0.077961 0.077961 0.077961
5180 6.703709 6.703709 6.703709 0.077961 0.077961 0.077961
5190 6.703709 6.703709 6.703709 0.077961 0.077961 0.077961
5200 6.703709 6.703709 6.703709 0.077961 0.077961 0.077961
5210 6.703709 6.703709 6.703709 0.077961 0.077961 0.077961
5220 6.703709 6.703709 6.703709 0.077961 0.077961 0.077961
5230 6.703709 6.703709 6.703709 0.077961 0.077961 0.077961
5240 6.703709 6.703709 6.703709 0.077961 0.077961 0.077961
5250 6.703709 6.703709 6.703709 0.077961 0.077961 0.077961
5260 6.703709 6.703709 6.703709 0.077961 0.077961 0.077961
5270 6.703709 6.703709 6.703709 0.077961 0.077961 0.077961
5280 6.703709 6.703709 6.703709 0.077961 0.077961 0.077961
5290 6.703709 6.703709 6.703709 0.077961 0.077961 0.077961
5300 6.703709 6.703709 6.703709 0.077961 0.077961 0.077961
5310 6.703709 6.703709 6.703709 0.077961 0.077961 0.077961
5320 6.703709 6.703709 6.703709 0.077961 0.077961 0.077961
5330 6.703709 6.703709 6.703709 0.077961 0.077961 0.077961
5340 6.703709 6.703709 6.703709 0.077961 0.077961 0.077961
5350 6.703709 6.703709 6.703709 0.077961 0.077961 0.077961
5360 6.703709 6.703709 6.703709 0.077961 0.077961 0.077961
5370 6.703709 6.703709 6.703709 0.077961 0.077961 0.077961
5380 6.703709 6.703709 6.703709 0.077961 0.077961 0.077961
5390 6.703709 6.703709 6.703709 0.077961 0.077961 0.077961
5400 6.703709 6.703709 6.703709 0.077961 0.077961 0.077961
5410 6.703709 6.703709 6.703709 0.077961 0.077961 0.077961
5420 6.703709 6.703709 6.703709 0.077961 0.077961 0.077961
5430 6.703709 6.703709 6.703709 0.077961 0.077961 0.077961
5440 6.703709 6.703709 6.703709 0.077961 0.077961 0.077961
5450 6.703709 6.703709 6.703709 0.077961 0.077961 0.077961
5460 6.703709 6.703709 6.703709 0.077961 0.077961 0.077961
5470 6.703709 6.703709 6.703709 0.077961 0.077961 0.077961
5480 6.703709 6.703709 6.703709 0.077961 0.077961 0.077961
5490 6.703709 6.703709 6.703709 0.077961 0.077961 0.077961
5500 6.703709 6.703709 6.703709 0.077961 0.077961 0.077961
5510 6.703709 6.703709 6.703709 0.077961 0.077961 0.077961
5520 6.703709 6.703709 6.703709 0.077961 0.077961 0.077961
5530 6.703709 6.703709 6.703709 0.077961 0.077961 0.077961
5540 6.703709 6.703709 6.703709 0.077961 0.077961 0.077961
5550 6.703709 6.703709 6.703709 0.077961 0.077961 0.077961
5560 6.703709 6.703709 6.703709 0.077961 0.077961 0.077961
5570 6.703709 6.703709 6.703709 0.077961 0.077961 0.077961
5580 6.703709 6.703709 6.703709 0.077961 0.077961 0.077961
5590 6.703709 6.703709 6.703709 0.077961 0.077961 0.077961
5600 6.703709 6.703709 6.703709 0.077961 0.077961 0.077961
5610 6.703709 6.703709 6.703709 0.077961 0.077961 0.077961
5620 6.703709 6.703709 6.703709 0.077961 0.077961 0.077961
5630 6.703709 6.703709 6.703709 0.077961 0.077961 0.077961
5640 6.703709 6.703709 6.703709 0.077961 0.077961 0.077961
5650 6.703709 6.703709 6.703709 0.077961 0.077961 0.077961
5660 6.703709 6.703709 6.703709 0.077961 0.077961 0.077961
5670 6.703709 6.703709 6.703709 0.077961 0.077961 0.077961
5680 6.703709 6.703709 6.703709 0.077961 0.077961 0.077961
5690 6.703709 6.703709 6.703709 0.077961 0.077961 0.077961
5700 6.703709 6.703709 6.703709 0.077961 0.077961 0.077961
5710 6.703709 6.703709 6.703709 0.077961 0.077961 0.077961
5720 6.703709 6.703709 6.703709 0.077961 0.077961 0.077961
5730 6.703709 6.703709 6.703709 0.077961 0.077961 0.077961
5740 6.703709 6.703709 6.703709 0.077961 0.077961 0.077961
5750 6.703709 6.703709 6.703709 0.077961 0.077961 0.077961
5760 6.703709 6.703709 6.703709 0.077961 0.077961 0.077961
5770 6.703709 6.703709 6.703709 0.077961 0.077961 0.077961
5780 6.703709 6.703709 6.703709 0.077961 0.077961 0.077961
5790 6.703709 6.703709 6.703709 0.077961 0.077961 0.077961
5800 6.703709 6.703709 6.703709 0.077961 0.077961 0.077961
5810 6.703709 6.703709 6.703709 0.077961 0.077961 0.077961
5820 6.703709 6.703709 6.703709 0.077961 0.077961 0.077961
5830 6.703709 6.703709 6.703709 0.077961 0.077961 0.077961
5840 6.703709 6.703709 6.703709 0.077961 0.077961 0.077961
5850 6.703709 6.703709 6.703709 0.077961 0.077961 0.077961
5860 6.703709 6.703709 6.703709 0.077961 0.077961 0.077961
5870 6.703709 6.703709 6.703709 0.077961 0.077961 0.077961
5880 6.703709 6.703709 6.703709 0.077961 0.077961 0.077961
5890 6.703709 6.703709 6.703709 0.077961 0.077961 0.077961
5900 6.703709 6.703709 6.703709 0.077961 0.077961 0.077961
5910 6.703709 6.703709 6.703709 0.077961 0.077961 0.077961
5920 6.703709 6.703709 6.703709 0.077961 0.077961 0.077961
5930 6.703709 6.703709 6.703709 0.077961 0.077961 0.077961
5940 6.703709 6.703709 6.703709 0.077961 0.077961 0.077961
5950 6.703709 6.703709 6.703709 0.077961 0.077961 0.077961
5960 6.703709 6.703709 6.703709 0.077961 0.077961 0.077961
5970 6.703709 6.703709 6.703709 0.077961 0.077961 0.077961
5980 6.703709 6.703709 6.703709 0.077961 0.077961 0.077961
5990 6.703709 6.703709 6.703709 0.077961 0.077961 0.077961
6000 6.703709 6.703709 6.703709 0.077961 0.077961 0.077961
6010 6.703709 6.703709 6.703709 0.077961 0.077961 0.077961
6020 6.703709 6.703709 6.703709 0.077961 0.077961 0.077961
6030 6.703709 6.703709 6.703709 0.077961 0.077961 0.077961
6040 6.703709 6.703709 6.703709 0.077961 0.077961 0.077961
6050 6.703709 6.703709 6.703709 0.077961 0.077961 0.077961
6060 6.703709 6.703709 6.703709 0.077961 0.077961 0.077961
6070 6.703709 6.703709 6.703709 0.077961 0.077961 0.077961
6080 6.703709 6.703709 6.703709 0.077961 0.077961 0.077961
6090 6.703709 6.703709 6.703709 0.077961 0.077961 0.077961
6100 6.703709 6.703709 6.703709 0.077961 0.077961 0.077961
6110 6.703709 6.703709 6.703709 0.077961 0.077961 0.077961
6120 6.703709 6.703709 6.703709 0.077961 0.077961 0.077961
6130 6.703709 6.703709 6.703709 0.077961 0.077961 0.077961
6140 6.703709 6.703709 6.703709 0.077961 0.077961 0.077961
6150 6.703709 6.703709 6.703709 0.077961 0.077961 0.077961
6160 6.703709 6.703709 6.703709 0.077961 0.077961 0.077961
6170 6.703709 6.703709 6.703709 0.077961 0.077961 0.077961
6180 6.703709 6.703709 6.703709 0.077961 0.077961 0.077961
6190 6.703709 6.703709 6.703709 0.077961 0.077961 0.077961
6200 6.703709 6.703709 6.703709 0.077961 0.077961 0.077961
6210 6.703709 6.703709 6.703709 0.077961 0.077961 0.077961
6220 6.703709 6.703709 6.703709 0.077961 0.077961 0.077961
6230 6.703709 6.703709 6.703709 0.077961 0.077961 0.077961
6240 6.703709 6.703709 6.703709 0.077961 0.077961 0.077961
6250 6.703709 6.703709 6.703709 0.077961 0.077961 0.077961
6260 6.703709 6.703709 6.703709 0.077961 0.077961 0.077961
6270 6.703709 6.703709 6.703709 0.077961 0.077961 0.077961
6280 6.703709 6.703709 6.703709 0.077961 0.077961 0.077961
6290 6.703709 6.703709 6.703709 0.077961 0.077961 0.077961
6300 6.703709 6.703709 6.703709 0.077961 0.077961 0.077961
6310 6.703709 6.703709 6.703709 0.077961 0.077961 0.077961
6320 6.703709 6.703709 6.703709 0.077961 0.077961 0.077961
6330 6.703709 6.703709 6.703709 0.077961 0.077961 0.077961
6340 6.703709 6.703709 6.703709 0.077961 0.077961 0.077961
6350 6.703709 6.703709 6.703709 0.077961 0.077961 0.077961
6360 6.703709 6.703709 6.703709 0.077961 0.077961 0.077961
6370 6.703709 6.703709 6.703709 0.077961 0.077961 0.077961
6380 6.703709 6.703709 6.703709 0.077961 0.077961 0.077961
6390 6.703709 6.703709 6.703709 0.077961 0.077961 0.077961
6400 6.703709 6.703709 6.703709 0.077961 0.077961 0.077961
6410 6.703709 6.703709 6.703709 0.077961 0.077961 0.077961
6420 6.703709 6.703709 6.703709 0.077961 0.077961 0.077961
6430 6.703709 6.703709 6.703709 0.077961 0.077961 0.077961
6440 6.703709 6.703709 6.703709 0.077961 0.077961 0.077961
6450 6.703709 6.703709 6.703709 0.077961 0.077961 0.077961
6460 6.703709 6.703709 6.703709 0.077961 0.077961 0.077961
6470 6.703709 6.703709 6.703709 0.077961 0.077961 0.077961
6480 6.703709 6.703709 6.703709 0.077961 0.077961 0.077961
6490 6.703709 6.703709 6.703709 0.077961 0.077961 0.077961
6500 6.703709 6.703709 6.703709 0.077961 0.077961 0.077961
6510 6.703709 6.703709 6.703709 0.077961 0.077961 0.077961
6520 6.703709 6.703709 6.703709 0.077961 0.077961 0.077961
6530 6.703709 6.703709 6.703709 0.077961 0.077961 0.077961
6540 6.703709 6.703709 6.703709 0.077961 0.077961 0.077961
6550 6.703709 6.703709 6.703709 0.077961 0.077961 0.077961
6560 6.703709 6.703709 6.703709 0.077961 0.077961 0.077961
6570 6.703709 6.703709 6.703709 0.077961 0.077961 0.077961
6580 6.703709 6.703709 6.703709 0.077961 0.077961 0.077961
6590 6.703709 6.703709 6.703709 0.077961 0.077961 0.077961
6600 6.703709 6.703709 6.703709 0.077961 0.077961 0.077961
6610 6.703709 6.703709 6.703709 0.077961 0.077961 0.077961
6620 6.703709 6.703709 6.703709 0.077961 0.077961 0.077961
6630 6.703709 6.703709 6.703709 0.077961 0.077961 0.077961
6640 6.703709 6.703709 6.703709 0.077961 0.077961 0.077961
6650 6.703709 6.703709 6.703709 0.077961 0.077961 0.077961
6660 6.703709 6.703709 6.703709 0.077961 0.077961 0.077961
6670 6.703709 6.703709 6.703709 0.077961 0.077961 0.077961
6680 6.703709 6.703709 6.703709 0.077961 0.077961 0.077961
6690 6.703709 6.703709 6.703709 0.077961 0.077961 0.077961
6700 6.703709 6.703709 6.703709 0.077961 0.077961 0.077961
6710 6.703709 6.703709 6.703709 0.077961 0.077961 0.077961
6720 6.703709 6.703709 6.703709 0.077961 0.077961 0.077961
6730 6.703709 6.703709 6.703709 0.077961 0.077961 0.077961
6740 6.703709 6.703709 6.703709 0.077961 0.077961 0.077961
6750 6.703709 6.703709 6.703709 0.077961 0.077961 0.077961
6760 6.703709 6.703709 6.703709 0.077961 0.077961 0.077961
6770 6.703709 6.703709 6.703709 0.077961 0.077961 0.077961
6780 6.703709 6.703709 6.703709 0.077961 0.077961 0.077961
6790 6.703709 6.703709 6.703709 0.077961 0.077961 0.077961
6800 6.703709 6.703709 6.703709 0.077961 0.077961 0.077961
6810 6.703709 6.703709 6.703709 0.077961 0.077961 0.077961
6820 6.703709 6.703709 6.703709 0.077961 0.077961 0.077961
6830 6.703709 6.703709 6.703709 0.077961 0.077961 0.077961
6840 6.703709 6.703709 6.703709 0.077961 0.077961 0.077961
6850 6.703709 6.703709 6.703709 0.077961 0.077961 0.077961
6860 6.703709 6.703709 6.703709 0.077961 0.077961 0.077961
6870 6.703709 6.703709 6.703709 0.077961 0.077961 0.077961
6880 6.703709 6.703709 6.703709 0.077961 0.077961 0.077961
6890 6.703709 6.703709 6.703709 0.077961 0.077961 0.077961
6900 6.703709 6.703709 6.703709 0.077961 0.077961 0.077961
6910 6.703709 6.703709 6.703709 0.077961 0.077961 0.077961
6920 6.703709 6.703709 6.703709 0.077961 0.077961 0.077961
6930 6.703709 6.703709 6.703709 0.077961 0.077961 0.077961
6940 6.703709 6.703709 6.703709 0.077961 0.077961 0.077961
6950 6.703709 6.703709 6.703709 0.077961 0.077961 0.077961
6960 6.703709 6.703709 6.703709 0.077961 0.077961 0.077961
6970 6.703709 6.703709 6.703709 0.077961 0.077961 0.077961
6980 6.703709 6.703709 6.703709 0.077961 0.077961 0.077961
6990 6.703709 6.703709 6.703709 0.077961 0.077961 0.077961
7000 6.703709 6.703709 6.703709 0.077961 0.077961 0.077961
7010 6.703709 6.703709 6.703709 0.077961 0.077961 0.077961
7020 6.703709 6.703709 6.703709 0.077961 0.077961 0.077961
7030 6.703709 6.703709 6.703709 0.077961 0.077961 0.077961
7040 6.703709 6.703709 6.703709 0.077961 0.077961 0.077961
7050 6.703709 6.703709 6.703709 0.077961 0.077961 0.077961
7060 6.703709 6.703709 6.703709 0.077961 0.077961 0.077961
7070 6.703709 6.703709 6.703709 0.077961 0.077961 0.077961
7080 6.703709 6.703709 6.703709 0.077961 0.077961 0.077961
7090 6.703709 6.703709 6.703709 0.077961 0.077961 0.077961
7100 6.703709 6.703709 6.703709 0.077961 0.077961 0.077961
7110 6.703709 6.703709 6.703709 0.077961 0.077961 0.077961
7120 6.703709 6.703709 6.703709 0.077961 0.077961 0.077961
7130 6.703709 6.703709 6.703709 0.077961 0.077961 0.077961
7140 6.703709 6.703709 6.703709 0.077961 0.077961 0.077961
7150 6.703709 6.703709 6.703709 0.077961 0.077961 0.077961
7160 6.703709 6.703709 6.703709 0.077961 0.077961 0.077961
7170 6.703709 6.703709 6.703709 0.077961 0.077961 0.077961
7180 6.703709 6.703709 6.703709 0.077961 0.077961 0.077961
7190 6.703709 6.703709 6.703709 0.077961 0.077961 0.077961
7200 6.703709 6.703709 6.703709 0.077961 0.077961 0.077961
7210 6.703709 6.703709 6.703709 0.077961 0.077961 0.077961
7220 6.703709 6.703709 6.703709 0.077961 0.077961 0.077961
7230 6.703709 6.703709 6.703709 0.077961 0.077961 0.077961
7240 6.703709 6.703709 6.703709 0.077961 0.077961 0.077961
7250 6.703709 6.703709 6.703709 0.077961 0.077961 0.077961
7260 6.703709 6.703709 6.703709 0.077961 0.077961 0.077961
7270 6.703709 6.703709 6.703709 0.077961 0.077961 0.077961
7280 6.703709 6.703709 6.703709 0.077961 0.077961 0.077961
7290 6.703709 6.703709 6.703709 0.077961 0.077961 0.077961
7300 6.703709 6.703709 6.703709 0.077961 0.077961 0.077961
7310 6.703709 6.703709 6.703709 0.077961 0.077961 0.077961
7320 6.703709 6.703709 6.703709 0.077961 0.077961 0.077961
7330 6.703709 6.703709 6.703709 0.077961 0.077961 0.077961
7340 6.703709 6.703709 6.703709 0.077961 0.077961 0.077961
7350 6.703709 6.703709 6.703709 0.077961 0.077961 0.077961
7360 6.703709 6.703709 6.703709 0.077961 0.077961 0.077961
7370 6.703709 6.703709 6.703709 0.077961 0.077961 0.077961
7380 6.703709 6.703709 6.703709 0.077961 0.077961 0.077961
7390 6.703709 6.703709 6.703709 0.077961 0.077961 0.077961
7400 6.703709 6.703709 6.703709 0.077961 0.077961 0.077961
7410 6.703709 6.703709 6.703709 0.077961 0.077961 0.077961
7420 6.703709 6.703709 6.703709 0.077961 0.077961 0.077961
7430 6.703709 6.703709 6.703709 0.077961 0.077961 0.077961
7440 6.703709 6.703709 6.703709 0.077961 0.077961 0.077961
7450 6.703709 6.703709 6.703709 0.077961 0.077961 0.077961
7460 6.703709 6.703709 6.703709 0.077961 0.077961 0.077961
7470 6.703709 6.703709 6.703709 0.077961 0.077961 0.077961
7480 6.703709 6.703709 6.703709 0.077961 0.077961 0.077961
7490 6.703709 6.703709 6.703709 0.077961 0.077961 0.077961
7500 6.703709 6.703709 6.703709 0.077961 0.077961 0.077961
7510 6.703709 6.703709 6.703709 0.077961 0.077961 0.077961
7520 6.703709 6.703709 6.703709 0.077961 0.077961 0.077961
7530 6.703709 6.703709 6.703709 0.077961 0.077961 0.077961
7540 6.703709 6.703709 6.703709 0.077961 0.077961 0.077961
7550 6.703709 6.703709 6.703709 0.077961 0.077961 0.077961
7560 6.703709 6.703709 6.703709 0.077961 0.077961 0.077961
7570 6.703709 6.703709 6.703709 0.077961 0.077961 0.077961
7580 6.703709 6.703709 6.703709 0.077961 0.077961 0.077961
7590 6.703709 6.703709 6.703709 0.077961 0.077961 0.077961
7600 6.703709 6.703709 6.703709 0.077961 0.077961 0.077961
7610 6.703709 6.703709 6.703709 0.077961 0.077961 0.077961
7620 6.703709 6.703709 6.703709 0.077961 0.077961 0.077961
7630 6.703709 6.703709 6.703709 0.077961 0.077961 0.077961
7640 6.703709 6.703709 6.703709 0.077961 0.077961 0.077961
7650 6.703709 6.703709 6.703709 0.077961 0.077961 0.077961
7660 6.703709 6.703709 6.703709 0.077961 0.077961 0.077961
7670 6.703709 6.703709 6.703709 0.077961 0.077961 0.077961
7680 6.703709 6.703709 6.703709 0.077961 0.077961 0.077961
7690 6.703709 6.703709 6.703709 0.077961 0.077961 0.077961
7700 6.703709 6.703709 6.703709 0.077961 0.077961 0.077961
7710 6.703709 6.703709 6.703709 0.077961 0.077961 0.077961
7720 6.703709 6.703709 6.703709 0.077961 0.077961 0.077961
7730 6.703709 6.703709 6.703709 0.077961 0.077961 0.077961
7740 6.703709 6.703709 6.703709 0.077961 0.077961 0.077961
7750 6.703709 6.703709 6.703709 0.077961 0.077961 0.077961
7760 6.703709 6.703709 6.703709 0.077961 0.077961 0.077961
7770 6.703709 6.703709 6.703709 0.077961 0.077961 0.077961
7780 6.703709 6.703709 6.703709 0.077961 0.077961 0.077961
7790 6.703709 6.703709 6.703709 0.077961 0.077961 0.077961
7800 6.703709 6.703709 6.703709 0.077961 0.077961 0.077961
7810 6.703709 6.703709 6.703709 0.077961 0.077961 0.077961
7820 6.703709 6.703709 6.703709 0.077961 0.077961 0.077961
7830 6.703709 6.703709 6.703709 0.077961 0.077961 0.077961
7840 6.703709 6.703709 6.703709 0.077961 0.077961 0.077961
7850 6.703709 6.703709 6.703709 0.077961 0.077961 0.077961
7860 6.703709 6.703709 6.703709 0.077961 0.077961 0.077961
7870 6.703709 6.703709 6.703709 0.077961 0.077961 0.077961
7880 6.703709 6.703709 6.703709 0.077961 0.077961 0.077961
7890 6.703709 6.703709 6.703709 0.077961 0.077961 0.077961
7900 6.703709 6.703709 6.703709 0.077961 0.077961 0.077961
7910 6.703709 6.703709 6.703709 0.077961 0.077961 0.077961
7920 6.703709 6.703709 6.703709 0.077961 0.077961 0.077961
7930 6.703709 6.703709 6.703709 0.077961 0.077961 0.077961
7940 6.703709 6.703709 6.703709 0.077961 0.077961 0.077961
7950 6.703709 6.703709 6.703709 0.077961 0.077961 0.077961
7960 6.703709 6.703709 6.703709 0.077961 0.077961 0.077961
7970 6.703709 6.703709 6.703709 0.077961 0.077961 0.077961
7980 6.703709 6.703709 6.703709 0.077961 0.077961 0.077961
7990 6.703709 6.703709 6.703709 0.077961 0.077961 0.077961
8000 6.703709 6.703709 6.703709 0.077961 0.077961 0.077961
8010 6.703709 6.703709 6.703709 0.077961 0.077961 0.077961
8020 6.703709 6.703709 6.703709 0.077961 0.077961 0.077961
8030 6.703709 6.703709 6.703709 0.077961 0.077961 0.077961
8040 6.703709 6.703709 6.703709 0.077961 0.077961 0.077961
8050 6.703709 6.703709 6.703709 0.077961 0.077961 0.077961
8060 6.703709 6.703709 6.703709 0.077961 0.077961 0.077961
8070 6.703709 6.703709 6.703709 0.077961 0.077961 0.077961
8080 6.703709 6.703709 6.703709 0.077961 0.077961 0.077961
8090 6.703709 6.703709 6.703709 0.077961 0.077961 0.077961
8100 6.703709 6.703709 6.703709 0.077961 0.077961 0.077961
8110 6.703709 6.703709 6.703709 0.077961 0.077961 0.077961
8120 6.703709 6.703709 6.703709 0.077961 0.077961 0.077961
8130 6.703709 6.703709 6.703709 0.077961 0.077961 0.077961
8140 6.703709 6.703709 6.703709 0.077961 0.077961 0.077961
8150 6.703709 6.703709 6.703709 0.077961 0.077961 0.077961
8160 6.703709 6.703709 6.703709 0.077961 0.077961 0.077961
8170 6.703709 6.703709 6.703709 0.077961 0.077961 0.077961
8180 6.703709 6.703709 6.703709 0.077961 0.077961 0.077961
8190 6.703709 6.703709 6.703709 0.077961 0.077961 0.077961
8200 6.703709 6.703709 6.703709 0.077961 0.077961 0.077961
8210 6.703709 6.703709 6.703709 0.077961 0.077961 0.077961
8220 6.703709 6.703709 6.703709 0.077961 0.077961 0.077961
8230 6.703709 6.703709 6.703709 0.077961 0.077961 0.077961
8240 6.703709 6.703709 6.703709 0.077961 0.077961 0.077961
8250 6.703709 6.703709 6.703709 0.077961 0.077961 0.077961
8260 6.703709 6.703709 6.703709 0.077961 0.077961 0.077961
8270 6.703709 6.703709 6.703709 0.077961 0.077961 0.077961
8280 6.703709 6.703709 6.703709 0.077961 0.077961 0.077961
8290 6.703709 6.703709 6.703709 0.077961 0.077961 0.077961
8300 6.703709 6.703709 6.703709 0.077961 0.077961 0.077961
8310 6.703709 6.703709 6.703709 0.077961 0.077961 0.077961
8320 6.703709 6.703709 6.703709 0.077961 0.077961 0.077961
8330 6.703709 6.703709 6.703709 0.077961 0.077961 0.077961
8340 6.703709 6.703709 6.703709 0.077961 0.077961 0.077961
8350 6.703709 6.703709 6.703709 0.077961 0.077961 0.077961
8360 6.703709 6.703709 6.703709 0.077961 0.077961 0.077961
8370 6.703709 6.703709 6.703709 0.077961 0.077961 0.077961
8380 6.703709 6.703709 6.703709 0.077961 0.077961 0.077961
8390 6.703709 6.703709 6.703709 0.077961 0.077961 0.077961
8400 6.703709 6.703709 6.703709 0.077961 0.077961 0.077961
8410 6.703709 6.703709 6.703709 0.077961 0.077961 0.077961
8420 6.703709 6.703709 6.703709 0.077961 0.077961 0.077961
8430 6.703709 6.703709 6.703709 0.077961 0.077961 0.077961
8440 6.703709 6.703709 6.703709 0.077961 0.077961 0.077961
8450 6.703709 6.703709 6.703709 0.077961 0.077961 0.077961
8460 6.703709 6.703709 6.703709 0.077961 0.077961 0.077961
8470 6.703709 6.703709 6.703709 0.077961 0.077961 0.077961
8480 6.703709 6.703709 6.703709 0.077961 0.077961 0.077961
8490 6.703709 6.703709 6.703709 0.077961 0.077961 0.077961
8500 6.703709 6.703709 6.703709 0.077961 0.077961 0.077961
8510 6.703709 6.703709 6.703709 0.077961 0.077961 0.077961
8520 6.703709 6.703709 6.703709 0.077961 0.077961 0.077961
8530 6.703709 6.703709 6.703709 0.077961 0.077961 0.077961
8540 6.703709 6.703709 6.703709 0.077961 0.077961 0.077961
8550 6.703709 6.703709 6.703709 0.077961 0.077961 0.077961
8560 6.703709 6.703709 6.703709 0.077961 0.077961 0.077961
8570 6.703709 6.703709 6.703709 0.077961 0.077961 0.077961
8580 6.703709 6.703709 6.703709 0.077961 0.077961 0.077961
8590 6.703709 6.703709 6.703709 0.077961 0.077961 0.077961
8600 6.703709 6.703709 6.703709 0.077961 0.077961 0.077961
8610 6.703709 6.703709 6.703709 0.077961 0.077961 0.077961
8620 6.703709 6.703709 6.703709 0.077961 0.077961 0.077961
8630 6.703709 6.703709 6.703709 0.077961 0.077961 0.077961
8640 6.703709 6.703709 6.703709 0.077961 0.077961 0.077961
8650 6.703709 6.703709 6.703709 0.077961 0.077961 0.077961
8660 6.703709 6.703709 6.703709 0.077961 0.077961 0.077961
8670 6.703709 6.703709 6.703709 0.077961 0.077961 0.077961
8680 6.703709 6.703709 6.703709 0.077961 0.077961 0.077961
8690 6.703709 6.703709 6.703709 0.077961 0.077961 0.077961
8700 6.703709 6.703709 6.703709 0.077961 0.077961 0.077961
8710 6.703709 6.703709 6.703709 0.077961 0.077961 0.077961
8720 6.703709 6.703709 6.703709 0.077961 0.077961 0.077961
8730 6.703709 6.703709 6.703709 0.077961 0.077961 0.077961
8740 6.703709 6.703709 6.703709 0.077961 0.077961 0.077961
8750 6.703709 6.703709 6.703709 0.077961 0.077961 0.077961
8760 6.703709 6.703709 6.703709 0.077961 0.077961 0.077961
8770 6.703709 6.703709 6.703709 0.077961 0.077961 0.077961
8780 6.703709 6.703709 6.703709 0.077961 0.077961 0.077961
8790 6.703709 6.703709 6.703709 0.077961 0.077961 0.077961
8800 6.703709 6.703709 6.703709 0.077961 0.077961 0.077961
8810 6.703709 6.703709 6.703709 0.077961 0.077961 0.077961
8820 6.703709 6.703709 6.703709 0.077961 0.077961 0.077961
8830 6.703709 6.703709 6.703709 0.077961 0.077961 0.077961
8840 6.703709 6.703709 6.703709 0.077961 0.077961 0.077961
8850 6.703709 6.703709 6.703709 0.077961 0.077961 0.077961
8860 6.703709 6.703709 6.703709 0.077961 0.077961 0.077961
8870 6.703709 6.703709 6.703709 0.077961 0.077961 0.077961
8880 6.703709 6.703709 6.703709 0.077961 0.077961 0.077961
8890 6.703709 6.703709 6.703709 0.077961 0.077961 0.077961
8900 6.703709 6.703709 6.703709 0.077961 0.077961 0.077961
8910 6.703709 6.703709 6.703709 0.077961 0.077961 0.077961
8920 6.703709 6.703709 6.703709 0.077961 0.077961 0.077961
8930 6.703709 6.703709 6.703709 0.077961 0.077961 0.077961
8940 6.703709 6.703709 6.703709 0.077961 0.077961 0.077961
8950 6.703709 6.703709 6.703709 0.077961 0.077961 0.077961
8960 6.703709 6.703709 6.703709 0.077961 0.077961 0.077961
8970 6.703709 6.703709 6.703709 0.077961 0.077961 0.077961
8980 6.703709 6.703709 6.703709 0.077961 0.077961 0.077961
8990 6.703709 6.703709 6.703709 0.077961 0.077961 0.077961
9000 6.703709 6.703709 6.703709 0.077961 0.077961 0.077961
9010 6.703709 6.703709 6.703709 0.077961 0.077961 0.077961
9020 6.703709 6.703709 6.703709 0.077961 0.077961 0.077961
9030 6.703709 6.703709 6.703709 0.077961 0.077961 0.077961
9040 6.703709 6.703709 6.703709 0.077961 0.077961 0.077961
9050 6.703709 6.703709 6.703709 0.077961 0.077961 0.077961
9060 6.703709 6.703709 6.703709 0.077961 0.077961 0.077961
9070 6.703709 6.703709 6.703709 0.077961 0.077961 0.077961
9080 6.703709 6.703709 6.703709 0.077961 0.077961 0.077961
9090 6.703709 6.703709 6.703709 0.077961 0.077961 0.077961
9100 6.703709 6.703709 6.703709 0.077961 0.077961 0.077961
9110 6.703709 6.703709 6.703709 0.077961 0.077961 0.077961
9120 6.703709 6.703709 6.703709 0.077961 0.077961 0.077961
9130 6.703709 6.703709 6.703709 0.077961 0.077961 0.077961
9140 6.703709 6.703709 6.703709 0.077961 0.077961 0.077961
9150 6.703709 6.703709 6.703709 0.077961 0.077961 0.077961
9160 6.703709 6.703709 6.703709 0.077961 0.077961 0.077961
9170 6.703709 6.703709 6.703709 0.077961 0.077961 0.077961
9180 6.703709 6.703709 6.703709 0.077961 0.077961 0.077961
9190 6.703709 6.703709 6.703709 0.077961 0.077961 0.077961
9200 6.703709 6.703709 6.703709 0.077961 0.077961 0.077961
9210 6.703709 6.703709 6.703709 0.077961 0.077961 0.077961
9220 6.703709 6.703709 6.703709 0.077961 0.077961 0.077961
9230 6.703709 6.703709 6.703709 0.077961 0.077961 0.077961
9240 6.703709 6.703709 6.703709 0.077961 0.077961 0.077961
9250 6.703709 6.703709 6.703709 0.077961 0.077961 0.077961
9260 6.703709 6.703709 6.703709 0.077961 0.077961 0.077961
9270 6.703709 6.703709 6.703709 0.077961 0.077961 0.077961
9280 6.703709 6.703709 6.703709 0.077961 0.077961 0.077961
9290 6.703709 6.703709 6.703709 0.077961 0.077961 0.077961
9300 6.703709 6.703709 6.703709 0.077961 0.077961 0.077961
9310 6.703709 6.703709 6.703709 0.077961 0.077961 0.077961
9320 6.703709 6.703709 6.703709 0.077961 0.077961 0.077961
9330 6.703709 6.703709 6.703709 0.077961 0.077961 0.077961
9340 6.703709 6.703709 6.703709 0.077961 0.077961 0.077961
9350 6.703709 6.703709 6.703709 0.077961 0.077961 0.077961
9360 6.703709 6.703709 6.703709 0.077961 0.077961 0.077961
9370 6.703709 6.703709 6.703709 0.077961 0.077961 0.077961
9380 6.703709 6.703709 6.703709 0.077961 0.077961 0.077961
9390 6.703709 6.703709 6.703709 0.077961 0.077961 0.077961
9400 6.703709 6.703709 6.703709 0.077961 0.077961 0.077961
9410 6.703709 6.703709 6.703709 0.077961 0.077961 0.077961
9420 6.703709 6.703709 6.703709 0.077961 0.077961 0.077961
9430 6.703709 6.703709 6.703709 0.077961 0.077961 0.077961
9440 6.703709 6.703709 6.703709 0.077961 0.077961 0.077961
9450 6.703709 6.703709 6.703709 0.077961 0.077961 0.077961
9460 6.703709 6.703709 6.703709 0.077961 0.077961 0.077961
9470 6.703709 6.703709 6.703709 0.077961 0.077961 0.077961
9480 6.703709 6.703709 6.703709 0.077961 0.077961 0.077961
9490 6.703709 6.703709 6.703709 0.077961 0.077961 0.077961
9500 6.703709 6.703709 6.703709 0.077961 0.077961 0.077961
9510 6.703709 6.703709 6.703709 0.077961 0.077961 0.077961
9520 6.703709 6.703709 6.703709 0.077961 0.077961 0.077961
9530 6.703709 6.703709 6.703709 0.077961 0.077961 0.077961
9540 6.703709 6.703709 6.703709 0.077961 0.077961 0.077961
9550 6.703709 6.703709 6.703709 0.077961 0.077961 0.077961
9560 6.703709 6.703709 6.703709 0.077961 0.077961 0.077961
9570 6.703709 6.703709 6.703709 0.077961 0.077961 0.077961
9580 6.703709 6.703709 6.703709 0.077961 0.077961 0.077961
9590 6.703709 6.703709 6.703709 0.077961 0.077961 0.077961
9600 6.703709 6.703709 6.703709 0.077961 0.077961 0.077961
9610 6.703709 6.703709 6.703709 0.077961 0.077961 0.077961
9620 6.703709 6.703709 6.703709 0.077961 0.077961 0.077961
9630 6.703709 6.703709 6.703709 0.077961 0.077961 0.077961
9640 6.703709 6.703709 6.703709 0.077961 0.077961 0.077961
9650 6.703709 6.703709 6.703709 0.077961 0.077961 0.077961
9660 6.703709 6.703709 6.703709 0.077961 0.077961 0.077961
9670 6.703709 6.703709 6.703709 0.077961 0.077961 0.077961
9680 6.703709 6.703709 6.703709 0.077961 0.077961 0.077961
9690 6.703709 6.703709 6.703709 0.077961 0.077961 0.077961
9700 6.703709 6.703709 6.703709 0.077961 0.077961 0.077961
9710 6.703709 6.703709 6.703709 0.077961 0.077961 0.077961
9720 6.703709 6.703709 6.703709 0.077961 0.077961 0.077961
9730 6.703709 6.703709 6.703709 0.077961 0.077961 0.077961
9740 6.703709 6.703709 6.703709 0.077961 0.077961 0.077961
9750 6.703709 6.703709 6.703709 0.077961 0.077961 0.077961
9760 6.703709 6.703709 6.703709 0.077961 0.077961 0.077961
9770 6.703709 6.703709 6.703709 0.077961 0.077961 0.077961
9780 6.703709 6.703709 6.703709 0.077961 0.077961 0.077961
9790 6.703709 6.703709 6.703709 0.077961 0.077961 0.077961
9800 6.703709 6.703709 6.703709 0.077961 0.077961 0.077961
9810 6.703709 6.703709 6.703709 0.077961 0.077961 0.077961
9820 6.703709 6.703709 6.703709 0.077961 0.077961 0.077961
9830 6.703709 6.703709 6.703709 0.077961 0.077961 0.077961
9840 6.703709 6.703709 6.703709 0.077961 0.077961 0.077961
9850 6.703709 6.703709 6.703709 0.077961 0.077961 0.077961
9860 6.703709 6.703709 6.703709 0.077961 0.077961 0.077961
9870 6.703709 6.703709 6.703709 0.077961 0.077961 0.077961
9880 6.703709 6.703709 6.703709 0.077961 0.077961 0.077961
9890 6.703709 6.703709 6.703709 0.077961 0.077961 0.077961
9900 6.703709 6.703709 6.703709 0.077961 0.077961 0.077961
9910 6.703709 6.703709 6.703709 0.077961 0.077961 0.077961
9920 6.703709 6.703709 6.703709 0.077961 0.077961 0.077961
9930 6.703709 6.703709 6.703709 0.077961 0.077961 0.077961
9940 6.703709 6.703709 6.703709 0.077961 0.077961 0.077961
9950 6.703709 6.703709 6.703709 0.077961 0.077961 0.077961
9960 6.703709 6.703709 6.703709 0.077961 0.077961 0.077961
9970 6.703709 6.703709 6.703709 0.077961 0.077961 0.077961
9980 6.703709 6.703709 6.703709 0.077961 0.077961 0.077961
9990 6.703709 6.703709 6.703709 0.077961 0.077961 0.077961
10000 6.778944 6.778944 6.778944 0.079646 0.079646 0.079646
