617 67443 10 0.051800 4766 3179 3633 1
930 203004 10 0.055500 4964 3916 3522 1
525 96063 8 0.102800 5020 2364 2912 1
605 95573 10 0.083700 4103 3661 2701 1
643 139934 10 0.091700 4019 2646 2969 1
500 89771 9 0.089000 5779 2960 2766 0
835 166420 9 0.048400 4948 3711 3266 1
132 21869 12 0.082100 5503 3577 2263 1
638 120061 9 0.110400 5989 2340 2883 1
712 141991 13 0.121600 4904 2886 3894 1
621 86220 7 0.092500 4758 2405 2391 1
420 88458 13 0.110600 5224 3754 2994 1
352 43900 11 0.112800 4381 2899 2771 1
274 53443 12 0.096300 5140 2317 2706 1
252 40279 12 0.168800 5200 2778 2345 1
425 81458 10 0.111000 4273 2546 2227 1
664 90379 10 0.051400 4520 3433 2897 1
637 104598 12 0.088200 4823 2653 3812 1
917 147303 8 0.130400 4179 2470 3403 1
497 66277 7 0.091400 4670 2075 2097 1
907 188111 9 0.074300 5371 2788 2580 1
274 47079 10 0.091000 5505 3128 3658 1
999 98856 9 0.068700 5687 2603 2989 1
269 53792 12 0.167000 5015 2670 2711 1
118 18137 6 0.102800 4030 3491 2655 1
842 107893 9 0.046500 4671 3125 2953 1
354 44064 10 0.109200 4348 2339 2147 1
710 130364 6 0.087800 5153 2429 3432 1
638 101143 11 0.165800 5998 2487 3230 1
593 126525 13 0.089200 5361 2467 2409 1
111 19652 7 0.043200 4979 3121 3007 1
316 70670 12 0.050300 4372 3885 3214 1
609 132356 10 0.048100 5206 2833 2998 1
759 95873 10 0.062500 5541 3213 2603 1
197 25334 10 0.024300 4374 3283 2558 1
747 108481 12 0.096100 5827 2407 3040 1
428 82205 10 0.131500 4132 2556 2581 1
606 102259 9 0.064300 4121 2897 2245 1
272 66172 7 0.085100 5426 2924 2352 1
862 123547 6 0.064600 5810 2713 3647 1
791 95258 7 0.056600 4462 2548 3129 1
491 79035 7 0.134300 5475 2929 2088 1
160 32187 13 0.093700 4115 2759 2165 1
200 26036 10 0.094500 4204 3805 3716 1
760 146746 10 0.195900 5743 3505 3165 1
627 106209 10 0.157800 5654 3929 3604 1
229 33811 12 0.075200 5155 2043 3921 1
983 198115 9 0.032200 4343 2982 3578 1
598 92778 9 0.062600 4666 3434 2921 1
101 18459 8 0.088700 4143 2424 3577 1
368 52298 9 0.112500 5854 3632 3832 1
333 40759 9 0.056900 4869 2245 2667 0
454 88818 8 0.078400 4856 2317 2322 1
477 62666 12 0.050500 4398 3923 2977 1
898 208629 7 0.079000 5597 3976 2924 0
347 39042 10 0.146200 5848 2288 2461 1
424 66901 8 0.103200 4122 3017 3335 1
656 118965 11 0.107400 5468 3320 3411 1
790 98980 13 0.053300 5253 3644 3780 1
774 162533 9 0.033000 5682 2069 3748 1
451 76561 10 0.110000 4048 3479 3860 1
122 26108 11 0.116400 4978 2920 3860 1
852 181782 7 0.136300 5706 2736 2387 1
108 11808 8 0.103000 4224 2888 3050 1
337 44537 9 0.073700 4982 2055 2341 1
924 123344 12 0.081800 4171 3212 2975 1
678 127927 10 0.135900 4912 3749 2513 1
741 115558 9 0.151000 4566 3280 2685 1
393 61814 7 0.076200 4658 2193 3272 1
810 97883 12 0.121800 5393 3304 3190 1
293 45064 12 0.112200 5447 2290 2571 1
977 155210 13 0.105300 4926 2439 2070 1
688 115878 10 0.111900 5430 2653 2944 1
512 87133 8 0.156300 5959 3143 3885 1
429 68978 11 0.077100 4122 3988 2112 1
695 110971 10 0.124900 4631 2717 2714 1
879 115806 12 0.077000 5245 2568 2852 1
961 135364 11 0.094700 5334 3164 3931 1
318 61885 11 0.008900 4218 2408 2306 1
319 59151 8 0.147800 5705 3210 3168 1
865 158727 9 0.074700 4277 2373 3561 0
383 74896 11 0.107300 5267 2406 3178 1
565 126860 11 0.067100 4369 3090 3063 1
902 158250 12 0.101700 4511 3126 3444 1
392 53771 12 0.135500 4209 2878 2253 1
536 114348 12 0.083800 4635 3959 2808 1
913 160899 11 0.092400 5040 3752 3301 1
704 141320 11 0.139800 4888 2511 2906 0
805 154849 8 0.081200 4392 3447 3394 1
784 149407 7 0.121800 4646 2128 3761 1
768 153072 13 0.085000 4613 3740 2065 1
515 94881 11 0.152500 4391 3702 2691 1
866 136753 7 0.071100 5235 3624 2562 1
309 70548 10 0.074100 5491 3486 2956 1
582 72674 12 0.077100 5356 2297 2758 1
288 38016 8 0.158500 5862 2792 3155 1
974 161115 7 0.086800 4925 3268 3069 1
537 84346 12 0.056400 5185 3097 3036 1
884 166703 7 0.121300 4342 3079 3064 1
102 21444 7 0.067900 5353 2597 3938 1
