795 129610 9 0.091700 5482 2399 3476 1
431 35424 9 0.101800 5580 3271 2768 1
420 67709 10 0.115400 4420 3292 3112 1
109 15658 11 0.070500 4061 2519 2873 1
726 152850 14 0.140100 4146 2159 3776 1
242 34226 11 0.035500 5163 2948 3150 1
886 140796 11 0.117700 5919 2478 3450 1
915 131528 7 0.145100 5571 2470 2471 1
220 23347 8 0.110800 4801 3892 3988 1
867 168400 6 0.160600 5662 3725 3926 1
899 116161 12 0.036400 4115 3692 3685 1
314 40199 9 0.049100 5262 3484 2410 1
364 43237 7 0.093600 4583 3640 3143 1
564 83264 11 0.049700 4414 2248 2489 1
928 139375 9 0.009900 5143 3683 2004 1
178 14998 12 0.119400 5076 2715 3977 0
683 94413 14 0.011300 4700 3454 2931 1
451 60353 12 0.112100 5026 2645 3490 1
670 88854 10 0.088500 5564 3384 3102 1
386 70805 12 0.149100 5949 3599 2546 1
869 135782 10 0.105400 5540 2743 3463 1
899 109672 9 0.096600 4858 3124 2257 1
490 68081 6 0.043800 4251 3303 2569 1
815 146699 6 0.128800 4756 2186 2471 1
123 14747 11 0.148700 4883 3802 2792 1
424 43880 10 0.147100 4803 3093 2327 1
234 39493 8 0.127200 4742 3875 2232 1
316 54590 12 0.124200 4985 3455 2873 1
677 108145 8 0.055200 5962 3941 3838 1
148 22251 10 0.074300 4316 2599 2461 1
354 37974 8 0.170700 5012 3971 3809 1
458 62851 8 0.132000 5508 2413 2268 1
773 129749 10 0.134700 4314 2837 2200 1
433 54912 8 0.101000 5521 2078 2514 1
776 74105 10 0.092400 5482 3646 3268 1
433 83117 6 0.142900 5452 2682 3358 1
662 94343 9 0.095700 4003 2102 3922 1
394 45264 11 0.054800 4245 2076 2790 1
742 139661 12 0.081600 5905 3755 3648 0
677 119566 13 0.134900 5583 3238 3360 1
759 97489 11 0.100400 5907 3097 2730 1
929 188960 8 0.079100 5729 2957 3206 1
382 69271 8 0.060200 4152 2162 2067 1
147 21167 10 0.087800 4380 3162 2036 1
162 17434 10 0.137600 5574 2253 2346 1
716 94355 11 0.067700 5168 2282 2804 1
809 84298 8 0.117100 4378 3248 3262 1
223 27890 11 0.121600 5198 3929 3838 0
324 52964 12 0.156900 4083 2086 2078 1
653 79506 11 0.148300 4264 2359 2587 1
929 134810 11 0.073500 4533 2179 2043 1
583 79485 8 0.107600 5856 3833 3514 1
229 33412 7 0.020900 4087 3935 2375 1
144 23641 9 0.137700 5333 3073 3008 1
496 88048 11 0.055200 4937 2204 3937 1
733 85214 9 0.094000 5302 2163 3118 1
777 118112 10 0.171500 4627 3800 3552 1
727 109567 12 0.157100 5636 2114 3148 1
418 75832 7 0.077800 5261 2544 3581 1
938 158141 11 0.135100 5081 3515 2779 1
456 87453 9 0.164900 4689 2234 2705 1
659 61606 10 0.126200 5237 3722 3136 1
931 135047 10 0.118900 5592 2152 2751 1
985 140824 10 0.083500 4346 3450 2272 1
766 104679 10 0.056100 4785 2692 3174 1
681 91241 7 0.064300 4651 3035 3616 1
412 36243 8 0.068500 4437 2288 3300 0
880 91711 8 0.148200 5783 2233 3606 1
884 118454 14 0.032100 4007 2294 3823 1
655 83250 8 0.180700 5079 2736 2038 1
787 85055 10 0.175500 5375 2161 3760 1
126 14881 9 0.114900 5251 3581 3146 1
698 115106 14 0.042500 5434 2936 2449 1
305 44620 13 0.039000 4475 2843 2503 1
475 40604 13 0.066800 5882 2892 3974 1
330 47759 11 0.046900 4207 2964 3334 1
343 53601 12 0.125800 4296 2744 2648 1
502 74070 9 0.186400 4635 2054 3624 1
643 103889 6 0.142900 4691 3405 2064 1
463 80738 8 0.115000 5759 3866 2801 1
284 28241 6 0.072300 5374 2885 2217 1
442 72933 7 0.076200 4163 3398 3861 0
642 87365 8 0.027200 5939 2305 3277 1
769 92006 7 0.094900 4423 3071 2768 1
739 102060 9 0.040400 5782 2158 3157 1
273 57391 9 0.033500 4752 3514 2644 1
364 50509 10 0.115000 4882 3153 3410 1
582 108455 12 0.010900 5722 3258 3179 1
209 38159 12 0.080200 4586 3658 3661 1
573 70381 13 0.097100 4665 2908 3140 1
685 114004 11 0.098800 5719 3731 2514 1
171 23325 13 0.087300 4441 3362 3252 1
894 130227 11 0.091100 5836 2158 2061 1
840 141346 10 0.091000 5271 2149 3876 1
812 152111 10 0.148000 5329 2334 3565 1
223 33374 13 0.093800 5832 2511 3840 1
687 108845 12 0.087400 5325 3585 2648 1
793 152665 11 0.050000 5442 3872 3697 1
970 96109 9 0.040600 5880 3756 3464 1
649 106319 12 0.064000 5772 3683 2804 1
