996 537016 12 0.090100 5151 3073 3886 1
456 246977 12 0.119900 4339 3174 2426 1
167 78160 10 0.137600 5730 3067 3159 1
411 177267 11 0.122600 5102 3554 3855 1
744 365946 11 0.044300 4094 3714 2298 1
789 498284 7 0.072800 4427 3724 2973 0
930 352520 9 0.149300 4261 3117 2489 1
877 353659 11 0.112400 5640 2962 3230 1
282 109379 12 0.086800 4307 3073 3541 0
563 391976 10 0.149200 5241 2825 2157 1
842 512168 13 0.098000 5270 3531 2273 1
600 194689 10 0.141600 4666 3134 2716 1
203 96332 6 0.112300 5594 2033 2234 1
480 256701 12 0.149900 5074 3755 2104 1
209 63823 9 0.055100 5336 2200 3735 1
493 230086 12 0.148700 4663 3408 3809 1
857 401134 10 0.149400 5530 2195 3425 1
565 277219 11 0.186900 5473 3821 3613 1
249 158783 8 0.122700 5744 2163 2805 1
411 245144 13 0.070600 5031 3121 2668 1
926 699973 10 0.113100 5601 2783 3112 1
948 619260 13 0.181900 4527 3366 3567 0
244 135948 11 0.102200 5415 3690 2679 1
463 140733 11 0.059000 5799 3453 3059 1
787 560359 10 0.091900 5529 3819 3997 1
394 200366 7 0.129000 5791 2384 2297 1
802 426936 11 0.091000 5265 2306 3879 1
265 122343 10 0.025800 5526 2870 3153 1
670 380259 9 0.099200 5638 3883 3575 1
248 150390 10 0.054300 4910 2524 3862 1
254 123426 10 0.030100 4224 2612 2657 1
612 261690 8 0.151500 5545 3960 3213 1
228 76755 9 0.127900 4498 2072 2060 1
152 67371 10 0.154000 4210 2692 2480 1
970 519990 9 0.120500 5751 3184 3557 1
662 348708 7 0.087300 5673 3564 3992 1
650 426629 11 0.131700 4571 3714 2914 1
237 92788 7 0.084100 5010 2269 3602 1
102 42424 9 0.144500 5021 2828 2874 1
463 251066 11 0.023500 5651 2301 3753 1
907 574884 9 0.071900 5663 3426 3006 1
942 525426 12 0.031800 5549 2590 3826 1
720 363776 10 0.119400 4849 2578 3480 1
878 491150 11 0.058600 4098 2410 3447 1
635 436913 7 0.046000 5628 3455 3731 1
671 488468 12 0.166500 5619 3663 2458 1
191 115041 9 0.123100 5447 2175 2201 1
704 496912 10 0.064800 5549 2805 3921 0
475 298528 13 0.083000 5762 2971 2875 1
590 400918 9 0.132200 5133 2681 2300 1
307 153706 12 0.079300 4158 2650 3865 1
133 81335 9 0.182400 5539 3322 3987 1
158 108586 9 0.126900 4158 3644 2582 1
272 179610 6 0.038900 4590 2678 2462 1
297 132894 13 0.061800 5878 2928 3687 1
895 525055 10 0.089500 5908 3647 2301 1
568 319653 9 0.070000 4626 2956 2072 1
565 251901 13 0.135100 4580 2241 2025 1
322 182976 10 0.029300 4910 2838 2187 1
817 255190 10 0.041700 5596 3962 2040 1
422 238782 7 0.137100 5412 2917 2658 1
665 280412 12 0.044100 5447 2596 3686 1
382 143083 10 0.103800 4053 3925 2337 1
548 311523 11 0.051800 5619 3341 3468 1
668 364383 13 0.044100 5099 2118 3992 1
577 380300 8 0.117600 5840 3935 2722 1
724 483150 8 0.089300 4350 3134 3062 1
907 531913 10 0.055100 4073 3418 3930 1
427 155458 14 0.101900 5027 2099 2351 1
103 40376 12 0.022000 4458 3643 3827 1
623 325830 10 0.090800 5968 2216 3767 1
493 247457 7 0.125400 5234 2339 2166 1
376 203391 12 0.128600 5958 2308 3570 1
108 57395 9 0.059500 5322 3824 3166 1
173 103894 9 0.071700 5595 2168 3381 1
131 50447 9 0.086800 5431 3364 2145 1
464 348627 8 0.084200 4902 3382 2824 1
571 333574 13 0.088800 5683 3452 3290 1
179 131336 10 0.080800 5036 2647 2858 1
670 346783 9 0.042800 5348 3089 2826 1
978 479715 11 0.038000 4463 2733 2695 1
406 174569 10 0.057400 4050 2369 2888 1
966 694473 12 0.068800 4377 2902 2859 1
727 532093 8 0.067300 5934 2934 3397 1
122 80796 11 0.092000 5507 2470 2910 1
177 112441 9 0.083800 5846 2885 2500 1
752 284045 7 0.096700 4364 3753 3681 1
200 87907 7 0.119000 5685 2253 2515 1
838 247397 7 0.094100 5404 2928 3119 1
419 228253 7 0.069200 5769 2386 3721 1
139 53025 8 0.108200 4046 3602 3044 1
523 389512 10 0.087900 4155 3572 2248 1
591 314234 10 0.098800 5591 3786 3559 1
451 202172 14 0.120000 4067 2867 2487 1
827 429015 7 0.055200 4988 3432 3214 1
524 234428 11 0.111900 5029 2573 2475 1
254 100333 9 0.038400 4409 3726 2210 0
607 458875 9 0.026200 5953 2521 2959 1
653 436480 9 0.141700 4234 2778 2525 1
447 317975 9 0.046000 5231 3900 2915 1
