431 389695 7 0.074100 4802 2062 2763 1
654 866212 12 0.078700 4619 2584 3462 1
895 1305539 8 0.119100 4011 2419 2117 1
752 810230 14 0.098100 5527 3590 3486 1
218 222574 13 0.108000 5257 2284 2470 1
378 383642 6 0.129000 5547 2252 2360 1
996 821452 10 0.087500 5273 3919 2050 1
634 984220 11 0.170100 5714 2768 2285 1
668 941530 8 0.065300 4290 3242 2311 1
670 734263 6 0.058600 4598 3440 2256 1
816 787599 11 0.077200 5422 2676 2128 1
400 409018 10 0.166200 4294 3367 2890 1
213 217303 13 0.117700 5416 2759 2529 1
366 435384 10 0.044900 4175 2241 2445 1
676 810710 7 0.073400 4663 2949 3476 1
371 582696 8 0.099700 4237 3100 2055 1
844 725035 10 0.102400 4017 3123 3227 1
388 386949 9 0.106300 4567 3526 3599 1
617 700110 9 0.115800 5509 2094 3435 1
274 227804 10 0.083200 4012 3144 2653 1
959 866220 10 0.148800 4251 3775 3475 1
381 357952 9 0.077400 5916 2947 2067 1
390 421835 12 0.031700 4180 3525 2053 1
929 1314361 12 0.176000 4914 2626 3009 1
146 181701 8 0.058000 4120 3437 3999 1
921 1011832 6 0.074600 5481 2896 2381 1
512 505630 10 0.058000 4989 3696 2866 1
298 246006 9 0.098500 5865 2279 2896 1
666 612111 13 0.141300 4666 2848 3097 1
236 280327 13 0.098800 4487 2684 3341 1
821 958165 8 0.138900 5636 2774 3361 1
988 1464238 6 0.134100 5436 2532 3100 1
370 547710 9 0.059300 5646 3332 3294 1
618 581958 10 0.103100 4688 3788 2766 1
540 391466 10 0.004400 5898 3630 2946 1
139 179758 8 0.055700 5243 3285 3770 1
561 410463 10 0.160100 4460 2976 3566 1
800 815000 8 0.172300 5100 2097 3123 1
505 664310 13 0.121100 4240 2273 3051 1
713 746131 12 0.152800 4214 3364 2398 1
761 1059512 13 0.112400 5384 2323 2631 1
469 369575 11 0.112400 5376 3324 3324 1
337 479428 14 0.089700 5004 3012 3800 1
122 133693 11 0.096800 5216 2333 2600 1
637 613439 8 0.067400 5466 3067 2207 1
621 664549 14 0.066000 4346 3240 3846 1
126 150314 8 0.069300 5972 3205 2932 1
452 507098 10 0.076000 5292 3883 2968 0
465 639718 13 0.101000 5771 3389 3186 1
507 496300 10 0.130800 5339 2165 3676 1
474 710781 9 0.095300 5520 2655 3013 1
358 384806 8 0.041700 4925 3949 3609 1
610 468019 11 0.150800 4073 3894 3411 1
468 626792 14 0.127100 5123 2399 2280 1
401 501664 12 0.100800 4283 3009 2173 1
194 200989 11 0.123500 4089 3643 2596 0
703 600525 9 0.075400 4393 2990 3155 1
539 546053 10 0.161900 5842 3061 2870 0
178 112855 8 0.084300 4918 2037 3636 1
984 1296210 10 0.180200 5727 2861 3359 1
487 497534 7 0.065600 4731 2612 2991 1
155 205449 13 0.105500 4157 2191 3804 1
933 730644 9 0.080200 5462 2709 3935 1
530 802664 8 0.036900 5115 3740 3357 1
444 505154 11 0.135000 4926 2534 2626 1
606 753340 8 0.121000 4007 3114 2434 1
184 153896 13 0.053800 4653 2996 3274 1
853 793344 10 0.124900 5370 3371 3132 1
225 194655 8 0.135600 4125 2628 2207 1
643 465445 13 0.116600 4186 3815 3690 1
585 540133 7 0.060600 4200 2208 3003 1
507 711392 8 0.097600 5411 2743 2268 1
836 793921 8 0.123900 4808 2791 3406 1
981 825204 8 0.097300 5742 3262 3449 1
644 739672 12 0.102600 5253 2938 3880 1
421 468618 7 0.060400 4576 2776 2425 1
793 596747 14 0.096000 4471 3640 2207 1
207 287612 10 0.124500 4040 3895 2266 1
248 215616 13 0.113800 4522 3055 3188 1
287 454861 10 0.061900 5423 3278 3833 1
434 411280 9 0.107900 4769 3832 2081 1
162 136422 10 0.121600 4607 3578 2506 1
594 699833 11 0.170700 5685 2558 3010 0
272 323448 11 0.114500 5034 3088 2027 1
870 915407 9 0.137400 5218 2365 2802 1
854 1237106 13 0.039700 5933 3174 3188 1
218 313754 9 0.060300 4849 2370 2341 1
411 612077 6 0.127500 4434 2564 2563 1
967 1300894 10 0.146100 4413 3527 3899 1
758 507911 9 0.044800 5098 3205 2911 1
993 1130438 7 0.078100 4274 3598 2927 1
618 773358 10 0.090200 5907 2081 3796 1
196 288822 12 0.126900 4985 3434 2625 1
936 1196129 6 0.075300 5367 3728 2167 1
109 161795 9 0.144000 4623 3205 3928 1
239 363850 8 0.189900 5938 3710 2680 1
694 741431 14 0.169700 4253 3480 3564 0
757 907863 9 0.143900 4912 2663 3039 1
663 966242 9 0.125300 4795 3617 3112 1
912 978982 11 0.038900 5069 3769 3735 1
